0 0.3087962962962963 0.4466145833333333 0.03611111111111111 0.025520833333333392
0 0.9152777777777777 0.3278645833333333 0.05277777777777778 0.034895833333333307
0 0.33611111111111114 0.334375 0.05 0.025
0 0.5310185185185184 0.8104166666666666 0.03611111111111111 0.026041666666666696
0 0.6388888888888888 0.09348958333333332 0.04074074074074079 0.0390625
0 0.624074074074074 0.48359375 0.044444444444444446 0.0203125
0 0.1796296296296296 0.8174479166666666 0.05185185185185182 0.031770833333333214
0 0.5430555555555555 0.05208333333333333 0.05462962962962968 0.03645833333333333
0 0.26296296296296295 0.15208333333333332 0.040740740740740716 0.028125
0 0.18888888888888888 0.9432291666666666 0.04074074074074074 0.035416666666666784
0 0.5736111111111111 0.14296875 0.05277777777777778 0.0390625
0 0.49583333333333335 0.2645833333333333 0.05648148148148143 0.0416666666666667
0 0.46203703703703697 0.34635416666666663 0.05740740740740746 0.027083333333333303
0 0.3810185185185185 0.8661458333333332 0.03796296296296302 0.01875
0 0.17777777777777778 0.18984375 0.048148148148148155 0.0265625
0 0.7296296296296295 0.27578125 0.05555555555555555 0.034895833333333307
0 0.4861111111111111 0.37421875 0.04629629629629635 0.025520833333333305
0 0.32175925925925924 0.7385416666666667 0.03425925925925929 0.028125
0 0.6944444444444444 0.17604166666666665 0.06851851851851849 0.03541666666666665
0 0.6666666666666666 0.01015625 0.05 0.01927083333333333
0 0.5513888888888889 0.19739583333333333 0.05277777777777778 0.02395833333333335
0 0.3712962962962963 0.31354166666666666 0.05370370370370369 0.029166666666666695
0 0.22314814814814812 0.8877604166666666 0.03703703703703706 0.0265625
0 0.6365740740740741 0.22447916666666665 0.049074074074074124 0.0364583333333333
0 0.7486111111111111 0.21119791666666665 0.04537037037037048 0.03489583333333333
0 0.6680555555555555 0.3986979166666666 0.041666666666666664 0.03906249999999996
0 0.6 0.3028645833333333 0.04259259259259254 0.0359375
0 0.39166666666666666 0.42578125 0.059259259259259206 0.027604166666666607
0 0.22453703703703703 0.76875 0.03611111111111111 0.029166666666666608
0 0.7023148148148147 0.31197916666666664 0.04722222222222222 0.039583333333333304
0 0.24583333333333332 0.4028645833333333 0.041666666666666664 0.0328125
0 0.425 0.17005208333333333 0.029629629629629683 0.027604166666666652
0 0.2263888888888889 0.9135416666666666 0.07129629629629627 0.03125
0 0.49907407407407406 0.31796875 0.059259259259259206 0.0442708333333333
0 0.22268518518518515 0.8309895833333332 0.05277777777777778 0.0234375
0 0.28148148148148144 0.8236979166666666 0.06111111111111111 0.027604166666666784
0 0.40879629629629627 0.14453125 0.041666666666666664 0.0359375
0 0.4467592592592592 0.4916666666666666 0.06018518518518524 0.0375
0 0.5847222222222223 0.10494791666666665 0.04537037037037032 0.034895833333333334
0 0.5064814814814814 0.165625 0.044444444444444446 0.039583333333333345
0 0.3282407407407407 0.4638020833333333 0.041666666666666664 0.0265625
0 0.28148148148148144 0.33151041666666664 0.04259259259259262 0.0328125
0 0.7856481481481481 0.23541666666666666 0.050925925925926034 0.044791666666666695
0 0.45648148148148143 0.2421875 0.03333333333333333 0.030208333333333302
0 0.8592592592592592 0.34375 0.04629629629629619 0.025
0 0.18564814814814815 0.7388020833333333 0.05092592592592593 0.03385416666666661
0 0.7708333333333334 0.08697916666666666 0.058333333333333334 0.04270833333333333
0 0.85 0.6752604166666666 0.0574074074074073 0.0296875
0 0.5430555555555555 0.84921875 0.06018518518518524 0.0265625
0 0.1699074074074074 0.9833333333333332 0.04537037037037036 0.028125
0 0.46574074074074073 0.16796875 0.04074074074074079 0.03385416666666665
0 0.19768518518518516 0.12630208333333331 0.058333333333333334 0.03489583333333335
0 0.6699074074074074 0.4794270833333333 0.04537037037037032 0.024479166666666607
0 0.36018518518518516 0.8463541666666666 0.0351851851851852 0.030208333333333216
0 0.424537037037037 0.040625 0.04722222222222222 0.034375
0 0.5013888888888889 0.084375 0.03611111111111111 0.030208333333333327
0 0.35138888888888886 0.04270833333333333 0.04907407407407409 0.034374999999999996
0 0.23148148148148145 0.04817708333333333 0.04259259259259262 0.04010416666666666
0 0.5333333333333333 0.15572916666666664 0.03148148148148143 0.030208333333333347
0 0.8171296296296295 0.32578125 0.04537037037037048 0.030729166666666696
0 0.2796296296296296 0.5596354166666666 0.025925925925925953 0.0203125
0 0.9268518518518517 0.29401041666666666 0.05555555555555555 0.036979166666666695
0 0.7421296296296295 0.246875 0.041666666666666664 0.030208333333333302
0 0.5972222222222222 0.34140625 0.051851851851851906 0.022395833333333302
0 0.2879629629629629 0.9130208333333332 0.024074074074074046 0.020833333333333214
0 0.7152777777777778 0.05859375 0.07870370370370373 0.03489583333333333
0 0.2986111111111111 0.07630208333333333 0.04907407407407405 0.031770833333333325
0 0.22685185185185183 0.34010416666666665 0.05740740740740738 0.023958333333333304
0 0.8916666666666667 0.024739583333333332 0.04629629629629619 0.0421875
0 0.7717592592592593 0.27213541666666663 0.05462962962962952 0.0328125
0 0.2046296296296296 0.6549479166666666 0.05555555555555555 0.024479166666666607
0 0.23935185185185182 0.8518229166666667 0.039814814814814845 0.027604166666666784
0 0.7574074074074073 0.01901041666666667 0.04629629629629619 0.03072916666666666
0 0.2773148148148148 0.8640625 0.04722222222222222 0.029166666666666785
0 0.18796296296296294 0.8875 0.04074074074074074 0.039583333333333214
0 0.38796296296296295 0.83125 0.03148148148148143 0.035416666666666784
0 0.24814814814814815 0.18359375 0.05185185185185182 0.03072916666666665
0 0.7666666666666667 0.32369791666666664 0.05 0.031770833333333304
0 0.4231481481481481 0.36953125 0.05 0.025520833333333305
0 0.4523148148148148 0.80625 0.03240740740740746 0.028125
0 0.30277777777777776 0.00390625 0.03518518518518516 0.0078125
0 0.699074074074074 0.21328125 0.06111111111111103 0.028645833333333325
0 0.44259259259259254 0.3075520833333333 0.05740740740740746 0.027604166666666697
0 0.9472222222222222 0.01927083333333333 0.0574074074074073 0.035416666666666666
0 0.4731481481481481 0.09635416666666666 0.05740740740740746 0.029166666666666674
0 0.24537037037037035 0.3611979166666667 0.05555555555555555 0.027604166666666697
0 0.5689814814814814 0.013541666666666669 0.049074074074074124 0.026041666666666664
0 0.18657407407407406 0.840625 0.04722222222222222 0.01875
0 0.6175925925925926 0.3255208333333333 0.04814814814814809 0.026041666666666696
0 0.6310185185185185 0.40703125 0.03240740740740746 0.02864583333333335
0 0.16157407407407404 0.22109375 0.041666666666666644 0.04322916666666667
0 0.6175925925925926 0.005208333333333333 0.04629629629629635 0.009375
0 0.19166666666666668 0.7763020833333333 0.03888888888888889 0.0359375
0 0.5069444444444444 0.8291666666666666 0.06388888888888888 0.030208333333333216
0 0.8574074074074073 0.03671875 0.06111111111111111 0.0421875
0 0.19722222222222222 0.44609375 0.06111111111111111 0.022395833333333393
0 0.4097222222222222 0.01927083333333333 0.06388888888888888 0.028125
0 0.3046296296296296 0.046614583333333334 0.05740740740740738 0.027604166666666662
0 0.19814814814814813 0.9890625 0.03703703703703706 0.020833333333333214
0 0.29259259259259257 0.8877604166666666 0.05185185185185182 0.028645833333333214
0 0.8486111111111111 0.004947916666666667 0.06203703703703714 0.008854166666666666
0 0.2638888888888889 0.06276041666666667 0.044444444444444446 0.04010416666666667
0 0.15138888888888888 0.9908854166666666 0.037962962962962976 0.016145833333333214