0 0.4300078046677791 0.7866354044548652 0.03866412824473342 0.028135990621336406
0 0.35006710708069505 0.865767878077374 0.02925934029331182 0.02461899179366931
0 0.17607852997939435 0.6330597889800703 0.03448422248854609 0.026963657678780707
0 0.1766010181989178 0.8458382180539272 0.04179905756187405 0.030480656506447802
0 0.332824995836422 0.8452520515826494 0.042844034000920864 0.035169988276670595
0 0.686549520453781 0.9648300117233294 0.04806891619615518 0.0339976553341149
0 0.42635038713111517 0.9657092614302462 0.05851868058662364 0.04747948417350543
0 0.08725553266041204 0.8798358733880421 0.05120384551329568 0.030480656506447802
0 0.38246137669114744 0.9419695193434936 0.03552919892759299 0.028135990621336406
0 0.6588576448190394 0.7743259085580305 0.08255313868470116 0.0328253223915592
0 0.5637647888657761 0.6430246189917936 0.06374356278185794 0.048065650644783096
0 0.3098355141773913 0.6796600234466588 0.042844034000920864 0.03927315357561554
0 0.8950223200436278 0.6673505275498242 0.0595636570256705 0.027549824150058556
0 0.7330509719913659 0.9525205158264948 0.05329379839138933 0.042203985932004785
0 0.8887524614093466 0.6395076201641265 0.055383751269483056 0.0339976553341149
0 0.1807809239551052 0.7582063305978898 0.04388901043996773 0.03810082063305984
0 0.6625150623557035 0.6014067995310668 0.05224882195234262 0.02579132473622501
0 0.766490218040865 0.5958382180539273 0.04493398687901443 0.035756154747948445
0 0.12173975514895811 0.6362837045720985 0.04493398687901459 0.035756154747948445
0 0.6933418673075856 0.9305392731535755 0.047023939757108314 0.035756154747948445
0 0.6390030924771493 0.891852286049238 0.07210337429423269 0.03341148886283705
0 0.35111208351974194 0.7420867526377491 0.04806891619615518 0.029308323563892104
0 0.8014969287489346 0.7157092614302462 0.06478853922090481 0.02579132473622501
0 0.21474265822412786 0.6852286049237983 0.042844034000920864 0.029308323563892104
0 0.5695121592805337 0.8030480656506448 0.04388901043996773 0.03868698710433769
0 0.5073360611572462 0.7107268464243846 0.055383751269483056 0.04513481828839385
0 0.40127095259399076 0.6324736225087925 0.04597896331806145 0.03868698710433769
0 0.33439246049499227 0.6430246189917936 0.033439246049499265 0.0328253223915592
0 0.4733743268882234 0.7549824150058616 0.05642872770852991 0.0316529894490035
0 0.16092637161321505 0.876611957796014 0.052248821952342546 0.03341148886283705
0 0.5726470885976743 0.9349355216881594 0.05433877483043619 0.03985932004689339
0 0.7058815845761478 0.6740914419695193 0.049113892635202036 0.0316529894490035
0 0.40127095259399076 0.7998241500586166 0.05642872770852991 0.026377491207502858
0 0.17712350641844124 0.5908558030480656 0.04702393975710827 0.036342321219226294
0 0.8563581917988943 0.6975381008206331 0.06374356278185794 0.035169988276670595
0 0.7058815845761478 0.7341735052754983 0.051203845513295765 0.028722157092614255
0 0.3913436764230456 0.8704572098475968 0.03866412824473342 0.030480656506447802
0 0.4843465794982154 0.9038686987104338 0.05329379839138933 0.028135990621336406
0 0.8140366460174968 0.6116647127784292 0.05015886907424874 0.03927315357561554
0 0.3103580023969147 0.5583235638921453 0.05851868058662364 0.029894490035169953
0 0.5632423006462526 0.7033997655334115 0.06687849209899853 0.028135990621336406
0 0.7152863725275694 0.9850527549824151 0.05747370414757678 0.029894490035169953
0 0.6358681631600087 0.6861078546307151 0.07001342141613896 0.03692848769050414
0 0.9049495962145728 0.7488276670574443 0.060608633464717364 0.029894490035169953
0 0.2711713859326578 0.7379835873388042 0.04911389263520196 0.036342321219226294
0 0.33595992515356254 0.7195193434935522 0.07210337429423269 0.02286049237983594
0 0.6233284458914465 0.6424384525205158 0.0595636570256705 0.048065650644783096
0 0.5972040349152753 0.6576787807737398 0.03866412824473342 0.024618991793669488
0 0.9253266367759865 0.7025205158264948 0.047023939757108155 0.03341148886283705
0 0.7544729889918262 0.6781946072684643 0.05642872770852991 0.024618991793669488
0 0.7246911604789911 0.7042790152403283 0.047023939757108155 0.03223915592028135
0 0.14629670146655913 0.7409144196951934 0.04806891619615514 0.03868698710433769
0 0.4639695389368018 0.8581477139507621 0.033439246049499265 0.0316529894490035
0 0.7142413960885226 0.8039273153575616 0.06165360990376423 0.04044548651817124
0 0.4331427339849197 0.8707502930832357 0.047023939757108314 0.042790152403282634
0 0.5052461082791524 0.8528722157092614 0.05329379839138933 0.03751465416178199
0 0.21996754041936212 0.7391559202813599 0.0595636570256705 0.02579132473622501
0 0.8422510098717617 0.7491207502930832 0.05433877483043619 0.035169988276670595
0 0.10920003788039591 0.8144783118405627 0.0595636570256705 0.034583821805392746
0 0.7121514432104289 0.604630715123095 0.05747370414757678 0.04513481828839385
0 0.22519242261459635 0.7599648300117233 0.05120384551329568 0.02403282532239164
0 0.5172633373281912 0.8144783118405627 0.04388901043996773 0.034583821805392746
0 0.6421380217942899 0.9270222743259084 0.06792346853804523 0.03106682297772565
0 0.6719198503071251 0.9862250879249708 0.060608633464717364 0.027549824150058556
0 0.5595848831095886 0.6735052754982415 0.06374356278185794 0.02227432590855809
0 0.6107887286228844 0.7121922626025792 0.05747370414757678 0.0433763188745603
0 0.8098567402613095 0.7605509964830012 0.06896844497709226 0.03927315357561554
0 0.06635600387947503 0.9085580304806566 0.040754081122827183 0.035169988276670595