0 0.4597222222222222 0.15182291666666664 0.043518518518518574 0.031770833333333345
0 0.20092592592592592 0.04791666666666666 0.05370370370370371 0.026041666666666668
0 0.2759259259259259 0.26901041666666664 0.05925925925925928 0.024479166666666698
0 0.7462962962962962 0.21223958333333331 0.05555555555555555 0.0265625
0 0.7333333333333333 0.12630208333333331 0.04629629629629627 0.0359375
0 0.46018518518518514 0.121875 0.05 0.030208333333333347
0 0.6222222222222222 0.19375 0.03888888888888889 0.044791666666666674
0 0.7805555555555556 0.2692708333333333 0.03703703703703714 0.033333333333333305
0 0.8856481481481481 0.3171875 0.058333333333333334 0.023958333333333304
0 0.2157407407407407 0.21979166666666666 0.044444444444444446 0.035416666666666693
0 0.537962962962963 0.03463541666666666 0.044444444444444446 0.03489583333333333
0 0.14907407407407408 0.22604166666666664 0.05370370370370369 0.023958333333333304
0 0.28009259259259256 0.2497395833333333 0.062037037037037064 0.025520833333333305
0 0.6884259259259259 0.15703125 0.05648148148148151 0.03802083333333335
0 0.2861111111111111 0.06953125 0.048148148148148176 0.03697916666666665
0 0.6125 0.3192708333333333 0.03981481481481476 0.029166666666666695
0 0.6541666666666667 0.17213541666666665 0.06203703703703699 0.027604166666666652
0 0.7199074074074073 0.27838541666666666 0.037962962962962934 0.0380208333333333
0 0.7953703703703703 0.16979166666666665 0.04814814814814825 0.03645833333333335
0 0.7578703703703703 0.08307291666666666 0.058333333333333334 0.03802083333333332
0 0.6143518518518518 0.13619791666666664 0.049074074074074124 0.03802083333333335
0 0.6666666666666666 0.12109375 0.05370370370370365 0.03802083333333335
0 0.5689814814814814 0.15104166666666666 0.05277777777777778 0.03541666666666665
0 0.19537037037037036 0.07057291666666667 0.07037037037037037 0.0453125
0 0.8907407407407406 0.20729166666666665 0.05555555555555555 0.027083333333333327
0 0.7472222222222222 0.2731770833333333 0.03518518518518508 0.036979166666666695
0 0.5805555555555556 0.17369791666666665 0.06296296296296301 0.019270833333333348