0 0.22080378250591015 0.7098404255319148 0.044444444444444446 0.02819148936170208
0 0.21796690307328603 0.736968085106383 0.040661938534278935 0.03031914893617014
0 0.2364066193853428 0.2606382978723404 0.04917257683215131 0.03936170212765955
0 0.2349881796690307 0.2228723404255319 0.052009456264775385 0.02340425531914896
0 0.49172576832151293 0.7867021276595745 0.04160756501182037 0.03617021276595729
0 0.35224586288416077 0.31861702127659575 0.04822695035460996 0.03404255319148932
0 0.12576832151300235 0.1800531914893617 0.03593380614657211 0.021808510638297873
0 0.4955082742316785 0.3704787234042553 0.03782505910165478 0.0292553191489362
0 0.5120567375886524 0.8156914893617021 0.044444444444444446 0.03244680851063819
0 0.6094562647754137 0.8143617021276596 0.04066193853427901 0.028723404255319097
0 0.6198581560283688 0.01781914893617021 0.048226950354609874 0.03563829787234042
0 0.7196217494089835 0.3957446808510638 0.045390070921985805 0.03936170212765955
0 0.7546099290780142 0.06968085106382979 0.05106382978723395 0.03936170212765957
0 0.17494089834515367 0.3058510638297872 0.04349881796690309 0.028723404255319183
0 0.8250591016548463 0.43936170212765957 0.046335697399527156 0.04574468085106389
0 0.43782505910165487 0.16143617021276596 0.06430260047281328 0.026063829787234028
0 0.31394799054373523 0.28510638297872337 0.05295508274231674 0.02765957446808507
0 0.6028368794326241 0.7109042553191489 0.05200945626477546 0.033510638297872396
0 0.6633569739952718 0.44468085106382976 0.06903073286052006 0.028723404255319097
0 0.7413711583924351 0.863031914893617 0.04349881796690309 0.03351063829787222
0 0.18156028368794325 0.022074468085106387 0.07186761229314421 0.0398936170212766
0 0.3073286052009456 0.07606382978723404 0.05484633569739954 0.02978723404255319
0 0.6217494089834515 0.20478723404255317 0.05390070921985818 0.025531914893617013
0 0.7820330969267139 0.3098404255319149 0.05106382978723395 0.030319148936170225
0 0.9286052009456264 0.8659574468085106 0.04349881796690309 0.0382978723404257
0 0.3356973995271868 0.11117021276595744 0.0680851063829787 0.03936170212765959
0 0.5754137115839243 0.40611702127659577 0.044444444444444446 0.026063829787234028
0 0.32529550827423165 0.3856382978723404 0.051063829787234026 0.029787234042553214
0 0.6789598108747045 0.526595744680851 0.08321513002364074 0.03936170212765955
0 0.28037825059101656 0.30319148936170215 0.046335697399527156 0.02659574468085104
0 0.3375886524822695 0.4747340425531915 0.0472813238770686 0.019680851063829864
0 0.6283687943262412 0.2901595744680851 0.046335697399527156 0.03776595744680851
0 0.242080378250591 0.19388297872340426 0.03971631205673758 0.03244680851063828
0 0.667612293144208 0.22420212765957448 0.03971631205673765 0.03563829787234045
0 0.39905437352245865 0.36914893617021277 0.056737588652482254 0.044680851063829775
0 0.566903073286052 0.676063829787234 0.044444444444444446 0.044680851063829866
0 0.26430260047281323 0.05851063829787234 0.04822695035460996 0.03936170212765957
0 0.3900709219858156 0.28510638297872337 0.05957446808510632 0.029787234042553214
0 0.4340425531914894 0.12819148936170213 0.03971631205673765 0.03085106382978724
0 0.5815602836879433 0.2478723404255319 0.05484633569739954 0.025531914893617013
0 0.6297872340425532 0.7670212765957447 0.05106382978723411 0.0414893617021276
0 0.566903073286052 0.3853723404255319 0.08226950354609923 0.027127659574468055
0 0.6912529550827423 0.47579787234042553 0.06241134751773056 0.02925531914893611
0 0.35555555555555557 0.22340425531914893 0.05862884160756497 0.029787234042553214
0 0.150354609929078 0.2125 0.060520094562647765 0.03563829787234045
0 0.6406619385342789 0.6468085106382978 0.05011820330969275 0.036170212765957464
0 0.8401891252955082 0.3492021276595745 0.05390070921985802 0.027127659574468055
0 0.7796690307328605 0.7558510638297873 0.0614657210401892 0.03510638297872344
0 0.7650118203309693 0.8337765957446809 0.045390070921985805 0.034574468085106246
0 0.7333333333333333 0.09680851063829787 0.05011820330969259 0.044680851063829775
0 0.5153664302600472 0.7069148936170213 0.045390070921985805 0.036170212765957464
0 0.20378250591016547 0.3484042553191489 0.06524822695035463 0.02765957446808507
0 0.16643026004728131 0.7210106382978723 0.045390070921985805 0.027127659574468055
0 0.684160756501182 0.5018617021276596 0.07659574468085108 0.022872340425531944
0 0.15602836879432624 0.43803191489361704 0.04160756501182033 0.03031914893617014
0 0.6364066193853427 0.2521276595744681 0.04917257683215123 0.024468085106382986
0 0.7295508274231679 0.2872340425531915 0.07659574468085092 0.0329787234042553
0 0.29314420803782504 0.213031914893617 0.0699763593380615 0.03776595744680851
0 0.13286052009456265 0.4287234042553191 0.055791962174940896 0.03936170212765955
0 0.2553191489361702 0.2859042553191489 0.05862884160756497 0.028191489361702172
0 0.5895981087470449 0.6420212765957447 0.06335697399527192 0.024468085106382986