0 0.40380658436213984 0.12644675925925924 0.04835390946502053 0.03530092592592591
0 0.1162551440329218 0.012731481481481479 0.059670781893004114 0.025462962962962958
0 0.19958847736625512 0.25665509259259256 0.06584362139917693 0.02719907407407405
0 0.7222222222222222 0.1935763888888889 0.06172839506172825 0.02951388888888893
0 0.7078189300411523 0.09809027777777776 0.05144032921810704 0.03993055555555554
0 0.40432098765432095 0.0931712962962963 0.05555555555555555 0.03356481481481481
0 0.5843621399176955 0.17303240740740738 0.04320987654320984 0.04976851851851851
0 0.7602880658436214 0.2569444444444444 0.04115226337448551 0.03703703703703702
0 0.8770576131687242 0.3101851851851852 0.06481481481481492 0.02662037037037033
0 0.13271604938271606 0.20196759259259256 0.04938271604938274 0.03935185185185182
0 0.4907407407407407 0.0078125 0.0493827160493827 0.015625
0 0.05864197530864197 0.20891203703703703 0.059670781893004114 0.02662037037037033
0 0.20421810699588477 0.23524305555555552 0.06893004115226337 0.02835648148148149
0 0.6579218106995884 0.13223379629629628 0.06275720164609058 0.04224537037037037
0 0.21090534979423867 0.03501157407407407 0.053497942386831296 0.04108796296296295
0 0.573559670781893 0.3125 0.04423868312757201 0.03240740740740744
0 0.6198559670781892 0.1490162037037037 0.06893004115226344 0.03067129629629628
0 0.6929012345679012 0.26707175925925924 0.04218106995884767 0.04224537037037033
0 0.7767489711934156 0.14641203703703703 0.05349794238683122 0.04050925925925926
0 0.7350823045267489 0.05005787037037037 0.06481481481481492 0.04224537037037037
0 0.5756172839506172 0.10908564814814814 0.05452674897119339 0.04224537037037037
0 0.6337448559670781 0.09230324074074073 0.05967078189300407 0.04224537037037037
0 0.5252057613168725 0.1255787037037037 0.0586419753086419 0.03935185185185186
0 0.11008230452674896 0.036168981481481476 0.07818930041152261 0.05034722222222221
0 0.8827160493827161 0.1880787037037037 0.06172839506172825 0.030092592592592605
0 0.7232510288065844 0.2612847222222222 0.03909465020576117 0.04108796296296298
0 0.5380658436213992 0.15075231481481483 0.06995884773662545 0.021412037037037025