0 0.2384259259259259 0.3059895833333333 0.04722222222222222 0.0380208333333333
0 0.22361111111111112 0.7440104166666666 0.041666666666666664 0.0265625
0 0.23657407407407405 0.26979166666666665 0.05092592592592595 0.021875
0 0.4921296296296296 0.41276041666666663 0.03611111111111111 0.0265625
0 0.7462962962962962 0.04739583333333333 0.04629629629629619 0.03333333333333334
0 0.7101851851851851 0.4388020833333333 0.04259259259259254 0.03802083333333339
0 0.312037037037037 0.3286458333333333 0.05185185185185182 0.026041666666666696
0 0.6703703703703703 0.56640625 0.07962962962962969 0.0390625
0 0.24398148148148147 0.24140625 0.039814814814814845 0.0328125
0 0.6555555555555556 0.4864583333333333 0.06851851851851858 0.028125
0 0.9171296296296295 0.89765625 0.04537037037037048 0.0390625
0 0.8143518518518518 0.4817708333333333 0.04537037037037048 0.04375
0 0.17407407407407408 0.06328125 0.0648148148148148 0.040104166666666656
0 0.1787037037037037 0.35 0.044444444444444446 0.028125
0 0.772685185185185 0.35494791666666664 0.04907407407407397 0.028645833333333304
0 0.4444444444444444 0.10052083333333332 0.04259259259259254 0.0375
0 0.5717592592592592 0.4486979166666666 0.04537037037037032 0.024479166666666607
0 0.7537037037037037 0.8666666666666666 0.042592592592592696 0.035416666666666784
0 0.6601851851851852 0.2703125 0.03888888888888889 0.035416666666666693
0 0.574537037037037 0.2958333333333333 0.05277777777777778 0.025
0 0.6032407407407407 0.84609375 0.03981481481481476 0.0265625
0 0.7449074074074074 0.12109375 0.04907407407407397 0.03802083333333335
0 0.7689814814814814 0.7903645833333333 0.06018518518518508 0.03489583333333339
0 0.3509259259259259 0.36276041666666664 0.04629629629629627 0.0328125
0 0.5106481481481481 0.74140625 0.043518518518518574 0.0359375
0 0.5689814814814814 0.016666666666666666 0.06203703703703699 0.03333333333333333
0 0.28148148148148144 0.3473958333333333 0.04259259259259262 0.023958333333333304
0 0.39259259259259255 0.32369791666666664 0.05740740740740746 0.0296875
0 0.5069444444444444 0.8484375 0.04537037037037032 0.03229166666666679
0 0.4337962962962963 0.2052083333333333 0.06388888888888888 0.025
0 0.24305555555555555 0.1109375 0.045370370370370394 0.036458333333333336
0 0.6833333333333333 0.5166666666666666 0.06296296296296294 0.028125
0 0.17083333333333334 0.75546875 0.04351851851851851 0.0265625
0 0.6217592592592592 0.33671875 0.04537037037037032 0.0359375
0 0.6648148148148147 0.07838541666666667 0.05370370370370365 0.04947916666666667
0 0.33611111111111114 0.5151041666666666 0.04629629629629631 0.019791666666666607
0 0.2902777777777778 0.26171875 0.05648148148148151 0.0421875
0 0.30787037037037035 0.13151041666666666 0.054629629629629604 0.027604166666666652
0 0.21990740740740738 0.7697916666666667 0.039814814814814845 0.029166666666666608
0 0.724537037037037 0.14713541666666666 0.04907407407407405 0.0421875
0 0.6152777777777778 0.2515625 0.050925925925925875 0.023958333333333304
0 0.20694444444444443 0.3921875 0.06388888888888888 0.02604166666666665
0 0.1638888888888889 0.2106770833333333 0.03703703703703704 0.021354166666666674
0 0.4875 0.8200520833333332 0.03796296296296302 0.03385416666666678
0 0.3347222222222222 0.15963541666666664 0.06574074074074075 0.0359375
0 0.4777777777777778 0.04505208333333333 0.04074074074074079 0.03177083333333334
0 0.5972222222222222 0.74609375 0.05 0.0328125
0 0.32916666666666666 0.4260416666666666 0.054629629629629646 0.029166666666666608
0 0.3527777777777778 0.2895833333333333 0.06296296296296297 0.028125
0 0.8287037037037036 0.39401041666666664 0.05370370370370381 0.025520833333333305
0 0.1550925925925926 0.2591145833333333 0.06018518518518516 0.0328125
0 0.3958333333333333 0.41276041666666663 0.05462962962962968 0.04010416666666665
0 0.4305555555555556 0.17760416666666665 0.037037037037036986 0.03125
0 0.562037037037037 0.42890625 0.07962962962962969 0.027604166666666607
0 0.6328703703703703 0.68359375 0.049074074074074124 0.03385416666666661
0 0.13564814814814813 0.4708333333333333 0.05277777777777778 0.03645833333333339
0 0.5837962962962963 0.6791666666666666 0.06203703703703699 0.022916666666666606
0 0.675 0.54296875 0.07592592592592595 0.0234375
0 0.6101851851851852 0.07083333333333333 0.04259259259259254 0.03229166666666665
0 0.6222222222222222 0.8005208333333332 0.05 0.040625
0 0.1587962962962963 0.478125 0.0398148148148148 0.03125
0 0.7319444444444444 0.8947916666666667 0.04351851851851849 0.03229166666666679
0 0.13518518518518519 0.024479166666666663 0.05925925925925925 0.034375
0 0.7208333333333333 0.33307291666666666 0.07314814814814817 0.0296875
0 0.562037037037037 0.7111979166666667 0.04259259259259254 0.04427083333333339
0 0.6273148148148148 0.2981770833333333 0.04722222222222222 0.022395833333333302
0 0.5337962962962963 0.004947916666666667 0.04537037037037032 0.008854166666666666
0 0.2569444444444444 0.33046875 0.054629629629629604 0.0265625
0 0.21203703703703702 0.008072916666666666 0.06296296296296294 0.015104166666666669