0 0.3537037037037037 0.7216145833333333 0.04629629629629627 0.0328125
0 0.24398148148148147 0.6307291666666666 0.04351851851851849 0.025
0 0.21666666666666667 0.4486979166666666 0.03888888888888889 0.022395833333333393
0 0.18055555555555555 0.3942708333333333 0.05555555555555555 0.019791666666666652
0 0.35138888888888886 0.86953125 0.026851851851851866 0.011979166666666785
0 0.22037037037037036 0.3161458333333333 0.040740740740740716 0.035416666666666693
0 0.23425925925925925 0.4026041666666666 0.040740740740740716 0.028125
0 0.26435185185185184 0.8018229166666666 0.039814814814814845 0.0338541666666667
0 0.30787037037037035 0.8846354166666666 0.02870370370370373 0.0296875
0 0.44027777777777777 0.8463541666666666 0.041666666666666664 0.026041666666666786
0 0.29583333333333334 0.4697916666666666 0.045370370370370394 0.02083333333333339
0 0.6449074074074074 0.8169270833333332 0.041666666666666664 0.0328125
0 0.2777777777777778 0.3755208333333333 0.06666666666666667 0.028125
0 0.6087962962962963 0.76953125 0.04537037037037032 0.024479166666666607
0 0.19907407407407404 0.878125 0.0425925925925926 0.023958333333333214
0 0.3611111111111111 0.3942708333333333 0.03703703703703702 0.028125
0 0.812037037037037 0.7276041666666666 0.06481481481481492 0.033333333333333395
0 0.5527777777777778 0.39010416666666664 0.06666666666666667 0.026041666666666696
0 0.49583333333333335 0.7463541666666667 0.04537037037037032 0.02604166666666661
0 0.537962962962963 0.35026041666666663 0.04259259259259254 0.027604166666666697
0 0.45648148148148143 0.3494791666666667 0.03888888888888889 0.026041666666666696
0 0.7768518518518518 0.6919270833333333 0.03148148148148159 0.021354166666666608
0 0.18194444444444444 0.8416666666666666 0.04537037037037038 0.025
0 0.412037037037037 0.8231770833333332 0.03888888888888889 0.0265625
0 0.8592592592592592 0.7322916666666666 0.04814814814814825 0.029166666666666608
0 0.22037037037037036 0.47135416666666663 0.0796296296296296 0.027083333333333393
0 0.3842592592592592 0.8385416666666666 0.044444444444444446 0.04583333333333321
0 0.9282407407407406 0.8114583333333332 0.06388888888888888 0.03125
0 0.9504629629629628 0.6848958333333333 0.05462962962962952 0.03645833333333339
0 0.37916666666666665 0.6848958333333333 0.043518518518518574 0.03229166666666661
0 0.6736111111111112 0.9184895833333332 0.043518518518518574 0.0390625
0 0.32175925925925924 0.2802083333333333 0.037962962962962934 0.03125
0 0.6087962962962963 0.7036458333333333 0.041666666666666664 0.017708333333333392
0 0.824074074074074 0.8171875 0.042592592592592696 0.03229166666666679
0 0.31157407407407406 0.8434895833333332 0.039814814814814845 0.028645833333333214
0 0.1787037037037037 0.44609375 0.04074074074074074 0.031770833333333394
0 0.18657407407407406 0.8075520833333332 0.05277777777777778 0.0234375
0 0.8773148148148148 0.19375 0.06018518518518508 0.034375
0 0.20416666666666666 0.7486979166666666 0.037962962962962934 0.0234375
0 0.7611111111111111 0.8125 0.05555555555555555 0.030208333333333302
0 0.5087962962962963 0.7755208333333333 0.05277777777777778 0.030208333333333393
0 0.18333333333333332 0.32291666666666663 0.04074074074074074 0.033333333333333305
0 0.24675925925925923 0.6528645833333333 0.04722222222222222 0.021354166666666608
0 0.3898148148148148 0.3807291666666667 0.035185185185185236 0.035416666666666693
0 0.20277777777777778 0.5609375 0.05925925925925927 0.02604166666666661
0 0.3842592592592592 0.4158854166666666 0.044444444444444446 0.021354166666666608
0 0.8101851851851851 0.68984375 0.04629629629629619 0.021354166666666608
0 0.8611111111111112 0.7700520833333333 0.04814814814814825 0.031770833333333394
0 0.275 0.41640625 0.05370370370370373 0.0265625
0 0.17222222222222222 0.36979166666666663 0.05370370370370371 0.029166666666666695
0 0.18009259259259258 0.50625 0.04351851851851851 0.029166666666666608
0 0.22268518518518515 0.946875 0.04907407407407405 0.028125
0 0.29212962962962963 0.44010416666666663 0.058333333333333334 0.027083333333333393
0 0.4046296296296296 0.65859375 0.06296296296296301 0.024479166666666607
0 0.5402777777777777 0.8447916666666666 0.04537037037037032 0.028125
0 0.18055555555555555 0.2848958333333333 0.05370370370370371 0.0322916666666667
0 0.6703703703703703 0.6458333333333333 0.04629629629629635 0.02604166666666661
0 0.18148148148148147 0.9065104166666667 0.04074074074074074 0.0296875
0 0.2185185185185185 0.38125 0.05370370370370373 0.021875
0 0.3532407407407407 0.4932291666666666 0.050925925925925916 0.029166666666666608
0 0.6217592592592592 0.4796875 0.05277777777777778 0.02604166666666661
0 0.4259259259259259 0.5721354166666666 0.06481481481481476 0.027604166666666607
0 0.29768518518518516 0.7872395833333333 0.03425925925925929 0.030729166666666606
0 0.199537037037037 0.19244791666666666 0.06018518518518516 0.0296875
0 0.20787037037037034 0.82109375 0.037962962962962934 0.0234375
0 0.75 0.6822916666666666 0.04074074074074063 0.034375
0 0.4476851851851852 0.013802083333333331 0.058333333333333334 0.0265625
0 0.2175925925925926 0.9002604166666666 0.044444444444444446 0.031770833333333214
0 0.925 0.70546875 0.044444444444444446 0.03489583333333339
0 0.5180555555555556 0.36979166666666663 0.075 0.026041666666666696
0 0.14537037037037034 0.5690104166666666 0.048148148148148134 0.031770833333333394
0 0.16018518518518515 0.55234375 0.044444444444444425 0.021354166666666608
0 0.599537037037037 0.7927083333333333 0.06018518518518524 0.022916666666666606
0 0.24768518518518515 0.0046875 0.039814814814814845 0.009375
0 0.27824074074074073 0.0890625 0.026851851851851825 0.020833333333333325