0 0.24172607525612577 0.3906779661016949 0.03021575940701572 0.025423728813559344
0 0.35553876902255166 0.7666666666666667 0.052373982972160574 0.02824858757062145
0 0.24172607525612577 0.6022598870056497 0.04230206316982198 0.027118644067796537
0 0.5952504603182097 0.7641242937853108 0.04230206316982205 0.037853107344632694
0 0.4899988983837716 0.5398305084745763 0.03928048722912049 0.02655367231638426
0 0.41093432793541385 0.6209039548022599 0.028201375446547983 0.023728813559321972
0 0.5252506176919566 0.6124293785310735 0.031222951387249547 0.029378531073446366
0 0.6305021796263948 0.8666666666666666 0.036258911288418925 0.03389830508474567
0 0.4124451159057646 0.8234463276836157 0.047338023070991275 0.02655367231638408
0 0.5781281966542342 0.5661016949152542 0.04431644713028971 0.030508474576271104
0 0.18884849629384828 0.3937853107344633 0.04330925515005588 0.03502824858757059
0 0.6294949876461609 0.5553672316384181 0.04028767920935424 0.03841807909604515
0 0.4879845144233039 0.7197740112994351 0.0533811749523944 0.04406779661016955
0 0.7508616212643406 0.677683615819209 0.047338023070991435 0.03220338983050848
0 0.6682718788851644 0.46214689265536724 0.05136679099192675 0.04180790960451972
0 0.3358985254079914 0.4926553672316384 0.047338023070991275 0.03163841807909602
0 0.8233794438411783 0.34350282485875705 0.043309255150055806 0.03728813559322033
0 0.3736682246667611 0.31299435028248584 0.058417134853563785 0.03502824858757059
0 0.4446752592732481 0.6971751412429379 0.03525171930818502 0.02824858757062145
0 0.579638984624585 0.7957627118644067 0.027194183466314078 0.027683615819208994
0 0.47690540264073145 0.8279661016949152 0.04532363911052362 0.029943502824858824
0 0.7740270368097194 0.7367231638418079 0.05740994287332988 0.03163841807909602
0 0.37618620461734575 0.8782485875706214 0.05942432683379753 0.029943502824858824
0 0.13597091733157074 0.665819209039548 0.038273295248886584 0.037853107344632694
0 0.48949530239365463 0.7748587570621469 0.058417134853563785 0.041242937853107266
0 0.61489070393277 0.4240112994350283 0.05942432683379753 0.02316384180790969
0 0.24676203515729506 0.5138418079096045 0.04230206316982198 0.03446327683615813
0 0.41294871189588156 0.4951977401129944 0.04633083109075737 0.02881355932203391
0 0.2623735108509198 0.7799435028248587 0.04330925515005588 0.033333333333333395
0 0.2880569063468832 0.8974576271186441 0.03625891128841885 0.029943502824858824
0 0.8671922949813513 0.8129943502824858 0.04834521505122503 0.02598870056497162
0 0.6939552743811277 0.43389830508474575 0.06647467069543472 0.03389830508474585
0 0.3943156602615551 0.5991525423728813 0.043309255150055806 0.035593220338983045
0 0.9240986418645643 0.8008474576271187 0.05338117495239456 0.0322033898305083
0 0.46230111892734055 0.38587570621468925 0.04431644713028971 0.03728813559322042
0 0.21151031584911004 0.4980225988700565 0.05035959901169284 0.03672316384180796
0 0.7911493004736949 0.7016949152542373 0.05338117495239456 0.04180790960451972
0 0.24172607525612577 0.3480225988700565 0.04230206316982198 0.03389830508474576
0 0.5443872653163999 0.6559322033898305 0.05740994287332988 0.023728813559321972
0 0.8692066789418189 0.3573446327683616 0.04834521505122503 0.041242937853107356
0 0.9361849456273704 0.768361581920904 0.05942432683379769 0.03954802259887007
0 0.9623719371134508 0.49350282485875707 0.05942432683379769 0.027683615819208994
0 0.6687754748752813 0.9429378531073447 0.04834521505122518 0.029378531073446366
0 0.43107816754009093 0.7612994350282486 0.06043151881403144 0.02655367231638426
0 0.7010056182427647 0.6785310734463277 0.06446028673496691 0.027118644067796537
0 0.27949577451489543 0.4403954802259887 0.04129487118958815 0.027683615819208994
0 0.7639551170073808 0.4240112994350283 0.049352407031458934 0.031073446327683562
0 0.9432352894890075 0.38389830508474576 0.05338117495239456 0.03446327683615813
0 0.15359677698566326 0.6364406779661017 0.04935240703145901 0.025423728813559344
0 0.9507892293407613 0.41186440677966096 0.060431518814031596 0.02824858757062145
0 0.1752514045606912 0.5731638418079096 0.0584171348535637 0.033333333333333395
0 0.3963300442220229 0.39774011299435025 0.031222951387249547 0.03163841807909602
0 0.6239554317548747 0.39293785310734464 0.06143871079426535 0.045762711864406745
0 0.22359661961191635 0.85 0.04028767920935432 0.035593220338983045
0 0.22762538753285178 0.6330508474576271 0.05640275089309597 0.029943502824858824
0 0.310718725902145 0.9149717514124294 0.04129487118958815 0.029943502824858824
0 0.20546716396770692 0.7887005649717513 0.06244590277449918 0.02598870056497162
0 0.29007129030735096 0.5149717514124295 0.054388366932628315 0.025423728813559344
0 0.438128511401728 0.9432203389830509 0.04834521505122518 0.03107344632768374
0 0.7629479250271469 0.48276836158192094 0.047338023070991435 0.02655367231638426
0 0.7040271941834664 0.7745762711864407 0.05035959901169284 0.04293785310734464
0 0.4960420502651747 0.6237288135593221 0.04532363911052362 0.03841807909604515
0 0.8651779110208835 0.5073446327683616 0.06446028673496691 0.0361581920903955
0 0.9777158774373259 0.446875 0.04456824512534819 0.034375
0 0.5333081535338275 0.5073446327683616 0.05539555891286222 0.030508474576271104
0 0.7715090568591348 0.5533898305084746 0.06043151881403128 0.03898305084745761
0 0.4008624081330752 0.4740112994350283 0.07050343861637004 0.022598870056497234
0 0.565538296901311 0.6042372881355933 0.0533811749523944 0.035593220338983045
0 0.4547471790755866 0.6248587570621469 0.043309255150055806 0.030508474576271104
0 0.6662574949246967 0.8604519774011299 0.043309255150055806 0.03954802259886989
0 0.7815809766614733 0.4511299435028248 0.04431644713028971 0.03220338983050848
0 0.3736682246667611 0.434180790960452 0.04028767920935424 0.037853107344632694
0 0.811293140078372 0.42598870056497173 0.05136679099192675 0.022598870056497234
0 0.46481909887792516 0.5528248587570621 0.06143871079426535 0.02429378531073443
0 0.6974804463119463 0.6415254237288136 0.07151063059660395 0.031073446327683562
0 0.32028704971436667 0.7861581920903955 0.04834521505122518 0.02429378531073443
0 0.769998268888784 0.3522598870056497 0.05338117495239456 0.04237288135593218
0 0.5675526808617786 0.4627118644067797 0.05136679099192675 0.04293785310734464
0 0.6320129675967455 0.6844632768361583 0.05539555891286222 0.03898305084745761
0 0.9120123381017577 0.44209039548022594 0.063453094754733 0.03220338983050848
0 0.7448184693829375 0.7146892655367232 0.04532363911052362 0.030508474576271104
0 0.6108619360118345 0.7929378531073447 0.05539555891286222 0.037853107344632875
0 0.7166170939363895 0.522316384180791 0.07755378247800708 0.02881355932203391
0 0.8566167791888957 0.46214689265536724 0.05942432683379769 0.022598870056497234
0 0.22309302362179942 0.8090395480225988 0.05136679099192675 0.027118644067796537
0 0.8228758478510614 0.7935028248587571 0.04834521505122503 0.0322033898305083
0 0.17474780857057426 0.892090395480226 0.06143871079426531 0.027118644067796537
0 0.45122200714476807 0.8002824858757063 0.05640275089309597 0.02655367231638408
0 0.7312213776497805 0.7406779661016949 0.058417134853563785 0.03163841807909602
0 0.7689910769085501 0.7903954802259887 0.05136679099192675 0.03163841807909602
0 0.8994224383488346 0.49491525423728816 0.05237398297216066 0.03276836158192094
0 0.7231638418079096 0.35084745762711866 0.05237398297216066 0.02372881355932206
0 0.6833797585886723 0.3946327683615819 0.047338023070991275 0.037853107344632694
0 0.6581999590828258 0.40847457627118644 0.03928048722912049 0.025988700564971802
0 0.2875533103567663 0.49491525423728816 0.05740994287332988 0.023728813559321972
0 0.620933855814173 0.4545197740112994 0.063453094754733 0.02655367231638426
0 0.6677682828950474 0.3751412429378531 0.032230143367483456 0.016949152542372836