0 0.21412135158047715 0.15353260869565216 0.050381494489524024 0.042934782608695654
0 0.47959307254450767 0.26603260869565215 0.038754995761172355 0.030978260869565233
0 0.5532275644907351 0.5817934782608696 0.04263049533728953 0.042934782608695696
0 0.5919825602519074 0.6168478260869565 0.050381494489524024 0.033695652173913085
0 0.1734286060312462 0.017934782608695653 0.04069274554923094 0.030434782608695653
0 0.33668402567518474 0.21141304347826084 0.04747486980743611 0.035869565217391305
0 0.4757175729683904 0.6964673913043479 0.04263049533728953 0.03641304347826093
0 0.7101852973234831 0.29130434782608694 0.0465059949134067 0.04130434782608692
0 0.19522829114690565 0.6445652173913043 0.04359937023131886 0.033695652173913085
0 0.6297686811190505 0.5502717391304348 0.050381494489524024 0.03641304347826093
0 0.7557224173428606 0.7423913043478261 0.04456824512534819 0.036956521739130464
0 0.8201525977958095 0.3342391304347826 0.04747486980743627 0.048913043478260844
0 0.21315247668644785 0.11739130434782608 0.05425699406564128 0.02608695652173911
0 0.3163376529005692 0.3744565217391304 0.049412619595494776 0.023913043478260843
0 0.19861935327600821 0.6176630434782608 0.046505994913406776 0.02771739130434785
0 0.7339227322272011 0.7730978260869565 0.045537120019377444 0.03423913043478262
0 0.15162892091558677 0.20054347826086957 0.04747486980743611 0.03043478260869561
0 0.5648540632190868 0.30190217391304347 0.04844374470146536 0.02663043478260869
0 0.6525372411287392 0.34157608695652175 0.07072786726413946 0.029891304347826074
0 0.5004238827661378 0.6125 0.045537120019377444 0.03586956521739122
0 0.776068790117476 0.2010869565217391 0.052319244277582534 0.032608695652173926
0 0.5963424972750393 0.7239130434782608 0.043599370231318935 0.027173913043478316
0 0.6118444955795083 0.09157608695652174 0.05522586895967061 0.027717391304347826
0 0.22041903839166765 0.08532608695652173 0.0397238706552016 0.035869565217391305
0 0.9291510233741067 0.7744565217391304 0.04844374470146552 0.03913043478260878
0 0.6573816155988857 0.11358695652173914 0.0397238706552016 0.03913043478260869
0 0.3812522708005329 0.264945652173913 0.059101368535787784 0.04510869565217392
0 0.29260021799685115 0.1779891304347826 0.05425699406564128 0.028804347826086964
0 0.49654838319002054 0.7252717391304347 0.04747486980743611 0.0320652173913043
0 0.8356545961002786 0.24239130434782608 0.0532881191716121 0.027173913043478225
0 0.339106212910258 0.08777173913043478 0.056194743853699866 0.03858695652173914
0 0.724233983286908 0.002717391304347826 0.045537120019377444 0.005434782608695652
0 0.6186266198377134 0.6752717391304348 0.05328811917161194 0.042934782608695696
0 0.6820879253966332 0.37228260869565216 0.0620079932178757 0.0304347826086957
0 0.25772072181179606 0.19809782608695653 0.04844374470146544 0.029891304347826074
0 0.669492551774252 0.42527173913043476 0.0852609906745792 0.039673913043478316
0 0.12643817367082474 0.10489130434782608 0.06491461789996365 0.03804347826086958
0 0.13225142303500062 0.33804347826086956 0.04166162044326027 0.035869565217391305
0 0.27419159501029433 0.10516304347826086 0.07557224173428603 0.041847826086956495
0 0.6186266198377134 0.18125 0.049412619595494776 0.03858695652173916
0 0.30325784183117355 0.2842391304347826 0.056194743853699866 0.032608695652173926
0 0.40934964272738283 0.057880434782608695 0.06491461789996363 0.029891304347826074
0 0.6239554317548747 0.14239130434782607 0.054256994065641356 0.025
0 0.18117960518348067 0.24347826086956523 0.06782124258205162 0.0304347826086957
0 0.14097129708126438 0.6293478260869565 0.04553712001937748 0.028260869565217384
0 0.5537120019377497 0.2807065217391304 0.08622986556860845 0.02771739130434785
0 0.5813249364175851 0.8434782608695652 0.052319244277582694 0.035869565217391396
0 0.673852488797384 0.4008152173913043 0.0765411166283153 0.02119565217391308
0 0.37156352186023983 0.17907608695652172 0.06491461789996363 0.03315217391304346
0 0.3056800290662468 0.0038043478260869567 0.07072786726413953 0.007608695652173913
0 0.7198740462637762 0.1796195652173913 0.07750999152234471 0.03206521739130434
0 0.10609180089620929 0.32907608695652174 0.05522586895967057 0.040760869565217385
0 0.5726050623713212 0.1391304347826087 0.05813249364175853 0.028260869565217384
0 0.5759961245004238 0.5459239130434782 0.061039118323846446 0.02119565217391308
0 0.7731621654353881 0.661141304347826 0.06394574300593421 0.03641304347826093
0 0.23301441201404866 0.1796195652173913 0.061039118323846446 0.029891304347826074