0 0.46018518518518514 0.058854166666666666 0.15555555555555556 0.06979166666666667
0 0.2912037037037037 0.68125 0.04907407407407405 0.03541666666666661
0 0.3819444444444444 0.4953125 0.043518518518518574 0.022916666666666606
0 0.7851851851851851 0.34869791666666666 0.059259259259259366 0.0265625
0 0.9291666666666667 0.02890625 0.05462962962962952 0.03802083333333332
0 0.5680555555555555 0.7268229166666667 0.043518518518518574 0.027604166666666607
0 0.7175925925925926 0.26822916666666663 0.05 0.039583333333333304
0 0.16342592592592592 0.9854166666666666 0.06018518518518516 0.029166666666666785
0 0.5967592592592592 0.5125 0.050925925925925875 0.030208333333333393
0 0.412037037037037 0.6364583333333333 0.06296296296296301 0.030208333333333393
0 0.17824074074074073 0.1984375 0.06944444444444445 0.04375
0 0.4421296296296296 0.5296875 0.050925925925925875 0.040625
0 0.9189814814814814 0.4286458333333333 0.05277777777777778 0.0375
0 0.25972222222222224 0.6651041666666666 0.04722222222222222 0.03645833333333339
0 0.2435185185185185 0.15416666666666665 0.04259259259259262 0.038541666666666655
0 0.21157407407407405 0.35104166666666664 0.041666666666666664 0.029166666666666695
0 0.3560185185185185 0.6388020833333333 0.060185185185185196 0.0359375
0 0.49166666666666664 0.7317708333333333 0.044444444444444446 0.023958333333333394
0 0.5319444444444444 0.7518229166666666 0.08055555555555556 0.027604166666666607
0 0.21944444444444444 0.7484375 0.05740740740740738 0.030208333333333393
0 0.29814814814814816 0.8825520833333332 0.027777777777777776 0.024479166666666784
0 0.7782407407407407 0.07526041666666666 0.06944444444444445 0.03802083333333332
0 0.8523148148148147 0.16640625 0.050925925925926034 0.03489583333333335
0 0.22037037037037036 0.01171875 0.04259259259259262 0.02239583333333333
0 0.7833333333333333 0.3091145833333333 0.06851851851851841 0.024479166666666698
0 0.26296296296296295 0.853125 0.05 0.030208333333333216
0 0.649074074074074 0.2184895833333333 0.06296296296296301 0.036979166666666674
0 0.6185185185185185 0.7049479166666666 0.059259259259259206 0.0265625
0 0.7722222222222223 0.8643229166666666 0.044444444444444446 0.0359375
0 0.21712962962962962 0.6471354166666666 0.045370370370370394 0.030729166666666606
0 0.1921296296296296 0.5520833333333333 0.05092592592592593 0.025
0 0.624074074074074 0.525 0.04629629629629635 0.022916666666666606
0 0.13657407407407407 0.559375 0.0398148148148148 0.029166666666666608
0 0.3560185185185185 0.51875 0.04351851851851853 0.03229166666666661
0 0.5287037037037037 0.55078125 0.05740740740740746 0.022395833333333393
0 0.4268518518518518 0.7283854166666666 0.04074074074074079 0.025520833333333392
0 0.6037037037037036 0.8307291666666666 0.04074074074074079 0.034375
0 0.3967592592592592 0.7059895833333333 0.041666666666666664 0.031770833333333394
0 0.5296296296296296 0.7143229166666666 0.037037037037036986 0.024479166666666607
0 0.7680555555555556 0.4182291666666666 0.056481481481481584 0.025
0 0.775 0.4388020833333333 0.051851851851851746 0.0296875
0 0.6759259259259258 0.34010416666666665 0.06111111111111111 0.030208333333333302
0 0.7708333333333334 0.32734375 0.041666666666666664 0.030729166666666696
0 0.30694444444444446 0.5880208333333333 0.04907407407407405 0.03541666666666661
0 0.6592592592592592 0.28619791666666666 0.05740740740740746 0.0203125
0 0.6958333333333333 0.47265625 0.07314814814814817 0.027604166666666607
0 0.4282407407407407 0.6783854166666666 0.049074074074074124 0.0203125
0 0.1412037037037037 0.6739583333333333 0.04351851851851853 0.03541666666666661
0 0.7337962962962962 0.1046875 0.04722222222222222 0.03541666666666665
0 0.6416666666666667 0.6859375 0.059259259259259206 0.027083333333333393
0 0.22268518518518515 0.6002604166666666 0.058333333333333334 0.031770833333333394
0 0.7134259259259259 0.9096354166666666 0.05277777777777778 0.04010416666666679
0 0.3 0.06796875 0.06666666666666667 0.03385416666666665
0 0.8981481481481481 0.27421875 0.03703703703703714 0.031770833333333304
0 0.1509259259259259 0.05963541666666666 0.05925925925925927 0.04010416666666667
0 0.7231481481481481 0.3395833333333333 0.05555555555555555 0.03125
0 0.14444444444444443 0.7677083333333333 0.05 0.02604166666666661
0 0.18564814814814815 0.8109375 0.06203703703703704 0.0322916666666667
0 0.20787037037037034 0.2453125 0.037962962962962934 0.029166666666666695
0 0.38333333333333336 0.6114583333333333 0.05925925925925925 0.03645833333333339
0 0.699074074074074 0.3671875 0.055555555555555476 0.035416666666666693
0 0.3074074074074074 0.6223958333333333 0.06296296296296294 0.023958333333333394
0 0.6064814814814814 0.7268229166666667 0.04259259259259254 0.024479166666666607
0 0.1726851851851852 0.5296875 0.050925925925925916 0.025
0 0.24166666666666667 0.6919270833333333 0.05555555555555555 0.024479166666666607
0 0.9125 0.7708333333333333 0.04537037037037048 0.029166666666666608
0 0.21018518518518517 0.8515625 0.03333333333333333 0.020833333333333214
0 0.637962962962963 0.6283854166666666 0.05740740740740746 0.0234375
0 0.4236111111111111 0.659375 0.049074074074074124 0.021875
0 0.47407407407407404 0.81640625 0.03148148148148143 0.027604166666666784
0 0.5648148148148148 0.7700520833333333 0.05555555555555555 0.02864583333333339
0 0.3134259259259259 0.53984375 0.06944444444444445 0.024479166666666607
0 0.4856481481481481 0.25729166666666664 0.05648148148148143 0.027083333333333303
0 0.2907407407407407 0.7239583333333333 0.05185185185185182 0.02083333333333339
0 0.6166666666666667 0.5825520833333333 0.03888888888888889 0.0296875
0 0.6847222222222222 0.6244791666666666 0.05277777777777778 0.04583333333333339
0 0.33842592592592585 0.5802083333333333 0.04166666666666663 0.02604166666666661
0 0.625 0.89296875 0.022222222222222223 0.019270833333333216
0 0.7125 0.3143229166666667 0.058333333333333334 0.0265625
0 0.16944444444444445 0.7544270833333333 0.044444444444444446 0.0234375
0 0.47638888888888886 0.00546875 0.050925925925925875 0.009895833333333331
0 0.3162037037037037 0.6979166666666666 0.04351851851851849 0.029166666666666608
0 0.6310185185185185 0.61015625 0.06018518518518524 0.019270833333333393
0 0.7287037037037036 0.8859375 0.05185185185185182 0.0375