0 0.46898148148148144 0.5817708333333333 0.14907407407407414 0.05833333333333339
0 0.34768518518518515 0.06901041666666666 0.0398148148148148 0.04010416666666667
0 0.6 0.4661458333333333 0.04259259259259254 0.03541666666666661
0 0.3527777777777778 0.03515625 0.0351851851851852 0.0265625
0 0.25787037037037036 0.6481770833333333 0.039814814814814845 0.03489583333333339
0 0.5782407407407407 0.48671875 0.043518518518518574 0.0359375
0 0.3143518518518518 0.03984375 0.04722222222222222 0.0359375
0 0.47129629629629627 0.15078125 0.059259259259259206 0.0359375
0 0.6527777777777778 0.7247395833333333 0.06111111111111111 0.031770833333333394
0 0.7995370370370369 0.6630208333333333 0.043518518518518415 0.029166666666666608
0 0.2435185185185185 0.4106770833333333 0.044444444444444446 0.0265625
0 0.1949074074074074 0.2848958333333333 0.041666666666666664 0.019791666666666697
0 0.700462962962963 0.056770833333333326 0.04537037037037032 0.04270833333333333
0 0.6546296296296296 0.08958333333333332 0.06296296296296301 0.028125
0 0.22175925925925924 0.7354166666666666 0.03611111111111111 0.03125
0 0.9148148148148147 0.93203125 0.05370370370370381 0.04427083333333322
0 0.35555555555555557 0.3833333333333333 0.04259259259259258 0.027083333333333303
0 0.7851851851851851 0.8138020833333333 0.06851851851851841 0.030729166666666696
0 0.17314814814814813 0.5598958333333333 0.05555555555555555 0.034375
0 0.20740740740740737 0.07109375 0.06111111111111111 0.047395833333333325
0 0.7231481481481481 0.7776041666666667 0.05 0.0375
0 0.18888888888888888 0.6934895833333333 0.06481481481481483 0.0421875
0 0.7736111111111111 0.9375 0.05277777777777778 0.027083333333333216
0 0.21064814814814814 0.2046875 0.04722222222222222 0.039583333333333325
0 0.7782407407407407 0.5940104166666667 0.0675925925925927 0.0328125
0 0.23333333333333334 0.5018229166666666 0.03888888888888889 0.04427083333333339
0 0.7472222222222222 0.17682291666666666 0.0574074074074073 0.025520833333333347
0 0.8263888888888888 0.1880208333333333 0.04722222222222222 0.03749999999999998
0 0.6351851851851852 0.4528645833333333 0.04814814814814809 0.025520833333333392
0 0.29259259259259257 0.011979166666666666 0.05 0.02291666666666667
0 0.274074074074074 0.06927083333333332 0.044444444444444446 0.02604166666666665
0 0.22314814814814812 0.8341145833333332 0.03703703703703706 0.025520833333333215
0 0.4939814814814814 0.28463541666666664 0.05462962962962968 0.0234375
0 0.22685185185185183 0.33697916666666666 0.05370370370370373 0.029166666666666695
0 0.16342592592592592 0.3466145833333333 0.0324074074074074 0.030729166666666696
0 0.7046296296296295 0.9625 0.055555555555555476 0.027083333333333216
0 0.18194444444444444 0.25338541666666664 0.05092592592592593 0.030729166666666696
0 0.26064814814814813 0.15651041666666665 0.054629629629629604 0.02864583333333335
0 0.23333333333333334 0.2598958333333333 0.044444444444444446 0.042708333333333307
0 0.24259259259259258 0.13880208333333333 0.05925925925925928 0.0265625
0 0.5611111111111111 0.7065104166666666 0.04259259259259254 0.031770833333333394
0 0.6273148148148148 0.24010416666666665 0.06388888888888888 0.03125
0 0.6763888888888889 0.840625 0.058333333333333334 0.029166666666666785
0 0.735185185185185 0.6252604166666667 0.05185185185185182 0.030729166666666606
0 0.7023148148148147 0.8669270833333332 0.05277777777777778 0.0296875
0 0.9319444444444445 0.553125 0.04907407407407397 0.03229166666666661
0 0.4439814814814814 0.5489583333333333 0.049074074074074124 0.02083333333333339
0 0.1875 0.9924479166666667 0.039814814814814824 0.015104166666666785
0 0.17314814814814813 0.075 0.05 0.03541666666666665
0 0.7680555555555556 0.91640625 0.05462962962962952 0.027604166666666784
0 0.28703703703703703 0.29244791666666664 0.05555555555555555 0.031770833333333304
0 0.15925925925925924 0.4575520833333333 0.044444444444444446 0.0265625
0 0.4962962962962963 0.12578125 0.06111111111111111 0.0328125
0 0.3125 0.5736979166666666 0.06574074074074071 0.0265625
0 0.4722222222222222 0.4625 0.03888888888888889 0.02083333333333339
0 0.47870370370370363 0.5119791666666667 0.04814814814814809 0.02604166666666661
0 0.474537037037037 0.0546875 0.03796296296296302 0.03125
0 0.6625 0.78671875 0.05648148148148143 0.022395833333333393
0 0.19027777777777777 0.04244791666666666 0.04907407407407405 0.021354166666666667
0 0.7152777777777778 0.8169270833333332 0.06018518518518516 0.027604166666666784
0 0.7851851851851851 0.8510416666666666 0.0574074074074073 0.026041666666666786
0 0.19166666666666668 0.4794270833333333 0.07222222222222222 0.022395833333333393
0 0.7259259259259259 0.84296875 0.05555555555555555 0.031770833333333214
0 0.8962962962962961 0.7822916666666666 0.03703703703703714 0.03229166666666661
0 0.1726851851851852 0.006510416666666666 0.04351851851851853 0.011979166666666666
0 0.21944444444444444 0.12005208333333332 0.06111111111111111 0.0296875
0 0.44166666666666665 0.003645833333333333 0.03888888888888889 0.007291666666666666
0 0.3935185185185185 0.003645833333333333 0.03333333333333333 0.007291666666666666