0 0.38379629629629625 0.36744791666666665 0.060185185185185196 0.034895833333333307
0 0.5324074074074073 0.47265625 0.03888888888888889 0.024479166666666607
0 0.7740740740740739 0.16171875 0.051851851851851746 0.027604166666666652
0 0.5726851851851852 0.4846354166666666 0.04537037037037032 0.027604166666666607
0 0.24814814814814815 0.80546875 0.04259259259259262 0.0380208333333333
0 0.7046296296296296 0.9421875 0.04629629629629635 0.04166666666666678
0 0.33611111111111114 0.6653645833333333 0.06111111111111111 0.036979166666666605
0 0.39953703703703697 0.4666666666666666 0.041666666666666664 0.02604166666666661
0 0.5736111111111111 0.8052083333333332 0.049074074074074124 0.023958333333333304
0 0.6212962962962962 0.3359375 0.03888888888888889 0.034375
0 0.9287037037037037 0.1703125 0.0574074074074073 0.038541666666666655
0 0.3689814814814814 0.24375 0.041666666666666664 0.028125
0 0.9254629629629628 0.5252604166666666 0.04907407407407397 0.0296875
0 0.37222222222222223 0.6799479166666667 0.04629629629629631 0.027604166666666607
0 0.437037037037037 0.7153645833333333 0.05740740740740746 0.022395833333333393
0 0.24583333333333332 0.76875 0.04907407407407405 0.019791666666666607
0 0.17175925925925925 0.9661458333333333 0.037962962962962955 0.033333333333333215
0 0.7930555555555555 0.08984375 0.058333333333333334 0.03177083333333334
0 0.35555555555555557 0.27265625 0.04259259259259258 0.0338541666666667
0 0.43194444444444446 0.4356770833333333 0.04722222222222222 0.0203125
0 0.2111111111111111 0.1015625 0.044444444444444446 0.03125
0 0.29259259259259257 0.4424479166666666 0.05 0.0359375
0 0.3958333333333333 0.825 0.05277777777777778 0.030208333333333216
0 0.2152777777777778 0.8859375 0.058333333333333334 0.03125
0 0.21666666666666667 0.5130208333333333 0.05370370370370373 0.029166666666666608
0 0.18657407407407406 0.5768229166666666 0.06388888888888888 0.031770833333333394
0 0.7768518518518518 0.06848958333333333 0.042592592592592696 0.03385416666666665
0 0.14583333333333334 0.5338541666666666 0.056481481481481466 0.02604166666666661
0 0.5689814814814814 0.5278645833333333 0.05648148148148143 0.027604166666666607
0 0.6259259259259259 0.80703125 0.044444444444444446 0.024479166666666698
0 0.6185185185185185 0.8421875 0.044444444444444446 0.035416666666666784
0 0.35648148148148145 0.8622395833333332 0.04259259259259258 0.03385416666666678
0 0.7986111111111112 0.04973958333333333 0.05277777777777778 0.025520833333333336
0 0.9097222222222222 0.01484375 0.03796296296296286 0.028645833333333325
0 0.44120370370370365 0.28463541666666664 0.05277777777777778 0.041145833333333305
0 0.26064814814814813 0.4263020833333333 0.04722222222222222 0.036979166666666605
0 0.16666666666666666 0.7575520833333333 0.06111111111111111 0.0328125
0 0.6092592592592592 0.5919270833333333 0.03888888888888889 0.030729166666666606
0 0.7791666666666667 0.6213541666666667 0.04537037037037048 0.03541666666666661
0 0.7657407407407406 0.865625 0.04629629629629619 0.028125
0 0.8194444444444444 0.90390625 0.04814814814814825 0.028645833333333214
0 0.31296296296296294 0.29635416666666664 0.06851851851851849 0.025
0 0.49583333333333335 0.49140625 0.04722222222222222 0.0234375
0 0.20694444444444443 0.6153645833333333 0.03425925925925929 0.019270833333333393
0 0.29305555555555557 0.7611979166666666 0.054629629629629604 0.0390625
0 0.47731481481481475 0.5794270833333333 0.03796296296296302 0.031770833333333394
0 0.32129629629629625 0.8263020833333332 0.048148148148148176 0.0328125
0 0.7189814814814814 0.0546875 0.058333333333333334 0.029166666666666657
0 0.41388888888888886 0.39375 0.06111111111111111 0.030208333333333347
0 0.2532407407407407 0.74140625 0.03240740740740738 0.031770833333333394
0 0.6231481481481481 0.4588541666666666 0.059259259259259206 0.02604166666666661
0 0.5393518518518519 0.3380208333333333 0.058333333333333334 0.023958333333333304
0 0.4842592592592592 0.09427083333333333 0.05740740740740746 0.028125
0 0.26435185185185184 0.6171875 0.05092592592592595 0.029166666666666608
0 0.14907407407407408 0.9567708333333332 0.051851851851851864 0.04375
0 0.6097222222222223 0.6598958333333333 0.0657407407407408 0.023958333333333394
0 0.4263888888888889 0.4174479166666666 0.050925925925925875 0.021354166666666608
0 0.17083333333333334 0.5190104166666666 0.04907407407407405 0.022395833333333393
0 0.1699074074074074 0.2872395833333333 0.04907407407407409 0.0234375
0 0.2907407407407407 0.48697916666666663 0.05740740740740738 0.019791666666666607
0 0.3504629629629629 0.7859375 0.056481481481481466 0.030208333333333302
0 0.8046296296296295 0.9828125 0.04074074074074063 0.033333333333333215
0 0.2162037037037037 0.4075520833333333 0.045370370370370394 0.0296875
0 0.1388888888888889 0.4364583333333333 0.044444444444444446 0.03645833333333339
0 0.7365740740740739 0.6447916666666667 0.04907407407407397 0.03541666666666661
0 0.6300925925925925 0.27604166666666663 0.04537037037037032 0.025
0 0.19166666666666668 0.3098958333333333 0.05370370370370371 0.026041666666666696
0 0.6009259259259259 0.2614583333333333 0.04814814814814809 0.033333333333333305
0 0.611574074074074 0.7635416666666666 0.049074074074074124 0.022916666666666606
0 0.6555555555555556 0.78203125 0.03333333333333333 0.03489583333333339
0 0.22175925925925924 0.3591145833333333 0.058333333333333334 0.0328125
0 0.3125 0.6479166666666666 0.054629629629629604 0.023958333333333394
0 0.4314814814814814 0.68984375 0.035185185185185236 0.027604166666666607
0 0.7166666666666667 0.8450520833333333 0.0703703703703704 0.0328125
0 0.13425925925925924 0.31901041666666663 0.04259259259259258 0.031770833333333304
0 0.6907407407407408 0.3763020833333333 0.051851851851851906 0.0442708333333333
0 0.5388888888888889 0.5091145833333333 0.08333333333333333 0.025520833333333392
0 0.6652777777777777 0.0296875 0.06203703703703699 0.025
0 0.43101851851851847 0.4888020833333333 0.043518518518518574 0.024479166666666607
0 0.7212962962962962 0.010416666666666666 0.05370370370370373 0.01979166666666667
0 0.6462962962962963 0.3817708333333333 0.05740740740740746 0.025
0 0.18888888888888888 0.84453125 0.0425925925925926 0.028645833333333214
0 0.30833333333333335 0.38151041666666663 0.06111111111111111 0.024479166666666698
0 0.28657407407407404 0.8453125 0.039814814814814845 0.027083333333333216
0 0.3074074074074074 0.3455729166666667 0.05 0.0380208333333333
0 0.7018518518518518 0.2192708333333333 0.07407407407407413 0.029166666666666695
0 0.7180555555555556 0.6700520833333333 0.04722222222222222 0.0359375
0 0.2657407407407407 0.8283854166666667 0.04629629629629627 0.0234375
0 0.3574074074074074 0.3963541666666667 0.05925925925925925 0.0364583333333333
0 0.20648148148148146 0.00703125 0.03703703703703706 0.013020833333333332
0 0.9629629629629629 0.007291666666666666 0.04814814814814825 0.013541666666666669
0 0.686574074074074 0.08307291666666666 0.0731481481481481 0.03385416666666667
0 0.33935185185185185 0.3390625 0.0398148148148148 0.025
0 0.2435185185185185 0.4536458333333333 0.06296296296296294 0.023958333333333394
0 0.611574074074074 0.48307291666666663 0.043518518518518574 0.024479166666666607
0 0.7805555555555556 0.18229166666666666 0.059259259259259366 0.034375
0 0.6486111111111111 0.4416666666666666 0.058333333333333334 0.02604166666666661
0 0.7324074074074073 0.08046875 0.05740740740740738 0.03385416666666665
0 0.32037037037037036 0.4580729166666666 0.040740740740740716 0.02864583333333339
0 0.7018518518518518 0.10989583333333333 0.059259259259259206 0.03958333333333334
0 0.637037037037037 0.3638020833333333 0.05555555555555555 0.018229166666666696