0 0.47129629629629627 0.4484375 0.1518518518518519 0.059375
0 0.6023148148148147 0.33203125 0.043518518518518574 0.0380208333333333
0 0.4467592592592592 0.41640625 0.04722222222222222 0.019270833333333393
0 0.6597222222222222 0.5971354166666666 0.06388888888888888 0.030729166666666606
0 0.39444444444444443 0.8549479166666666 0.04259259259259254 0.024479166666666784
0 0.22361111111111112 0.7109375 0.039814814814814845 0.027083333333333393
0 0.22083333333333333 0.61171875 0.037962962962962934 0.0296875
0 0.25740740740740736 0.5223958333333333 0.04259259259259262 0.03541666666666661
0 0.4754629629629629 0.01614583333333333 0.06018518518518524 0.03229166666666666
0 0.35648148148148145 0.25 0.044444444444444446 0.028125
0 0.15462962962962962 0.91015625 0.03888888888888889 0.031770833333333214
0 0.15833333333333333 0.32734375 0.044444444444444446 0.0265625
0 0.923148148148148 0.8052083333333332 0.05370370370370381 0.0416666666666667
0 0.48055555555555557 0.38125 0.04814814814814809 0.023958333333333304
0 0.7282407407407406 0.7161458333333333 0.058333333333333334 0.03229166666666661
0 0.47407407407407404 0.3302083333333333 0.037037037037036986 0.023958333333333304
0 0.6050925925925925 0.8723958333333333 0.04537037037037032 0.019791666666666784
0 0.2421296296296296 0.28125 0.045370370370370394 0.028125
0 0.6393518518518518 0.31901041666666663 0.049074074074074124 0.027604166666666697
0 0.7064814814814814 0.74140625 0.05370370370370373 0.02864583333333339
0 0.5069444444444444 0.14739583333333334 0.049074074074074124 0.030208333333333347
0 0.7731481481481481 0.7919270833333333 0.051851851851851746 0.025520833333333392
0 0.23240740740740737 0.37369791666666663 0.03888888888888889 0.0453125
0 0.2111111111111111 0.07109375 0.05 0.0421875
0 0.9412037037037037 0.4177083333333333 0.05277777777777778 0.033333333333333395
0 0.7893518518518517 0.6861979166666666 0.06574074074074064 0.027604166666666607
0 0.19444444444444445 0.15234375 0.0425925925925926 0.021354166666666653
0 0.6402777777777777 0.8888020833333332 0.026851851851851904 0.024479166666666784
0 0.1907407407407407 0.88203125 0.04629629629629627 0.027604166666666784
0 0.7768518518518518 0.70390625 0.042592592592592696 0.0296875
0 0.7282407407407406 0.6497395833333333 0.05277777777777778 0.036979166666666605
0 0.7791666666666667 0.8119791666666666 0.050925925925926034 0.027083333333333303
0 0.9055555555555556 0.6549479166666666 0.03703703703703714 0.0328125
0 0.1699074074074074 0.43229166666666663 0.056481481481481466 0.03229166666666661
0 0.6666666666666666 0.659375 0.059259259259259206 0.022916666666666606
0 0.8199074074074073 0.04921875 0.04722222222222222 0.03802083333333332
0 0.45370370370370366 0.884375 0.04814814814814809 0.040625
0 0.18935185185185183 0.34869791666666666 0.06944444444444445 0.022395833333333302
0 0.5810185185185185 0.3544270833333333 0.04537037037037032 0.0359375
0 0.8060185185185185 0.53203125 0.04537037037037048 0.02864583333333339
0 0.18796296296296294 0.5682291666666666 0.06666666666666667 0.04166666666666661
0 0.3699074074074074 0.86875 0.034259259259259246 0.015625
0 0.23472222222222222 0.12578125 0.04722222222222222 0.04427083333333335
0 0.7847222222222222 0.4606770833333333 0.0675925925925927 0.03489583333333339
0 0.7023148148148147 0.84140625 0.07314814814814817 0.028645833333333214
0 0.22685185185185183 0.20390625 0.05555555555555555 0.0296875
0 0.6314814814814814 0.09921875 0.06666666666666667 0.0359375
0 0.31527777777777777 0.4450520833333333 0.06574074074074071 0.0265625
0 0.7921296296296295 0.7244791666666666 0.058333333333333334 0.025
0 0.2611111111111111 0.01848958333333333 0.05555555555555555 0.033854166666666664
0 0.7407407407407406 0.4934895833333333 0.05370370370370381 0.02864583333333339
0 0.18194444444444444 0.12005208333333332 0.05092592592592593 0.03385416666666665
0 0.5648148148148148 0.5807291666666666 0.04074074074074079 0.030208333333333393
0 0.7546296296296295 0.034375 0.06296296296296286 0.03125
0 0.16342592592592592 0.21666666666666665 0.03611111111111111 0.03125
0 0.23009259259259257 0.9494791666666667 0.03425925925925929 0.03125
0 0.28657407407407404 0.15859375 0.05648148148148151 0.03385416666666665
0 0.21064814814814814 0.9059895833333332 0.05092592592592595 0.0296875
0 0.7194444444444444 0.6895833333333333 0.06111111111111111 0.02604166666666661
0 0.6814814814814815 0.7153645833333333 0.05740740740740746 0.027604166666666607
0 0.3037037037037037 0.89453125 0.024074074074074046 0.019270833333333216