0 0.18498217869230543 0.6107526881720431 0.044089016683140185 0.019354838709677403
0 0.2324257944709019 0.3629032258064516 0.046964387336388455 0.021505376344086002
0 0.16293767035073534 0.8825268817204301 0.059424326833797614 0.03817204301075279
0 0.43657711085152906 0.8760752688172044 0.04888130110522063 0.024193548387096798
0 0.776829304819241 0.13118279569892474 0.04888130110522047 0.04086021505376345
0 0.15191541617995027 0.7803763440860216 0.045047473567556236 0.030645161290322596
0 0.5702818462275736 0.8166666666666668 0.042172102914307924 0.04516129032258078
0 0.20127594572737895 0.5336021505376345 0.04792284422080454 0.03817204301075261
0 0.5942432683379759 0.8005376344086022 0.042172102914307924 0.03978494623655919
0 0.2496780183903915 0.28790322580645167 0.04888130110522063 0.0360215053763441
0 0.3100608021086052 0.33467741935483875 0.045047473567556194 0.039247311827957
0 0.8587773684368167 0.2830645161290323 0.047922844220804624 0.0413978494623656
0 0.7959984425075629 0.9897849462365592 0.046964387336388455 0.020430107526881614
0 0.8041453260250996 0.14220430107526882 0.03450444783897921 0.025268817204301054
0 0.15479078683319858 0.6715053763440861 0.03354599095456316 0.0258064516129032
0 0.29185012130469945 0.8978494623655914 0.03929673226105974 0.030107526881720404
0 0.9832869080779945 0.121875 0.033426183844011144 0.0375
0 0.6225177464282505 0.16451612903225807 0.046964387336388455 0.021505376344086048
0 0.34696139215862465 0.7129032258064517 0.042172102914307924 0.029032258064516193
0 0.34073142240992005 0.4040322580645162 0.03929673226105966 0.0327956989247312
0 0.25015724683259954 0.48763440860215057 0.053673585527301074 0.023655913978494602
0 0.23194656602869385 0.7362903225806452 0.044089016683140185 0.02741935483870961
0 0.1624584419085273 0.4067204301075269 0.046964387336388455 0.029569892473118208
0 0.6498337676341092 0.4322580645161291 0.06134124060262971 0.021505376344086002
0 0.4658100458262198 0.3970430107526882 0.03642136160781139 0.028494623655913997
0 0.6934435558750413 0.4016129032258065 0.041213646029891915 0.038709677419354806
0 0.34504447838979246 0.19301075268817205 0.046005930451972286 0.0365591397849462
0 0.18354449336568124 0.8016129032258066 0.07188426633120677 0.024731182795698813
0 0.22475813939557313 0.8239247311827957 0.03737981849222748 0.04784946236559158
0 0.6225177464282505 0.23440860215053766 0.05079821487405281 0.029032258064516103
0 0.7308233743672687 0.9596774193548387 0.05079821487405281 0.03440860215053761
0 0.40782340431904635 0.3056451612903226 0.04504747356755627 0.026344086021505397
0 0.6939227843172493 0.09327956989247313 0.04983975798963664 0.0327956989247312
0 0.8190014077335491 0.5333333333333334 0.046964387336388455 0.0365591397849462
0 0.2180489412046605 0.6626344086021506 0.054632042411717166 0.029569892473118208
0 0.2252373678377812 0.5868279569892474 0.044089016683140185 0.0370967741935484
0 0.17923143738580885 0.3752688172043011 0.04792284422080454 0.021505376344086002
0 0.16293767035073534 0.331989247311828 0.04983975798963672 0.028494623655913997
0 0.5501542516548358 0.32365591397849464 0.047922844220804464 0.030107526881720404
0 0.19744211818971458 0.4005376344086022 0.051756671758468896 0.037634408602150594
0 0.8947195016024202 0.1817204301075269 0.06038278371821355 0.032258064516129045
0 0.6225177464282505 0.5795698924731183 0.06421661125587806 0.026881720430107593
0 0.8439212867283674 0.13682795698924732 0.04888130110522047 0.025268817204301054
0 0.4653308173840118 0.7913978494623657 0.033545990954563204 0.023655913978494602
0 0.36421361607811426 0.1467741935483871 0.04983975798963664 0.03548387096774195
0 0.6632521640159343 0.2905913978494624 0.046005930451972286 0.0381720430107527
0 0.7432833138646779 0.5190860215053764 0.06038278371821355 0.02526881720430101
0 0.37859046934435564 0.321236559139785 0.047922844220804464 0.0456989247311828
0 0.7873723305478181 0.28010752688172047 0.05846586994938152 0.033333333333333305
0 0.4015934345703418 0.12258064516129033 0.06900889567795843 0.031182795698924747
0 0.18402372180788928 0.2327956989247312 0.046005930451972286 0.032258064516129004
0 0.2314673375864858 0.12096774193548387 0.05079821487405281 0.025806451612903247
0 0.43945248150477734 0.33145161290322583 0.04504747356755627 0.025268817204301096
0 0.4696438733638842 0.839247311827957 0.0440890166831401 0.029032258064516016
0 0.17300146763710428 0.9940860215053764 0.04888130110522063 0.011827956989247213
0 0.8458382004971996 0.17553763440860218 0.06996735256237459 0.0381720430107527
0 0.6292269446191632 0.7881720430107528 0.046964387336388455 0.029032258064516016
0 0.233863479797526 0.09327956989247313 0.04983975798963672 0.0327956989247312
0 0.4883337826099979 0.4631720430107527 0.05846586994938152 0.030645161290322596
0 0.34408602150537637 0.3709677419354839 0.03450444783897921 0.023655913978494602
0 0.5007937221074071 0.21586021505376346 0.05271512864288499 0.0274193548387097
0 0.4351394255249049 0.053225806451612914 0.07284272321562278 0.031182795698924726
0 0.17204301075268819 0.5793010752688172 0.05079821487405281 0.0327956989247312
0 0.2837032377871627 0.2706989247311828 0.04025518914547583 0.0317204301075269
0 0.8995117860245005 0.2220430107526882 0.05271512864288483 0.03440860215053761
0 0.9277862641147754 0.8911290322580646 0.05175667175846898 0.0327956989247312
0 0.3052685176865247 0.37500000000000006 0.04504747356755627 0.030645161290322596
0 0.5151705753736485 0.2446236559139785 0.06421661125587806 0.033333333333333305
0 0.4878545541677899 0.6185483870967742 0.053673585527301 0.02526881720430101
0 0.7739539341659928 0.928494623655914 0.06613352502471023 0.03655913978494638
0 0.6124539491418816 0.26263440860215054 0.08051037829095149 0.0360215053763441
0 0.16677149788839968 0.29623655913978497 0.057507413064965436 0.0258064516129032
0 0.180669122712433 0.01827956989247312 0.05846586994938152 0.03655913978494624
0 0.968041453260251 0.1491935483870968 0.046005930451972286 0.0435483870967742
0 0.2103812861293318 0.4524193548387097 0.06229969748704588 0.024193548387096798
0 0.9707520891364902 0.2703125 0.0584958217270195 0.03125
0 0.12268248120525954 0.026881720430107524 0.059424326833797614 0.04623655913978495
0 0.2784317249228742 0.6204301075268818 0.056548956180549344 0.031182795698924792
0 0.46628927426842787 0.4884408602150538 0.0603827837182137 0.029569892473118208
0 0.23625962200856623 0.4693548387096775 0.05846586994938152 0.023655913978494602