0 0.6032718262823373 0.3552486187845304 0.044322011726865625 0.034254143646408865
0 0.1807353144862186 0.1022099447513812 0.06205081641761186 0.040883977900552496
0 0.22456485941611903 0.1776243093922652 0.05121654688437806 0.043646408839778994
0 0.3747672324904969 0.2209944751381215 0.048261746102586926 0.030939226519337025
0 0.5116730020468151 0.03950276243093922 0.058111082041890486 0.039226519337016576
0 0.5215223379861186 0.22790055248618785 0.04038227735114417 0.02928176795580111
0 0.2550978008279598 0.6370165745856353 0.04727681250865668 0.025414364640884025
0 0.6520260391818895 0.18729281767955802 0.051216546884377975 0.029834254143646398
0 0.41268717585681525 0.18646408839779005 0.053186414072238786 0.024861878453038687
0 0.5525477461949245 0.723756906077348 0.08667415626587045 0.03314917127071819
0 0.44912971883223807 0.33895027624309393 0.041367210945074576 0.03370165745856353
0 0.7406700626356207 0.41049723756906076 0.053186414072238626 0.0375690607734807
0 0.5604272149463673 0.7464088397790054 0.04530694532079587 0.025414364640884025
0 0.6254328321457702 0.01160220994475138 0.051216546884377975 0.02320441988950276
0 0.17876544729835792 0.27209944751381215 0.058111082041890486 0.02928176795580111
0 0.7066898536450238 0.7367403314917127 0.046291878914726275 0.03922651933701662
0 0.09209129103248741 0.06298342541436464 0.04826174610258697 0.03867403314917128
0 0.12607150002308437 0.027071823204419886 0.05318641407223871 0.02541436464088398
0 0.8145400821803968 0.782596685082873 0.04530694532079603 0.04143646408839778
0 0.14527770510472612 0.3447513812154696 0.06796041798119389 0.03646408839779003
0 0.17925791409532307 0.15883977900552487 0.05121654688437806 0.03480662983425416
0 0.5643669493220886 0.5892265193370165 0.055156281260099436 0.023756906077348105
0 0.21077578910109418 0.594475138121547 0.04924667969651733 0.03977900552486187
0 0.4767078594622878 0.7058011049723756 0.03545760938149247 0.02928176795580111
0 0.20929838871019868 0.5544198895027624 0.05417134766616911 0.02154696132596694
0 0.6929007833299988 0.11464088397790055 0.056141214854029835 0.0569060773480663
0 0.4776927930562181 0.24226519337016575 0.051216546884377975 0.028176795580110527
0 0.21717785746164145 0.525414364640884 0.040382277351144254 0.035359116022099533
0 0.7721879376413917 0.651657458563536 0.051216546884378135 0.028176795580110436
0 0.33192262115452686 0.1425414364640884 0.06500561719940284 0.040883977900552496
0 0.14970990627741268 0.0511049723756906 0.059096015635820814 0.03370165745856353
0 0.318133550839502 0.5696132596685082 0.0689453515751243 0.026519337016574517
0 0.3762446328813924 0.7049723756906077 0.053186414072238786 0.04419889502762438
0 0.6136136290186059 0.6292817679558012 0.04727681250865668 0.03646408839779003
0 0.4048077071053725 0.1643646408839779 0.05712614844796008 0.02375690607734806
0 0.6155834962064667 0.07403314917127071 0.04530694532079587 0.041988950276243095
0 0.2821834746610443 0.03535911602209944 0.07583988673263672 0.03314917127071824
0 0.1772880469074624 0.6803867403314917 0.06500561719940291 0.02928176795580111
0 0.1014481601748257 0.3005524861878453 0.0610658828236815 0.03204419889502761
0 0.5244771387679096 0.2654696132596685 0.08765908985980085 0.02928176795580111
0 0.4067775742932332 0.2458563535911602 0.04727681250865668 0.02872928176795577
0 0.292525277397313 0.6162983425414365 0.055156281260099436 0.028176795580110436
0 0.21717785746164145 0.387292817679558 0.046291878914726275 0.029834254143646356
0 0.6013019590944766 0.4209944751381215 0.0699302851690547 0.02320441988950268
0 0.14823250588651718 0.637292817679558 0.04629187891472632 0.028176795580110436
0 0.3915111035873128 0.13950276243093923 0.06796041798119389 0.039226519337016576
0 0.12508656642915403 0.543646408839779 0.06500561719940287 0.0320441988950277
0 0.4181043106234322 0.020718232044198894 0.06599055079333324 0.04143646408839779
0 0.372304898505671 0.6146408839779005 0.05712614844796008 0.028176795580110436
0 0.35851582819064615 0.11243093922651932 0.06500561719940284 0.039226519337016576
0 0.5589498145554718 0.2839779005524862 0.06205081641761179 0.034254143646408865
0 0.653503439572785 0.5627071823204419 0.03841241016328353 0.035911602209944785
0 0.6663075762938796 0.8712707182320442 0.0797796211083581 0.04088397790055254
0 0.6205081641761184 0.2085635359116022 0.06500561719940284 0.031491712707182276
0 0.13050370119577093 0.7701657458563536 0.0423521445390049 0.030939226519337025
0 0.6057341602671632 0.542817679558011 0.053186414072238786 0.022651933701657433
0 0.3230582188091537 0.013259668508287293 0.04727681250865668 0.026519337016574586
0 0.3156712168546761 0.8080110497237568 0.044322011726865625 0.023756906077348105
0 0.10588036134751228 0.7602209944751381 0.05417134766616907 0.04088397790055254
0 0.6490712384000984 0.785635359116022 0.07091521876298494 0.030939226519337025
0 0.36196309576940244 0.005248618784530387 0.04038227735114417 0.010497237569060774
0 0.588005355576417 0.004972375690607734 0.04530694532079587 0.009944751381215469
0 0.1797503808922883 0.39944751381215465 0.03841241016328353 0.01878453038674035
0 0.31074654888502434 0.08066298342541436 0.0423521445390049 0.029834254143646398
0 0.09553855861124362 0.19005524861878453 0.05121654688437802 0.04419889502762429
0 0.25903753520368117 0.24530386740331492 0.05712614844796008 0.02209944751381219
0 0.3028670801335816 0.7187845303867403 0.05220148047830838 0.029834254143646356
0 0.3304452207636313 0.6533149171270718 0.046291878914726275 0.032596685082872945
0 0.6776343126240786 0.8176795580110496 0.06500561719940284 0.03314917127071837
0 0.9445513165792024 0.27486187845303867 0.051216546884378135 0.03480662983425411
0 0.670247310669601 0.8422651933701657 0.073870019544776 0.0248618784530386
0 0.605241693470198 0.23397790055248618 0.048261746102586926 0.027071823204419854
0 0.7844996075655211 0.3861878453038674 0.04432201172686547 0.03646408839779003
0 0.2767663398944274 0.08950276243093921 0.055156281260099436 0.04419889502762433
0 0.41711937702950186 0.4925414364640884 0.06599055079333324 0.022651933701657433
0 0.4131796426537804 0.46408839779005523 0.036442542975422876 0.025414364640884025
0 0.7185090567721879 0.6295580110497238 0.0797796211083581 0.033701657458563614
0 0.27824374028532295 0.12817679558011047 0.06993028516905461 0.029834254143646398
0 0.8307914864802474 0.6917127071823204 0.05417134766616919 0.02762430939226519
0 0.1403530371350744 0.28342541436464086 0.0797796211083581 0.025414364640883935
0 0.23145939457363146 0.6179558011049724 0.05712614844796008 0.02707182320441994
0 0.2807060742701488 0.4209944751381215 0.05712614844796008 0.025414364640884025
0 0.2624848027824374 0.5461325966850828 0.060080949229751136 0.04475138121546962
0 0.358023361393681 0.44088397790055245 0.05417134766616903 0.02762430939226519
0 0.20486618753751212 0.2085635359116022 0.06500561719940291 0.025966850828729272
0 0.2605149355945767 0.19558011049723756 0.05417134766616903 0.041988950276243074
0 0.6195232305821881 0.5897790055248618 0.04727681250865668 0.022651933701657433
0 0.7219563243509441 0.43701657458563536 0.04924667969651733 0.03867403314917119
0 0.28809307622462643 0.211878453038674 0.048261746102587 0.03701657458563536
0 0.3072992813062682 0.4403314917127072 0.055156281260099436 0.0320441988950277
0 0.6328198341002478 0.10276243093922652 0.06205081641761179 0.02541436464088398
0 0.6426691700395513 0.1218232044198895 0.06599055079333324 0.03149171270718232
0 0.6357746348820388 0.9773480662983426 0.03053294141184077 0.018784530386740172