0 0.2803566704533076 0.18743016759776537 0.0906303979085293 0.06759776536312852
0 0.06423802928681471 0.054469273743016765 0.0507928603663186 0.04078212290502794
0 0.4302454054558753 0.47681564245810054 0.043821291296431815 0.02625698324022352
0 0.23504147149904295 0.3916201117318436 0.049796921927763305 0.03687150837988824
0 0.43273525155226344 0.4460893854748604 0.048800983489208034 0.02737430167597772
0 0.1727953190893388 0.5458100558659218 0.04680910661209752 0.03575418994413404
0 0.5945752478174944 0.6550279329608939 0.04182941441932126 0.030726256983240142
0 0.44916823578842535 0.3025139664804469 0.057764429436205515 0.02849162011173183
0 0.3645134685112276 0.11284916201117319 0.04780504505065276 0.033519553072625684
0 0.5193818957065717 0.2575418994413408 0.052784737243429136 0.04357541899441344
0 0.3296556231617933 0.1594972067039106 0.07768319820731087 0.07206703910614527
0 0.5836199249933863 0.28212290502793297 0.08764258259286346 0.03240223463687153
0 0.23902522525326406 0.5793296089385475 0.06772381382175811 0.02681564245810062
0 0.7315167831188435 0.5446927374301677 0.06672787538320284 0.025698324022346418
0 0.7668725976875554 0.20586592178770952 0.0557725525590948 0.02737430167597763
0 0.259441963243647 0.13407821229050282 0.042825352857876454 0.03016759776536313
0 0.533823003065623 0.16452513966480448 0.07967507508442141 0.034078212290502785
0 0.3117287312677985 0.09301675977653631 0.05577255255909496 0.02960893854748603
0 0.7205614602947356 0.4550279329608939 0.05079286036631874 0.03184357541899434
0 0.7733461975381647 0.6075418994413407 0.04083347598076598 0.034078212290502743
0 0.8853892718756323 0.6589385474860335 0.06174818319042646 0.02513966480446932
0 0.15984811938812032 0.3756983240223464 0.06473599850609232 0.02737430167597763
0 0.9202471172250666 0.06703910614525141 0.04581316817354236 0.04134078212290502
0 0.14092528905557025 0.2016759776536313 0.056768490997650196 0.02346368715083802
0 0.2176125488243258 0.26871508379888265 0.060752244751871264 0.02681564245810053
0 0.5935793093789391 0.4639664804469274 0.05577255255909496 0.034078212290502743
0 0.2504785172966496 0.23379888268156424 0.05079286036631858 0.04301675977653634
0 0.6030407245452141 0.523463687150838 0.04083347598076598 0.04804469273743024
0 0.7579091517405582 0.4 0.063740060067537 0.03463687150837984
0 0.10158572073263722 0.21815642458100562 0.0478050450506528 0.02849162011173183
0 0.6717604768055275 0.4865921787709498 0.058760367874760785 0.03463687150837984
0 0.8898709948491309 0.5449720670391062 0.05876036787476063 0.02737430167597772
0 0.20815113365805074 0.09636871508379888 0.07369944445308976 0.02849162011173185
0 0.41082460590404757 0.23016759776536314 0.052784737243429136 0.03575418994413404
0 0.787787304897216 0.49972067039106144 0.04581316817354236 0.03296089385474854
0 0.2335475638412101 0.5986033519553072 0.06672787538320284 0.02290502793296092
0 0.1279780893543518 0.11201117318435753 0.04680910661209752 0.03072625698324023
0 0.09959384385552668 0.5516759776536313 0.05975630631331602 0.02402234636871512
0 0.08515273649647531 0.014525139664804471 0.06672787538320288 0.029050279329608943
0 0.09262227478563982 0.17430167597765364 0.061748183190426534 0.02905027932960893
0 0.15586436563389924 0.1547486033519553 0.054776614120539684 0.03798882681564244
0 0.08116898274225426 0.3944134078212291 0.06274412162898181 0.03910614525139664
0 0.649351861938034 0.45139664804469276 0.05378067568198441 0.03798882681564244
0 0.5462722335475638 0.47793296089385473 0.052784737243429136 0.03631284916201114
0 0.21263285663154946 0.13603351955307263 0.05676849099765024 0.02960893854748603
0 0.7086101990320723 0.614245810055866 0.04282535285787654 0.04748603351955314
0 0.7374924137501752 0.6089385474860335 0.04083347598076598 0.03910614525139664
0 0.6374006006753707 0.4994413407821229 0.06772381382175811 0.02793296089385482
0 0.5552356794945613 0.49972067039106144 0.06473599850609228 0.01508379888268152