0 0.3138753281555016 0.3970080552359033 0.0943677457199548 0.0632911392405063
0 0.20360866875446756 0.760644418872267 0.04615813649345612 0.03682393555811281
0 0.6380080199762157 0.8754315304948216 0.04102945466084985 0.032796317606444345
0 0.26566571892900304 0.6029919447640967 0.05128681832606239 0.04142692750287687
0 0.36362354193178215 0.3676639815880322 0.0769302274890935 0.07364787111622562
0 0.46773578313368874 0.6913118527042579 0.0451324001269348 0.02819332566168011
0 0.09077766843713038 0.2557537399309551 0.05231255469258363 0.03970080552359034
0 0.6262120517612214 0.48993095512082857 0.08923906388734852 0.03394706559263518
0 0.5379987242403941 0.1144994246260069 0.0543640274256261 0.04833141542002299
0 0.5600520561206009 0.4689298043728424 0.05333829105910486 0.04487917146144991
0 0.8144346750178703 0.41628308400460295 0.057441236525189975 0.02474108170310707
0 0.46978725586673126 0.6605293440736479 0.05333829105910486 0.03222094361334875
0 0.1569376640777508 0.3150172612197929 0.0471838728599774 0.03164556962025315
0 0.1302685185481984 0.42405063291139244 0.04923534559301987 0.02876869965477553
0 0.18924835962317013 0.5854430379746836 0.06667286382388105 0.02819332566168011
0 0.29233486445855544 0.3386075949367089 0.045132400126934875 0.03049482163406214
0 0.7687894067076748 0.6708860759493671 0.05231255469258363 0.03452243958573078
0 0.7800725067394085 0.7626582278481013 0.06872433655692343 0.029344073647871127
0 0.4938920604799806 0.5270425776754891 0.05641550015866858 0.02876869965477553
0 0.6472396472749069 0.7407940161104718 0.04308092739389232 0.05005753739930956
0 0.8211019614002584 0.8288262370540853 0.04205519102737124 0.037399309551208404
0 0.3974728420269833 0.3158803222094361 0.05231255469258363 0.03452243958573069
0 0.12001115488298593 0.379746835443038 0.06154418199127481 0.02876869965477562
0 0.43901516487109377 0.4390103567318757 0.05128681832606239 0.0356731875719218
0 0.7175025883816124 0.7031070195627158 0.06051844562475353 0.03682393555811281
0 0.34618602370092094 0.29718066743383204 0.05641550015866858 0.02819332566168011
0 0.10821518666799158 0.6032796317606445 0.06667286382388107 0.03855005753739924
0 0.6380080199762157 0.6806674338319908 0.05333829105910486 0.03337169159953977
0 0.8057159159024396 0.6165132336018412 0.06667286382388096 0.037399309551208224
0 0.23950944158271123 0.29948216340621403 0.07487875475605102 0.02819332566168011
0 0.28618044625942796 0.44188722669735336 0.05333829105910486 0.04487917146144991
0 0.12872991399841652 0.7658227848101266 0.06051844562475357 0.024165707710011475
0 0.9359844344506381 0.8806098964326813 0.06051844562475353 0.03049482163406232
0 0.4718387285997737 0.17721518987341772 0.05128681832606239 0.04257767548906788
0 0.8359751387148164 0.7174913693901036 0.04923534559301975 0.03452243958573078
0 0.5754381016184197 0.37197928653624857 0.08000743658865722 0.03164556962025315
0 0.2513054097977056 0.47698504027617955 0.06769860019040236 0.027617951668584516
0 0.32361982363745345 0.13636363636363638 0.0543640274256261 0.04027617951668585
0 0.6000557744149296 0.14902186421173763 0.06564712745735989 0.031070195627157647
0 0.9411131162832442 0.7652474108170311 0.06051844562475353 0.029919447640966546
0 0.2666914552955243 0.8164556962025318 0.06154418199127485 0.021864211737629445
0 0.1871968868901276 0.35989643268124283 0.05641550015866858 0.037399309551208314
0 0.6205705017453546 0.07163406214039125 0.07385301838952979 0.03739930955120829
0 0.5349215151408304 0.06731875719217492 0.062569918357796 0.03682393555811279
0 0.784688320388754 0.8299769850402763 0.04102945466084985 0.04200230149597246
0 0.9718852072788817 0.262945914844649 0.0543640274256261 0.0356731875719218
0 0.1128310003173372 0.20972382048331414 0.06769860019040232 0.03855005753739933
0 0.27079440076160927 0.7954545454545455 0.06359565472431733 0.028193325661679935
0 0.2456638597818387 0.34062140391254314 0.05846697289171105 0.029919447640966636
0 0.17078510502578764 0.40678941311852707 0.06256991835779609 0.024165707710011475
0 0.5872340698334141 0.6927502876869965 0.05231255469258363 0.03682393555811281
0 0.754941965759638 0.8345799769850404 0.04308092739389232 0.051208285385500575
0 0.6959621246846662 0.6671461449942463 0.05641550015866858 0.04085155350978127
0 0.5974914334986265 0.7151898734177216 0.06667286382388111 0.016110471806674374
0 0.6816018155533687 0.715765247410817 0.06872433655692343 0.029919447640966546