0 0.24074074074074073 0.4059895833333333 0.04629629629629627 0.0359375
0 0.7527777777777778 0.96328125 0.042592592592592696 0.034895833333333216
0 0.2384259259259259 0.3700520833333333 0.05092592592592595 0.021354166666666695
0 0.7050925925925925 0.06614583333333332 0.045370370370370394 0.034375
0 0.6134259259259258 0.175 0.04537037037037032 0.03125
0 0.17824074074074073 0.16953125 0.06759259259259259 0.03802083333333335
0 0.5231481481481481 0.04296875 0.04629629629629635 0.025520833333333326
0 0.6555555555555556 0.5880208333333333 0.06666666666666667 0.029166666666666608
0 0.7097222222222223 0.540625 0.04351851851851849 0.039583333333333394
0 0.22592592592592592 0.8393229166666666 0.040740740740740716 0.030729166666666786
0 0.4046296296296296 0.05 0.044444444444444446 0.029166666666666657
0 0.574537037037037 0.3989583333333333 0.050925925925925875 0.02291666666666665
0 0.28379629629629627 0.4473958333333333 0.045370370370370394 0.022916666666666606
0 0.34444444444444444 0.3880208333333333 0.0648148148148148 0.028125
0 0.8125 0.5841145833333333 0.043518518518518415 0.0421875
0 0.7717592592592593 0.4578125 0.04722222222222222 0.027083333333333393
0 0.3148148148148148 0.4296875 0.05370370370370373 0.022916666666666606
0 0.4921296296296296 0.06666666666666667 0.049074074074074124 0.03125
0 0.537037037037037 0.090625 0.08518518518518524 0.03541666666666665
0 0.7435185185185185 0.22682291666666665 0.05 0.0380208333333333
0 0.4921296296296296 0.5130208333333333 0.03611111111111111 0.027083333333333393
0 0.18055555555555555 0.4494791666666666 0.0425925925925926 0.027083333333333393
0 0.35555555555555557 0.4630208333333333 0.044444444444444446 0.030208333333333393
0 0.6157407407407407 0.3546875 0.05 0.022916666666666696
0 0.22129629629629627 0.86640625 0.03888888888888889 0.028645833333333214
0 0.5712962962962963 0.5494791666666666 0.044444444444444446 0.023958333333333394
0 0.4361111111111111 0.309375 0.059259259259259206 0.022916666666666696
0 0.46342592592592585 0.16953125 0.03981481481481476 0.04010416666666665
0 0.7689814814814814 0.8885416666666666 0.06018518518518508 0.0375
0 0.39305555555555555 0.42734375 0.05648148148148143 0.027604166666666607
0 0.1726851851851852 0.8502604166666666 0.0398148148148148 0.027604166666666784
0 0.5694444444444444 0.05989583333333333 0.05 0.033333333333333326
0 0.5708333333333333 0.10625 0.058333333333333334 0.036458333333333336
0 0.21157407407407405 0.0984375 0.05648148148148151 0.030208333333333337
0 0.6597222222222222 0.3739583333333333 0.03611111111111111 0.034375
0 0.24537037037037035 0.34244791666666663 0.03703703703703706 0.031770833333333304
0 0.21296296296296294 0.2770833333333333 0.03888888888888889 0.019791666666666697
0 0.6365740740740741 0.03880208333333333 0.05462962962962968 0.0359375
0 0.2879629629629629 0.06875 0.05555555555555555 0.025
0 0.6222222222222222 0.4377604166666666 0.044444444444444446 0.0359375
0 0.5976851851851852 0.84375 0.04722222222222222 0.03229166666666679
0 0.6064814814814814 0.23359375 0.06666666666666667 0.025520833333333305
0 0.1638888888888889 0.5768229166666666 0.03703703703703704 0.030729166666666606
0 0.3282407407407407 0.5263020833333333 0.05277777777777778 0.02864583333333339
0 0.6708333333333333 0.6677083333333333 0.08055555555555556 0.039583333333333394
0 0.3379629629629629 0.6130208333333333 0.048148148148148134 0.022916666666666606
0 0.6759259259259258 0.6432291666666666 0.07407407407407404 0.023958333333333394
0 0.512037037037037 0.8377604166666666 0.04074074074074079 0.036979166666666785
0 0.17453703703703702 0.11197916666666666 0.0787037037037037 0.029166666666666653
0 0.20879629629629626 0.4921875 0.06388888888888888 0.025
0 0.8273148148148147 0.4963541666666666 0.050925925925926034 0.025
0 0.1574074074074074 0.3591145833333333 0.06296296296296297 0.031770833333333304
0 0.6564814814814814 0.01536458333333333 0.05740740740740746 0.03072916666666666
0 0.8101851851851851 0.19583333333333333 0.042592592592592696 0.03333333333333335
0 0.13796296296296295 0.5677083333333333 0.051851851851851864 0.03541666666666661
0 0.5629629629629629 0.8088541666666667 0.04074074074074079 0.04375
0 0.6828703703703703 0.6174479166666667 0.062037037037037064 0.030729166666666606
0 0.2893518518518518 0.36276041666666664 0.054629629629629604 0.0421875
0 0.7208333333333333 0.4359375 0.07314814814814817 0.03125
0 0.39861111111111114 0.5111979166666666 0.05648148148148143 0.04322916666666661
0 0.6328703703703703 0.7822916666666666 0.04537037037037032 0.034375
0 0.561574074074074 0.5294270833333333 0.08055555555555556 0.027604166666666607
0 0.2699074074074074 0.20390625 0.05277777777777778 0.0296875
0 0.23518518518518516 0.038802083333333334 0.06296296296296294 0.027604166666666662
0 0.5833333333333334 0.7770833333333333 0.05740740740740746 0.019791666666666607
0 0.4305555555555556 0.28151041666666665 0.03888888888888889 0.027604166666666697
0 0.30648148148148147 0.240625 0.05370370370370373 0.025
0 0.44027777777777777 0.06692708333333333 0.049074074074074124 0.031770833333333325
0 0.7314814814814814 0.9859375 0.044444444444444446 0.027083333333333216
0 0.1337962962962963 0.02291666666666666 0.05277777777777778 0.04375
0 0.13842592592592592 0.128125 0.058333333333333334 0.03229166666666665
0 0.9337962962962962 0.09453125 0.04907407407407397 0.0359375
0 0.6291666666666667 0.40078125 0.043518518518518574 0.022395833333333347
0 0.45185185185185184 0.04192708333333332 0.037037037037036986 0.029687499999999995
0 0.28703703703703703 0.02395833333333333 0.048148148148148176 0.04479166666666666
0 0.724074074074074 0.25260416666666663 0.048148148148148176 0.038541666666666696
0 0.3657407407407407 0.27057291666666666 0.05 0.0296875
0 0.3138888888888889 0.040625 0.04629629629629627 0.038541666666666655
0 0.6282407407407408 0.896875 0.03611111111111111 0.0375
0 0.33194444444444443 0.259375 0.060185185185185196 0.033333333333333305
0 0.4236111111111111 0.00625 0.050925925925925875 0.01145833333333333
0 0.9152777777777777 0.9869791666666666 0.04722222222222222 0.025
0 0.2532407407407407 0.014322916666666668 0.05277777777777778 0.027604166666666662
0 0.25972222222222224 0.4299479166666666 0.054629629629629604 0.024479166666666607
0 0.20648148148148146 0.0046875 0.044444444444444446 0.008333333333333331