0 0.5329218106995884 0.5870949074074073 0.04115226337448566 0.02835648148148149
0 0.7988683127572015 0.25405092592592593 0.0586419753086419 0.02893518518518521
0 0.3713991769547325 0.4716435185185185 0.06790123456790127 0.03819444444444446
0 0.4151234567901234 0.5266203703703703 0.05452674897119339 0.021990740740740655
0 0.6301440329218106 0.43894675925925924 0.04218106995884767 0.03645833333333339
0 0.3405349794238683 0.3683449074074074 0.04732510288065836 0.03761574074074074
0 0.1383744855967078 0.019386574074074073 0.07510288065843622 0.03877314814814815
0 0.12757201646090535 0.8958333333333333 0.06584362139917693 0.03703703703703702
0 0.2937242798353909 0.39236111111111105 0.07510288065843622 0.025462962962962975
0 0.6167695473251029 0.7170138888888888 0.04423868312757201 0.03819444444444446
0 0.6682098765432098 0.03125 0.06893004115226344 0.04282407407407407
0 0.38580246913580246 0.5784143518518519 0.04732510288065836 0.03298611111111107
0 0.23662551440329216 0.7442129629629629 0.053497942386831296 0.03240740740740744
0 0.7561728395061729 0.7771990740740741 0.05349794238683122 0.0393518518518519
0 0.1810699588477366 0.06365740740740741 0.04526748971193418 0.03356481481481481
0 0.5257201646090535 0.3871527777777778 0.05967078189300407 0.026620370370370416
0 0.8055555555555556 0.7540509259259258 0.04732510288065852 0.03819444444444446
0 0.47170781893004116 0.7022569444444444 0.038065843621399156 0.03298611111111107
0 0.3585390946502058 0.8101851851851851 0.05041152263374487 0.03240740740740726
0 0.9660493827160493 0.265625 0.05761316872427989 0.04282407407407405
0 0.18621399176954734 0.6273148148148148 0.05555555555555555 0.03125
0 0.14917695473251028 0.986111111111111 0.04320987654320988 0.027777777777777856
0 0.5766460905349794 0.6006944444444444 0.04835390946502053 0.03009259259259256
0 0.9449588477366254 0.09259259259259259 0.04218106995884783 0.03587962962962963
0 0.18518518518518515 0.513599537037037 0.05144032921810704 0.03298611111111107
0 0.26800411522633744 0.5509259259259258 0.05658436213991772 0.04282407407407405
0 0.6651234567901234 0.921875 0.036008230452674976 0.03240740740740726
0 0.36728395061728397 0.3420138888888889 0.04732510288065836 0.02777777777777777
0 0.42181069958847733 0.5460069444444444 0.05349794238683122 0.022569444444444465
0 0.7345679012345679 0.9869791666666666 0.07818930041152264 0.026041666666666786
0 0.7453703703703703 0.08738425925925926 0.0586419753086419 0.04745370370370372
0 0.1574074074074074 0.4065393518518518 0.05761316872427986 0.02604166666666661
0 0.4027777777777778 0.5 0.0668724279835391 0.03125
0 0.2674897119341564 0.599537037037037 0.059670781893004156 0.023148148148148095
0 0.2222222222222222 0.8790509259259259 0.03909465020576132 0.04050925925925917
0 0.15072016460905352 0.6982060185185185 0.06893004115226337 0.03645833333333339
0 0.706275720164609 0.4852430555555555 0.05452674897119354 0.04918981481481488
0 0.6568930041152263 0.4887152777777778 0.06069958847736624 0.02604166666666661
0 0.8184156378600823 0.17621527777777776 0.06481481481481492 0.03067129629629628
0 0.13580246913580246 0.3822337962962963 0.053497942386831296 0.02719907407407405
0 0.6383744855967078 0.37471064814814814 0.05041152263374487 0.026041666666666696
0 0.4187242798353909 0.6035879629629629 0.04732510288065836 0.027777777777777856
0 0.9614197530864197 0.6481481481481481 0.05246913580246921 0.03240740740740744
0 0.17849794238683125 0.7395833333333333 0.038065843621399156 0.023148148148148095
0 0.4377572016460905 0.38049768518518523 0.05246913580246921 0.04571759259259256
0 0.49176954732510286 0.6070601851851851 0.05144032921810704 0.026620370370370416
0 0.5725308641975307 0.6490162037037036 0.06275720164609058 0.03182870370370363
0 0.6167695473251029 0.7879050925925926 0.07098765432098762 0.02719907407407405
0 0.4284979423868312 0.8501157407407407 0.06275720164609058 0.02662037037037024
0 0.25771604938271603 0.8932291666666666 0.04218106995884775 0.02951388888888893
0 0.23353909465020578 0.5344328703703703 0.053497942386831296 0.04224537037037042
0 0.10030864197530863 0.5436921296296295 0.04835390946502057 0.0387731481481481
0 0.5385802469135802 0.6278935185185185 0.0895061728395062 0.02893518518518512
0 0.2139917695473251 0.9094328703703702 0.05144032921810704 0.023726851851851905
0 0.7391975308641975 0.1368634259259259 0.06481481481481492 0.029513888888888885
0 0.750514403292181 0.16493055555555552 0.06275720164609058 0.03587962962962963
0 0.17386831275720163 0.1814236111111111 0.04526748971193414 0.03182870370370372
0 0.28703703703703703 0.44791666666666663 0.053497942386831296 0.0393518518518519
0 0.6779835390946501 0.10619212962962962 0.06584362139917693 0.02604166666666665
0 0.7242798353909464 0.1976273148148148 0.06172839506172825 0.04108796296296298
0 0.09516460905349794 0.41579861111111105 0.04423868312757201 0.03298611111111107
0 0.2119341563786008 0.5636574074074073 0.06378600823045268 0.026620370370370416
0 0.6080246913580247 0.35995370370370366 0.05349794238683122 0.03240740740740744
0 0.10699588477366255 0.6495949074074073 0.059670781893004114 0.02719907407407405
0 0.7381687242798353 0.8046875 0.05658436213991757 0.04224537037037024
0 0.6589506172839505 0.5549768518518519 0.06893004115226344 0.03009259259259256
0 0.7186213991769547 0.31481481481481477 0.08127572016460899 0.02893518518518521
0 0.29012345679012347 0.7757523148148148 0.05555555555555555 0.02719907407407405
0 0.28703703703703703 0.48553240740740733 0.06790123456790119 0.026620370370370416
0 0.4686213991769547 0.11313657407407407 0.0668724279835391 0.02835648148148149
0 0.6491769547325102 0.47077546296296297 0.06378600823045259 0.021412037037037025
0 0.816358024691358 0.13252314814814814 0.0751028806584363 0.02777777777777777
0 0.4202674897119341 0.8217592592592592 0.038065843621399156 0.03125
0 0.9387860082304526 0.010416666666666666 0.06275720164609058 0.020833333333333332
0 0.19238683127572015 0.4609375 0.06584362139917693 0.03414351851851851
0 0.34104938271604934 0.502025462962963 0.06481481481481476 0.0387731481481481
0 0.8065843621399177 0.27719907407407407 0.05555555555555555 0.03472222222222223
0 0.618312757201646 0.5992476851851851 0.04732510288065836 0.02719907407407405
0 0.3230452674897119 0.43923611111111105 0.04320987654320984 0.027777777777777856
0 0.7011316872427983 0.16608796296296297 0.08333333333333333 0.03472222222222223
0 0.6332304526748971 0.5743634259259258 0.06481481481481476 0.03067129629629637
0 0.801954732510288 0.15219907407407407 0.04629629629629619 0.03472222222222223
0 0.13425925925925924 0.6333912037037036 0.052469135802469126 0.02604166666666661
0 0.31584362139917693 0.7960069444444444 0.05555555555555555 0.03645833333333339
0 0.29732510288065844 0.5706018518518519 0.047325102880658436 0.03587962962962958