0 0.45059101654846334 0.009308510638297872 0.06713947990543735 0.018617021276595744
0 0.25402364066193855 0.047122340425531914 0.05107328605200941 0.03236702127659576
0 0.24604255319148938 0.07405319148936171 0.05107328605200941 0.023382978723404245
0 0.41831678486997637 0.06339361702127659 0.06244917257683211 0.031239361702127665
0 0.41113002364066187 0.09065425531914892 0.048085106382978735 0.03414361702127659
0 0.3594609929078014 0.1431063829787234 0.04449172576832139 0.03693085106382976
0 0.634581560283688 0.11741489361702129 0.04010401891252968 0.01921276595744681
0 0.7041134751773049 0.042521276595744686 0.049475177304964604 0.03438829787234041
0 0.789096926713948 0.08122872340425533 0.043895981087470656 0.04671808510638298
0 0.818127659574468 0.09256382978723404 0.03212293144208047 0.03122872340425531
0 0.8491536643026004 0.08470744680851064 0.04030260047281299 0.02450000000000001
0 0.9722222222222222 0.0984375 0.05555555555555555 0.040625
0 0.9861111111111112 0.07109375 0.027777777777777776 0.0359375
0 0.8568321513002365 0.12302127659574469 0.061645390070922054 0.03940425531914893
0 0.9012198581560282 0.13060106382978723 0.0686335697399528 0.028744680851063808
0 0.9107990543735224 0.1700372340425532 0.05267139479905438 0.04140425531914893
0 0.9722222222222222 0.20703125 0.05555555555555555 0.0328125
0 0.8697966903073285 0.2323031914893617 0.04368794326241148 0.04249999999999998
0 0.8010685579196217 0.2308457446808511 0.058260047281323876 0.0328510638297872
0 0.6370780141843972 0.18518085106382978 0.051073286052009496 0.02905851063829785
0 0.5178723404255319 0.16611170212765958 0.050080378250591036 0.022335106382978732
0 0.5316312056737589 0.19494148936170214 0.07361702127659571 0.037356382978723436
0 0.6239054373522458 0.21261702127659574 0.08857683215130029 0.028936170212765955
0 0.19696453900709218 0.18613829787234043 0.04548463356974 0.029840425531914905
0 0.2978156028368794 0.22200531914893618 0.04488888888888888 0.030882978723404265
0 0.2643971631205674 0.23934042553191487 0.06383924349881798 0.03749468085106385
0 0.18389598108747043 0.24876595744680854 0.05247281323877068 0.02941489361702123
0 0.17850591016548464 0.2848404255319149 0.05366430260047284 0.035345744680851075
0 0.31058156028368794 0.2882606382978723 0.046486997635933766 0.03657978723404254
0 0.3920851063829787 0.2734468085106383 0.05585815602836877 0.04286702127659572
0 0.424 0.25813829787234044 0.039905437352245894 0.022340425531914933
0 0.4534278959810874 0.28197872340425534 0.04488888888888896 0.02850531914893608
0 0.5604633569739953 0.2733936170212766 0.04947517730496445 0.0304148936170213
0 0.6739858156028369 0.24226063829787234 0.04109692671394798 0.03884042553191484
0 0.7064018912529549 0.3523510638297872 0.04010401891252968 0.03682446808510642
0 0.6638108747044917 0.38309574468085106 0.05666193853427899 0.021999999999999974
0 0.4846524822695036 0.35066489361702124 0.0414940898345154 0.03570212765957441
0 0.3585626477541371 0.32037234042553187 0.028728132387706908 0.028984042553191446
0 0.3214562647754137 0.3269946808510638 0.04389598108747042 0.03099999999999996
0 0.26060520094562645 0.3264893617021276 0.044293144208037837 0.022138297872340385
0 0.19836406619385344 0.3292393617021277 0.05067612293144208 0.02202127659574469
0 0.17860992907801415 0.35734042553191486 0.043895981087470504 0.027734042553191517
0 0.2129267139479905 0.35409042553191494 0.04868085106382978 0.0414202127659574
0 0.3511867612293144 0.3556595744680851 0.03391962174940899 0.03558510638297881
0 0.22758392434988176 0.40436702127659574 0.056056737588652476 0.025265957446808505
0 0.25132860520094563 0.423218085106383 0.059650118203309746 0.022569148936170257
0 0.2659952718676123 0.439936170212766 0.059054373522458625 0.01785106382978725
0 0.48046335697399517 0.4404946808510638 0.06903073286052006 0.03019148936170204
0 0.5110827423167849 0.41356382978723405 0.07640661938534268 0.03469148936170221
0 0.7531914893617022 0.4680053191489361 0.05984869976359322 0.029101063829787322
0 0.8314893617021275 0.4838244680851064 0.04528605200945637 0.04054255319148936
0 0.21801418439716314 0.4856223404255319 0.05286997635933801 0.03964361702127661
0 0.18928605200945625 0.5338085106382978 0.04329078014184399 0.03389893617021276
0 0.24205200945626482 0.5386329787234043 0.04309219858156036 0.03681382978723402
0 0.19955555555555557 0.5620851063829787 0.049872340425531944 0.018627659574468148
0 0.2935224586288416 0.5731329787234042 0.058260047281323876 0.03511702127659575
0 0.5024113475177304 0.5705 0.049078014184397195 0.024234042553191414
0 0.631290780141844 0.529941489361702 0.06743262411347517 0.02728191489361702
0 0.36314893617021277 0.6653882978723404 0.04190070921985804 0.026601063829787285
0 0.2353664302600473 0.6163563829787233 0.05166903073286054 0.02504787234042567
0 0.17172576832151298 0.6248297872340426 0.040104018912529606 0.02515957446808521
0 0.24814184397163122 0.6878297872340424 0.043687943262411405 0.029281914893617155
0 0.1679338061465721 0.7338829787234042 0.04449172576832154 0.027803191489361723
0 0.19935697399527186 0.7547553191489362 0.06942789598108748 0.020164893617021208
0 0.24334751773049643 0.7765744680851064 0.03570685579196219 0.044728723404255356
0 0.1784113475177305 0.8366223404255319 0.04747990543735223 0.03689893617021269
0 0.4809645390070922 0.745409574468085 0.03611347517730508 0.022797872340425584
0 0.5855981087470449 0.7686329787234042 0.03591489361702129 0.040069148936170154
0 0.6084444444444443 0.7496702127659575 0.0317257683215129 0.04478723404255316
0 0.6418628841607565 0.737218085106383 0.05267139479905438 0.026617021276595664
0 0.48834042553191487 0.7905106382978724 0.046884160756501106 0.02771808510638305
0 0.4548274231678487 0.8261914893617022 0.05166903073286054 0.022765957446808472
0 0.32244917257683214 0.8515478723404255 0.0642364066193854 0.024101063829787252
0 0.26349881796690305 0.918531914893617 0.041692671394799104 0.03910638297872353
0 0.19536643026004724 0.9634095744680851 0.05346572104018913 0.03909042553191462
0 0.9366335697399527 0.8401595744680851 0.047281323877068515 0.0316223404255318
0 0.7879054373522458 0.8765106382978722 0.07341843971631223 0.032505319148936354
0 0.7457021276595746 0.9084308510638298 0.05087470449172587 0.0323776595744679
0 0.8073569739952718 0.9452340425531915 0.05047754137115861 0.03864893617021252
0 0.4704869976359339 0.8683191489361702 0.16878486997635933 0.06325000000000003