0 0.31643966907180476 0.9450517836593786 0.04615813649345612 0.03164556962025315
0 0.9860724233983287 0.2125 0.027855153203342618 0.040625
0 0.21489176878620128 0.965765247410817 0.05231255469258363 0.043153049482163294
0 0.18514541415708513 0.9208860759493671 0.04410666376041364 0.032796317606444345
0 0.6410852290757795 0.05149597238204834 0.059492709258232294 0.045454545454545456
0 0.7323757656961705 0.4896432681242808 0.04923534559301975 0.0356731875719218
0 0.7872526613050572 0.21777905638665135 0.05026108195954115 0.03855005753739933
0 0.6651900336890287 0.11536248561565017 0.06051844562475353 0.05005753739930956
0 0.1456545640460171 0.5212888377445339 0.047183872859977355 0.03452243958573078
0 0.4938920604799806 0.7943037974683544 0.05231255469258363 0.045454545454545324
0 0.5585134515708191 0.7367663981588033 0.0543640274256261 0.048906789413118545
0 0.19642851418881882 0.9968354430379748 0.06462139109083856 0.006329113924050489
0 0.11898541851646469 0.8639240506329114 0.04923534559301987 0.039700805523590434
0 0.21848184606902565 0.09378596087456847 0.047183872859977355 0.04372842347525894
0 0.269768664395088 0.9490794016110472 0.05333829105910486 0.03394706559263518
0 0.643136701808822 0.1728998849252014 0.04718387285997743 0.03049482163406214
0 0.6241605790281789 0.3055235903337169 0.06462139109083864 0.04257767548906788
0 0.591337015299499 0.02013808975834292 0.0543640274256261 0.04027617951668584
0 0.69083344285206 0.5181242807825087 0.0543640274256261 0.0350978135788262
0 0.9721448467966574 0.5234375 0.055710306406685235 0.046875
0 0.8103317295517853 0.18181818181818182 0.04923534559301975 0.04257767548906788
0 0.5133810514438842 0.14096662830840048 0.05026108195954115 0.04372842347525894
0 0.34618602370092094 0.7523014959723822 0.05026108195954115 0.03164556962025315
0 0.47491593769933743 0.4358457997698504 0.07385301838952979 0.029344073647871127
0 0.9693593314763231 0.88984375 0.06128133704735376 0.0390625
0 0.6210833699286152 0.7695627157652474 0.06462139109083864 0.029344073647871127
0 0.2666914552955243 0.9067894131185271 0.07385301838952979 0.03222094361334875
0 0.5554362424712553 0.6904487917146145 0.06051844562475353 0.03337169159953977
0 0.3687522237643884 0.9088032220943614 0.05231255469258363 0.029344073647871127
0 0.5333829105910486 0.17174913693901037 0.05538976379214734 0.03855005753739933
0 0.15796340044427207 0.07019562715765247 0.05333829105910486 0.034522439585730716
0 0.4215776466402326 0.9240506329113923 0.04718387285997743 0.04257767548906806
0 0.13898727766362898 0.8181818181818181 0.06462139109083856 0.03452243958573078
0 0.4892762468306349 0.46260069044879176 0.05538976379214734 0.03452243958573078
0 0.14770603677905958 0.9833141542002302 0.06154418199127481 0.03337169159953959
0 0.5472303515390854 0.04746835443037975 0.05641550015866858 0.04200230149597238
0 0.6405723608925189 0.6962025316455697 0.07282728202300855 0.03682393555811281
0 0.8621314160611082 0.11306098964326813 0.06872433655692343 0.03739930955120827
0 0.6769860019040231 0.0008630609896432683 0.03282356372867994 0.0017261219792865366
0 0.3897798192780739 0.9766973532796317 0.059492709258232294 0.043153049482163294