0 0.5236111111111111 0.628125 0.02870370370370365 0.029166666666666608
0 0.26435185185185184 0.4229166666666666 0.026851851851851825 0.021875
0 0.4175925925925925 0.6346354166666666 0.025925925925925873 0.022395833333333393
0 0.49351851851851847 0.56015625 0.03148148148148143 0.024479166666666607
0 0.26296296296296295 0.6182291666666666 0.03888888888888889 0.025
0 0.39444444444444443 0.8684895833333333 0.03888888888888889 0.024479166666666784
0 0.3680555555555556 0.7677083333333333 0.04907407407407409 0.025
0 0.6189814814814815 0.57578125 0.03611111111111111 0.0359375
0 0.6537037037037037 0.4903645833333333 0.04814814814814809 0.0390625
0 0.2824074074074074 0.7796875 0.04259259259259262 0.03229166666666661
0 0.45 0.7041666666666666 0.03148148148148143 0.02604166666666661
0 0.6777777777777778 0.465625 0.06481481481481476 0.030208333333333393
0 0.33518518518518514 0.7854166666666667 0.044444444444444446 0.021875
0 0.6180555555555556 0.8609375 0.034259259259259205 0.033333333333333215
0 0.30416666666666664 0.8875 0.030555555555555555 0.028125
0 0.4199074074074074 0.8208333333333332 0.04537037037037032 0.025
0 0.5875 0.7658854166666667 0.03796296296296302 0.0359375
0 0.7518518518518518 0.7416666666666666 0.051851851851851746 0.029166666666666608
0 0.7296296296296295 0.6885416666666666 0.04259259259259262 0.029166666666666608
0 0.2157407407407407 0.4260416666666666 0.03888888888888889 0.03125
0 0.18333333333333332 0.6481770833333333 0.04629629629629627 0.024479166666666607
0 0.7402777777777778 0.5096354166666666 0.043518518518518415 0.024479166666666607
0 0.4782407407407407 0.8252604166666666 0.041666666666666664 0.027604166666666784
0 0.40324074074074073 0.6153645833333333 0.03981481481481476 0.0328125
0 0.2675925925925926 0.5364583333333333 0.03888888888888889 0.03229166666666661
0 0.5717592592592592 0.5848958333333333 0.041666666666666664 0.028125
0 0.26435185185185184 0.3846354166666667 0.037962962962962934 0.031770833333333304
0 0.8662037037037037 0.5208333333333333 0.04722222222222222 0.029166666666666608
0 0.46574074074074073 0.4200520833333333 0.03888888888888889 0.03385416666666661
0 0.561574074074074 0.4903645833333333 0.050925925925925875 0.041145833333333395
0 0.38333333333333336 0.3536458333333333 0.051851851851851906 0.030208333333333302
0 0.6060185185185185 0.45546875 0.05462962962962968 0.0203125
0 0.4893518518518518 0.7255208333333333 0.04722222222222222 0.039583333333333394
0 0.8375 0.39557291666666666 0.04907407407407397 0.034895833333333307
0 0.23657407407407405 0.5216145833333333 0.045370370370370394 0.0328125
0 0.7486111111111111 0.5736979166666666 0.056481481481481584 0.0359375
0 0.6513888888888889 0.8549479166666666 0.03981481481481476 0.03802083333333321
0 0.837037037037037 0.81171875 0.044444444444444446 0.0265625
0 0.7402777777777778 0.45572916666666663 0.041666666666666664 0.02604166666666661
0 0.7828703703703703 0.4578125 0.04907407407407397 0.02083333333333339
0 0.8773148148148148 0.4744791666666666 0.06018518518518508 0.030208333333333393
0 0.687037037037037 0.77578125 0.04629629629629635 0.04010416666666661
0 0.7662037037037036 0.7096354166666666 0.04907407407407397 0.0390625
0 0.4375 0.7635416666666666 0.05462962962962968 0.027083333333333393
0 0.5606481481481481 0.6200520833333333 0.049074074074074124 0.0328125
0 0.3842592592592592 0.4640625 0.035185185185185236 0.034375
0 0.6796296296296296 0.6541666666666666 0.06481481481481476 0.028125
0 0.5314814814814814 0.5315104166666667 0.05 0.027604166666666607
0 0.4592592592592592 0.6385416666666666 0.037037037037036986 0.029166666666666608
0 0.40648148148148144 0.43046875 0.027777777777777776 0.027604166666666607
0 0.6143518518518518 0.4268229166666666 0.05648148148148143 0.0421875
0 0.4212962962962963 0.51953125 0.044444444444444446 0.027604166666666607
0 0.40879629629629627 0.50078125 0.06388888888888888 0.021354166666666608
0 0.6828703703703703 0.6877604166666667 0.06018518518518516 0.024479166666666607
0 0.922685185185185 0.51953125 0.05462962962962952 0.025520833333333392
0 0.20277777777777778 0.58984375 0.05185185185185182 0.030729166666666606
0 0.7574074074074073 0.4822916666666666 0.04074074074074063 0.029166666666666608
0 0.23287037037037037 0.7869791666666666 0.05092592592592595 0.02604166666666661
0 0.8893518518518517 0.7997395833333332 0.04907407407407397 0.029687499999999912
0 0.25046296296296294 0.6455729166666666 0.05277777777777778 0.027604166666666607
0 0.16666666666666666 0.6752604166666666 0.03518518518518518 0.03385416666666661
0 0.9 0.7713541666666666 0.05370370370370381 0.03645833333333339
0 0.9402777777777778 0.47890625 0.041666666666666664 0.031770833333333394
0 0.34907407407407404 0.5174479166666666 0.044444444444444446 0.030729166666666606
0 0.24675925925925923 0.8065104166666666 0.045370370370370394 0.024479166666666698
0 0.24675925925925923 0.8447916666666666 0.037962962962962934 0.03229166666666679
0 0.5398148148148147 0.6674479166666666 0.05555555555555555 0.022395833333333393
0 0.49027777777777776 0.775 0.05277777777777778 0.038541666666666606
0 0.2986111111111111 0.4697916666666666 0.037962962962962934 0.025
0 0.9060185185185184 0.42057291666666663 0.050925925925926034 0.0296875
0 0.30787037037037035 0.5380208333333333 0.04907407407407405 0.022916666666666606
0 0.7023148148148147 0.3885416666666667 0.04722222222222222 0.021875
0 0.6222222222222222 0.69375 0.05 0.03645833333333339
0 0.6027777777777777 0.7919270833333333 0.05 0.03489583333333339
0 0.20185185185185184 0.8825520833333332 0.05740740740740738 0.025520833333333215
0 0.6976851851851852 0.5455729166666666 0.0731481481481481 0.027604166666666607
0 0.8337962962962961 0.5325520833333333 0.06203703703703714 0.0328125
0 0.46805555555555556 0.57265625 0.05648148148148143 0.0234375
0 0.6643518518518519 0.4252604166666666 0.050925925925925875 0.04322916666666661
0 0.4962962962962963 0.63828125 0.04259259259259254 0.0359375
0 0.7962962962962962 0.38229166666666664 0.03888888888888889 0.03125
0 0.7476851851851851 0.3895833333333333 0.050925925925926034 0.039583333333333345
0 0.6435185185185185 0.4419270833333333 0.03148148148148143 0.022395833333333393
0 0.8282407407407406 0.4911458333333333 0.058333333333333334 0.02083333333333339
0 0.7462962962962962 0.7908854166666666 0.04629629629629619 0.0296875
0 0.7958333333333333 0.79453125 0.050925925925926034 0.0338541666666667
0 0.7236111111111111 0.721875 0.04351851851851849 0.029166666666666608
0 0.5731481481481481 0.79375 0.020370370370370317 0.027083333333333303
0 0.9143518518518517 0.4458333333333333 0.05462962962962952 0.02604166666666661
0 0.3046296296296296 0.5190104166666666 0.05555555555555555 0.022395833333333393
0 0.4574074074074074 0.79765625 0.051851851851851906 0.025520833333333305
0 0.6120370370370369 0.48359375 0.05740740740740746 0.024479166666666607
0 0.712037037037037 0.7455729166666666 0.05370370370370373 0.0296875
0 0.6578703703703703 0.925 0.02870370370370365 0.015625