0 0.6008888888888889 0.14883333333333332 0.07100000000000001 0.03330208333333333
0 0.5171111111111111 0.14365624999999999 0.06123148148148153 0.029296875
0 0.5182407407407408 0.18490625 0.06349074074074063 0.04311458333333333
0 0.5765648148148148 0.21585937499999996 0.05803703703703715 0.031062499999999993
0 0.4654537037037037 0.24327083333333333 0.04433333333333327 0.03622395833333334
0 0.3308703703703703 0.20793229166666666 0.055037037037036995 0.03423437500000002
0 0.14228703703703702 0.27168749999999997 0.06856481481481483 0.03600000000000003
0 0.11758333333333333 0.3138333333333333 0.039824074074074095 0.03788541666666667
0 0.2538611111111111 0.35196875 0.07382407407407411 0.027515624999999932
0 0.17760185185185184 0.36649479166666665 0.041509259259259246 0.028036458333333326
0 0.3504074074074074 0.35202083333333334 0.049027777777777795 0.022343750000000016
0 0.3968055555555555 0.366125 0.040388888888888946 0.03469270833333331
0 0.8931574074074073 0.3270416666666666 0.05447222222222226 0.03259895833333326
0 0.7757592592592591 0.461125 0.05485185185185186 0.019718750000000007
0 0.5563703703703703 0.4209322916666666 0.08339814814814808 0.029140624999999965
0 0.302037037037037 0.3885520833333333 0.040574074074074123 0.02883854166666664
0 0.25508333333333333 0.39203645833333334 0.05935185185185187 0.029468749999999932
0 0.20680555555555552 0.4077239583333333 0.05672222222222219 0.03442708333333329
0 0.14660185185185187 0.4259479166666667 0.06592592592592589 0.023328124999999922
0 0.1906574074074074 0.45135416666666667 0.06649074074074074 0.01814062500000002
0 0.15571296296296294 0.4664583333333333 0.03719444444444445 0.0293333333333333
0 0.3225185185185185 0.4430052083333333 0.10030555555555559 0.050046874999999956
0 0.3689074074074074 0.41485416666666663 0.06912037037037035 0.062416666666666606
0 0.432962962962963 0.47823958333333333 0.04320370370370373 0.0328125
0 0.5429444444444443 0.5083020833333334 0.04714814814814822 0.041166666666666706
0 0.6020185185185184 0.5250468749999999 0.08076851851851849 0.03133854166666659
0 0.29894444444444446 0.48284374999999996 0.05879629629629627 0.038854166666666676
0 0.26297222222222216 0.5140572916666667 0.07513888888888884 0.02627083333333342
0 0.4833055555555556 0.5570208333333333 0.05372222222222215 0.026614583333333285
0 0.27696296296296297 0.6270572916666667 0.041138888888888815 0.04200520833333332
0 0.21018518518518517 0.61290625 0.06349074074074071 0.022156249999999923
0 0.1338333333333333 0.6282708333333333 0.07043518518518516 0.03704166666666655
0 0.1531759259259259 0.7731874999999999 0.060296296296296306 0.023630208333333336
0 0.2200462962962963 0.7704375 0.03625000000000003 0.03081770833333337
0 0.2884259259259259 0.7975885416666666 0.06029629629629633 0.03228645833333319
0 0.2811944444444444 0.8197760416666666 0.05672222222222219 0.020859375000000215
0 0.6126296296296296 0.8745989583333333 0.04000925925925935 0.02358854166666653
0 0.8817037037037037 0.8815156249999999 0.0503425925925926 0.02495833333333337
0 0.7146203703703703 0.8388385416666665 0.05240740740740735 0.046104166666666654
0 0.7479629629629629 0.8327135416666666 0.030805555555555645 0.038078125000000185
0 0.7757592592592591 0.830125 0.04132407407407407 0.03818750000000008
0 0.887712962962963 0.7757760416666667 0.05485185185185186 0.027750000000000163
0 0.7395092592592591 0.7745052083333333 0.07025000000000013 0.02521354166666665
0 0.7910740740740739 0.7340989583333333 0.0437685185185185 0.029984375000000084
0 0.6233333333333333 0.7521614583333334 0.042638888888888796 0.04286458333333343
0 0.5822962962962963 0.7292447916666667 0.06011111111111123 0.01604687499999997
0 0.5626666666666666 0.7098020833333333 0.05277777777777778 0.03210937500000011
0 0.4601944444444444 0.6800677083333333 0.04883333333333329 0.026520833333333372
0 0.4596388888888888 0.7089583333333334 0.043953703703703675 0.026192708333333314
0 0.6140370370370369 0.6999791666666667 0.05222222222222225 0.027255208333333236
0 0.6648425925925925 0.68640625 0.05127777777777788 0.040885416666666605
0 0.7311481481481481 0.6915833333333332 0.04789814814814816 0.03475520833333334
0 0.763175925925926 0.638234375 0.06499074074074068 0.03583854166666658
0 0.6525462962962962 0.730828125 0.06987037037037046 0.024703124999999916
0 0.6860740740740741 0.7192083333333333 0.05540740740740731 0.031895833333333276