0 0.4606481481481481 0.10104166666666665 0.15462962962962967 0.06979166666666665
0 0.2611111111111111 0.7059895833333333 0.048148148148148176 0.0359375
0 0.5310185185185184 0.7549479166666666 0.03796296296296302 0.0234375
0 0.38379629629629625 0.65234375 0.060185185185185196 0.0359375
0 0.6509259259259259 0.2614583333333333 0.06111111111111111 0.0364583333333333
0 0.7689814814814814 0.4611979166666666 0.050925925925926034 0.024479166666666607
0 0.30277777777777776 0.11380208333333333 0.06851851851851849 0.034895833333333334
0 0.24444444444444444 0.19557291666666665 0.040740740740740716 0.0390625
0 0.7796296296296296 0.11796875 0.06851851851851841 0.03697916666666665
0 0.9189814814814814 0.47109375 0.056481481481481584 0.036979166666666605
0 0.8263888888888888 0.19817708333333334 0.04537037037037048 0.03385416666666665
0 0.6175925925925926 0.6244791666666666 0.04074074074074079 0.03229166666666661
0 0.1759259259259259 0.24166666666666664 0.07037037037037037 0.044791666666666695
0 0.5662037037037037 0.8114583333333332 0.05277777777777778 0.030208333333333302
0 0.20648148148148146 0.2875 0.03703703703703706 0.029166666666666695
0 0.9134259259259259 0.81328125 0.043518518518518415 0.030729166666666696
0 0.14305555555555555 0.7151041666666667 0.04537037037037036 0.03541666666666661
0 0.4930555555555556 0.77265625 0.043518518518518574 0.022395833333333393
0 0.35694444444444445 0.56015625 0.041666666666666664 0.03385416666666661
0 0.21898148148148147 0.6880208333333333 0.045370370370370394 0.03125
0 0.18703703703703703 0.8510416666666666 0.06296296296296294 0.033333333333333215
0 0.42870370370370364 0.7190104166666667 0.04814814814814809 0.019270833333333393
0 0.4421296296296296 0.5713541666666666 0.04722222222222222 0.040625
0 0.19444444444444445 0.59375 0.05 0.025
0 0.6412037037037036 0.6703125 0.05648148148148143 0.025
0 0.786574074074074 0.3916666666666666 0.058333333333333334 0.024999999999999956
0 0.17222222222222222 0.7940104166666666 0.04629629629629627 0.0234375
0 0.20879629629629626 0.3924479166666667 0.041666666666666664 0.027604166666666697
0 0.6046296296296296 0.8692708333333332 0.03888888888888889 0.029166666666666785
0 0.33935185185185185 0.621875 0.041666666666666664 0.02604166666666661
0 0.9356481481481481 0.07265625 0.05462962962962952 0.03697916666666665
0 0.17777777777777778 0.01640625 0.07407407407407404 0.0296875
0 0.13842592592592592 0.60078125 0.0398148148148148 0.030729166666666606
0 0.5319444444444444 0.60234375 0.058333333333333334 0.022395833333333393
0 0.22083333333333333 0.04114583333333333 0.04351851851851849 0.04895833333333334
0 0.625 0.56796875 0.04629629629629635 0.022395833333333393
0 0.7314814814814814 0.3130208333333333 0.05185185185185182 0.04375
0 0.2185185185185185 0.7885416666666666 0.05 0.029166666666666695
0 0.14583333333333334 0.8083333333333332 0.04907407407407405 0.025
0 0.6606481481481481 0.328125 0.058333333333333334 0.020833333333333304
0 0.17314814814814813 0.5708333333333333 0.048148148148148155 0.02604166666666661
0 0.31805555555555554 0.73828125 0.037962962962962934 0.030729166666666606
0 0.42731481481481476 0.7697916666666667 0.03981481481481476 0.02604166666666661
0 0.5731481481481481 0.017447916666666667 0.04629629629629635 0.034895833333333334
0 0.7731481481481481 0.9057291666666666 0.044444444444444446 0.03645833333333322
0 0.5004629629629629 0.2825520833333333 0.05462962962962968 0.027604166666666697
0 0.3074074074074074 0.6309895833333333 0.048148148148148176 0.0359375
0 0.22453703703703703 0.6419270833333333 0.058333333333333334 0.030729166666666606
0 0.35787037037037034 0.68046875 0.058333333333333334 0.03385416666666661
0 0.4685185185185185 0.047135416666666666 0.04814814814814809 0.025520833333333326
0 0.3828703703703703 0.5372395833333333 0.043518518518518574 0.022395833333333393
0 0.2935185185185185 0.7229166666666667 0.048148148148148176 0.0375
0 0.7851851851851851 0.3533854166666667 0.06851851851851841 0.0234375
0 0.7296296296296295 0.92578125 0.05185185185185182 0.0390625
0 0.15833333333333333 0.10078125 0.05925925925925927 0.0390625
0 0.7013888888888888 0.4106770833333333 0.054629629629629604 0.031770833333333345
0 0.6967592592592592 0.515625 0.07314814814814817 0.025
0 0.29259259259259257 0.7640625 0.05185185185185182 0.021875
0 0.5972222222222222 0.005989583333333333 0.035185185185185236 0.0109375
0 0.3972222222222222 0.7450520833333333 0.044444444444444446 0.0359375
0 0.7162037037037037 0.35651041666666666 0.06018518518518516 0.024479166666666698
0 0.3143518518518518 0.5809895833333333 0.06759259259259262 0.024479166666666607
0 0.6861111111111111 0.6666666666666666 0.05185185185185182 0.046875
0 0.2652777777777778 0.8934895833333332 0.05092592592592595 0.0328125
0 0.24398148148148147 0.7325520833333333 0.054629629629629604 0.025520833333333392
0 0.5347222222222222 0.7916666666666666 0.08055555555555556 0.028125
0 0.9013888888888889 0.31744791666666666 0.03611111111111111 0.030729166666666696
0 0.7754629629629629 0.48203125 0.04907407407407397 0.02864583333333339
0 0.3087962962962963 0.6645833333333333 0.062037037037037064 0.025
0 0.5976851851851852 0.5546875 0.049074074074074124 0.029166666666666608
0 0.6189814814814815 0.7458333333333333 0.05648148148148143 0.027083333333333393
0 0.2111111111111111 0.890625 0.03518518518518516 0.021875
0 0.7328703703703703 0.14505208333333333 0.04907407407407405 0.0328125
0 0.41481481481481475 0.6776041666666666 0.059259259259259206 0.028125
0 0.474537037037037 0.8575520833333332 0.03611111111111111 0.0296875
0 0.4231481481481481 0.7002604166666666 0.04814814814814809 0.021354166666666608
0 0.6064814814814814 0.7684895833333333 0.044444444444444446 0.0234375
0 0.5685185185185185 0.7682291666666666 0.04259259259259254 0.027083333333333393
0 0.7111111111111111 0.9518229166666666 0.04629629629629627 0.036979166666666785
0 0.6407407407407407 0.728125 0.06111111111111111 0.028125
0 0.7254629629629629 0.3828125 0.058333333333333334 0.029166666666666695
0 0.6814814814814815 0.38229166666666664 0.07407407407407404 0.030208333333333302
0 0.7717592592592593 0.3700520833333333 0.043518518518518415 0.028645833333333304
0 0.6337962962962963 0.6515625 0.06018518518518524 0.02083333333333339