0 0.4798480396218838 0.06178489702517163 0.062211966879776696 0.045766590389016
0 0.6241594054167756 0.3340961098398169 0.0632318351892812 0.034324942791762056
0 0.5828547388818419 0.273741418764302 0.04385433730869502 0.029176201372997746
0 0.7771396518424559 0.7977688787185355 0.0530331520942357 0.04061784897025174
0 0.1861259664845777 0.8283752860411899 0.04385433730869502 0.03203661327231124
0 0.3115697685536355 0.6927917620137299 0.04793381054671319 0.027459954233409613
0 0.3890797600759802 0.7110983981693364 0.04793381054671319 0.035469107551487335
0 0.38398041852845755 0.04948512585812357 0.05201328378473136 0.04061784897025171
0 0.15501998304468936 0.34668192219679633 0.06527157180829024 0.03089244851258579
0 0.6272190103452892 0.808066361556064 0.04487420561819953 0.02688787185354684
0 0.6705634134992319 0.40703661327231117 0.045894073927704025 0.03489702517162474
0 0.5410401381921559 0.7645881006864989 0.035695390832658686 0.029176201372997746
0 0.6828018332132864 0.11899313501144164 0.045894073927704025 0.04004576659038901
0 0.22437102809099774 0.4356407322654462 0.038754995761172355 0.021167048054919847
0 0.7184972240459451 0.23627002288329518 0.05813249364175837 0.029748283752860427
0 0.5175831670735516 0.3901601830663616 0.03977486407067685 0.03432494279176197
0 0.43548376815843653 0.2683066361556064 0.048953678856217694 0.03089244851258579
0 0.4721990273005998 0.23426773455377572 0.05303315209423586 0.024599542334096114
0 0.6302786152738027 0.6458810068649885 0.059152361951263034 0.026315789473684247
0 0.6736230184277455 0.284324942791762 0.04793381054671319 0.027459954233409613
0 0.8413913553412415 0.4410755148741418 0.04691394223720869 0.03432494279176197
0 0.6935104504630839 0.05263157894736842 0.05303315209423586 0.029748283752860406
0 0.23354984287653857 0.3209382151029748 0.059152361951263034 0.029748283752860427
0 0.7332853145337609 0.9364988558352403 0.08566893799838105 0.04462242562929077
0 0.41049699457557537 0.5005720823798627 0.05405302040374036 0.028604118993134975
0 0.14278156333063494 0.10612128146453088 0.04691394223720861 0.03832951945080092
0 0.4181460068968595 0.1570366132723112 0.06731130842729936 0.03947368421052633
0 0.2330399087217863 0.7379862700228832 0.0642517034987857 0.029748283752860337
0 0.17694715169903688 0.5969679633867278 0.06629144011779478 0.032608695652173836
0 0.28709292912552664 0.4393592677345538 0.05609275702274945 0.03089244851258588
0 0.43650363646794105 0.03661327231121281 0.0509934154752267 0.034324942791762014
0 0.8444509602697551 0.7116704805491991 0.0530331520942357 0.029748283752860337
0 0.7394045243907881 0.9064645308924485 0.07750999152234471 0.025743707093821656
0 0.1606292587469643 0.819508009153318 0.05405302040374036 0.044050343249427824
0 0.36205324987411003 0.7754576659038901 0.0509934154752267 0.032608695652173836
0 0.19887432035338434 0.3944508009153318 0.06935104504630837 0.03489702517162474
0 0.6797422282847727 0.687070938215103 0.04997354716572219 0.0389016018306636
0 0.3799009452904394 0.6264302059496567 0.06629144011779471 0.029748283752860337
0 0.687901174760809 0.6464530892448512 0.056092757022749365 0.026315789473684247
0 0.4533314635747659 0.18592677345537756 0.07037091335581287 0.0389016018306636
0 0.33298700305323076 0.1347254004576659 0.056092757022749365 0.042906178489702504
0 0.37429166958816446 0.8675629290617849 0.04691394223720869 0.025743707093821656
0 0.1794968224727982 0.06836384439359268 0.050993415475226775 0.028032036613272315
0 0.8113052402108577 0.46481693363844395 0.05813249364175837 0.038329519450800834
0 0.7613316930451356 0.16332951945080093 0.05813249364175837 0.05434782608695654
0 0.2044835960556593 0.09410755148741419 0.06017223026076761 0.031464530892448515
0 0.20295379359140253 0.6925057208237986 0.04487420561819953 0.031464530892448474
0 0.5777553973343192 0.12271167048054918 0.06017223026076753 0.031464530892448515
0 0.23405977703129083 0.20366132723112126 0.05201328378473128 0.035469107551487425
0 0.6603647304041865 0.03632723112128146 0.056092757022749365 0.04176201372997711
0 0.43650363646794105 0.7620137299771167 0.05303315209423586 0.04576659038901596
0 0.46913942237208617 0.2931922196796338 0.048953678856217694 0.028032036613272294
0 0.3192187808749195 0.6001144164759725 0.061192098570272115 0.0446224256292906
0 0.7179872898911928 0.8475400457665904 0.07139078166531737 0.032608695652173836
0 0.2738346411019677 0.5789473684210527 0.04181460068968594 0.03775743707093824
0 0.14686103656865307 0.23684210526315788 0.050993415475226775 0.04233409610983978
0 0.7465436025573197 0.880720823798627 0.06731130842729936 0.0360411899313501
0 0.3482850276957988 0.6736270022883295 0.05405302040374036 0.029176201372997746
0 0.8867754951141933 0.8458237986270023 0.04793381054671303 0.04290617848970264
0 0.543079874811165 0.2946224256292906 0.05201328378473136 0.027459954233409613
0 0.4324241632299229 0.6713386727688787 0.059152361951263034 0.030320366132723108
0 0.3691923280406418 0.12414187643020595 0.04691394223720869 0.02860411899313502
0 0.6873912406060567 0.25800915331807783 0.06731130842729936 0.029748283752860427
0 0.23813925026930896 0.14902745995423342 0.06629144011779478 0.03832951945080092
0 0.6185501297145005 0.782608695652174 0.08668880630788554 0.033180778032036604
0 0.26057635307840876 0.2554347826086957 0.0642517034987857 0.025743707093821476
0 0.31411943932739683 0.29233409610983985 0.061192098570272115 0.021739130434782615
0 0.6720932159634887 0.47997711670480553 0.07343051828432653 0.026315789473684247
0 0.5905037512031259 0.3140732265446224 0.09178814785540822 0.029748283752860427
0 0.28097371926849946 0.2242562929061785 0.05405302040374036 0.04347826086956523
0 0.26669556293543595 0.6498855835240274 0.04793381054671319 0.04347826086956523
0 0.4660798174435726 0.21252860411899316 0.06119209857027204 0.024599542334096114
0 0.6726031501182409 0.5989702517162472 0.06017223026076753 0.025171624713958885
0 0.9041132563757704 0.7534324942791761 0.05405302040374036 0.029748283752860337
0 0.7883582032470058 0.6876430205949656 0.08362920137937203 0.03661327231121288
0 0.7016693969391202 0.14931350114416475 0.06323183518928104 0.022883295194508026
0 0.31564924179165366 0.2414187643020595 0.05405302040374036 0.041189931350114416
0 0.7210468948197064 0.6195652173913043 0.04487420561819968 0.0389016018306636
0 0.3890797600759802 0.18821510297482838 0.06833117673680386 0.04233409610983978
0 0.47321889561010433 0.5177345537757436 0.04283446899919052 0.027459954233409613
0 0.33400687136273527 0.1741990846681922 0.07037091335581287 0.028032036613272294
0 0.34063601537451477 0.07894736842105263 0.07750999152234471 0.029748283752860406
0 0.6272190103452892 0.28689931350114417 0.0509934154752267 0.031464530892448474
0 0.36664265726688045 0.4922768878718535 0.06017223026076753 0.038329519450800834
0 0.26465582631642687 0.608695652173913 0.05405302040374036 0.02288329519450798
0 0.4767884346933702 0.5463386727688787 0.062211966879776696 0.024027459954233343
0 0.1902054397225958 0.3298054919908467 0.07241064997482195 0.025743707093821476
0 0.28760286328027895 0.6741990846681922 0.059152361951263034 0.02688787185354684
0 0.7909078740207671 0.4922768878718535 0.05201328378473136 0.03947368421052637
0 0.7113581458794133 0.16876430205949655 0.06833117673680386 0.0320366132723112
0 0.3396161470650102 0.4728260869565217 0.061192098570272115 0.025743707093821476
0 0.34573535692203744 0.26001144164759726 0.04691394223720869 0.037185354691075465