0 0.32746087197402235 0.0783867403314917 0.053107619384724275 0.03748618784530389
0 0.18562058511211313 0.08785082872928177 0.05542221333046062 0.03848066298342538
0 0.22709613875252005 0.11907734806629833 0.04067775742932326 0.04215469613259666
0 0.187304821557734 0.12420994475138121 0.039259453054063614 0.045436464088397785
0 0.4758608165715077 0.15559116022099445 0.03908216500715621 0.030480662983425378
0 0.567430092799212 0.15339779005524862 0.05346219547853925 0.0340662983425414
0 0.5422945874821096 0.17620994475138121 0.07247141384139481 0.02588950276243094
0 0.5791508025669831 0.19777900552486188 0.07691346435002075 0.028171270718232045
0 0.6540254543775681 0.2939613259668509 0.0593323996983641 0.026243093922651894
0 0.4068563689807476 0.18911049723756906 0.03783129934286454 0.04072928176795583
0 0.37932747503039443 0.20340883977900553 0.04315979008602782 0.03046408839779007
0 0.3995777097216024 0.22860773480662983 0.04813370473537597 0.023077348066298332
0 0.2879354868495975 0.18453038674033148 0.06963480509087552 0.03156353591160217
0 0.16830545253081763 0.1793977900552486 0.06163714430816109 0.032265193370165736
0 0.22256544422044042 0.1898563535911602 0.06537004262915708 0.02329281767955802
0 0.17976023022822757 0.20619889502762428 0.0614598562612536 0.02009944751381214
0 0.23757583219193892 0.2125193370165746 0.04387879160959696 0.033745856353591196
0 0.2829615722002493 0.22571823204419889 0.05825882208097999 0.031248618784530446
0 0.2986811123593776 0.25376243093922646 0.08082365071792423 0.03253038674033153
0 0.1796715862047738 0.26209944751381214 0.04174148571076809 0.03426519337016574
0 0.21875375121193 0.26379558011049725 0.04174148571076809 0.027690607734806603
0 0.3043641791963557 0.2848121546961326 0.04245063789839796 0.031861878453038714
0 0.36626725557487805 0.30927071823204416 0.05080287477492736 0.03792817679558018
0 0.2204379876575509 0.2897458563535912 0.09663183490050634 0.026779005524861878
0 0.18055802643931115 0.32707182320441985 0.047069976453931295 0.03268508287292819
0 0.16119423198264055 0.37743093922651927 0.047424552547746184 0.022801104972375707
0 0.20374336324043152 0.38679558011049725 0.06323273673032823 0.025585635359115955
0 0.14228350697917788 0.39496132596685085 0.053994059619261583 0.03395027624309392
0 0.4461158220348112 0.39471270718232043 0.08436941165607353 0.02648066298342542
0 0.24903060988934883 0.4603701657458563 0.0436916542267502 0.028265193370165774
0 0.256141830437526 0.48577348066298337 0.05790424598716502 0.02526519337016584
0 0.42089167269425504 0.48876243093922644 0.07655888825620594 0.031243093922651965
0 0.39078225272780437 0.519414364640884 0.041564197663860686 0.0297790055248619
0 0.3682272734267994 0.5587624309392265 0.03694485910832735 0.0347403314917127
0 0.2027584296465012 0.5912375690607735 0.04529709598485668 0.027955801104972266
0 0.3056938395481617 0.6309060773480664 0.03979131719478599 0.03156906077348065
0 0.26591237168931503 0.6493370165745855 0.0525757552440019 0.03454696132596702
0 0.1889989073392942 0.6525745856353591 0.058613398174794884 0.024088397790055182
0 0.20622539589713598 0.6675690607734805 0.04689268840702381 0.025176795580110677
0 0.1817990427676634 0.6904806629834254 0.060218839932901363 0.027160220994475105
0 0.19556841441080963 0.7295469613259669 0.053994059619261625 0.025591160220994523
0 0.21830068175872203 0.755646408839779 0.04973914649348253 0.033944751381215534
0 0.1838477046430385 0.7606795580110497 0.046183536219393945 0.03503867403314924
0 0.3253235660751935 0.7343093922651933 0.04174148571076809 0.03212707182320447
0 0.3576490866279875 0.7619060773480663 0.035349266686160064 0.03350828729281776
0 0.36076147678480736 0.728585635359116 0.03623570692069741 0.027646408839778935
0 0.32061558349620645 0.6937955801104972 0.04973914649348253 0.03578453038674034
0 0.223816309884732 0.8026298342541436 0.06429646501177297 0.029265193370165577
0 0.25702827067206324 0.8217071823204419 0.05613136551809048 0.020591160220994453
0 0.2687489804398344 0.8400828729281768 0.05825882208097999 0.02845303867403324
0 0.22141307191554194 0.8827292817679557 0.0506255867280198 0.042005524861878384
0 0.18882161929238678 0.9258121546961325 0.04760184059465367 0.03551381215469611
0 0.2449529848104772 0.9336353591160222 0.03908216500715613 0.03421546961325959
0 0.20383200726388523 0.958292817679558 0.04032318133550837 0.02075690607734799
0 0.7573154403730437 0.8841436464088398 0.060218839932901606 0.032878453038674135
0 0.833697040582342 0.8977900552486189 0.042450637898397876 0.0462209944751379
0 0.6664553163329691 0.7975690607734806 0.06145985626125376 0.02512707182320444
0 0.7090044475907601 0.7689779005524862 0.04174148571076825 0.03769060773480657
0 0.4876800196986718 0.758171270718232 0.039614029147878586 0.02504419889502767
0 0.39602209944751376 0.68492817679558 0.04813370473537597 0.04794475138121559
0 0.4258655873436033 0.6702375690607736 0.036767571061419944 0.025535911602209894
0 0.4588116160605734 0.6932983425414363 0.04760184059465375 0.02881215469613263
0 0.5682278890102956 0.6912541436464089 0.04618353621939403 0.029712707182320486
0 0.7081081580202835 0.4718453038674033 0.04351436617984263 0.029298342541436463
0 0.6428366087505193 0.5379944751381215 0.05328490743163168 0.026082872928176747
0 0.520271472321827 0.5840165745856354 0.051157450868742335 0.030447513812154804
0 0.5351932162698718 0.6160662983425413 0.05825882208098015 0.027784530386740336
0 0.6410538789455055 0.6076961325966851 0.049739146493482454 0.026994475138121567
0 0.6317364071469244 0.6323977900552487 0.07549515997476118 0.023795580110497382
0 0.6797814678588466 0.6607403314917126 0.0419187737576755 0.03245303867403297
0 0.8042967728035211 0.6547182320441989 0.06004155188599388 0.02617679558011048
0 0.8710851198079378 0.6575027624309391 0.044410655750319175 0.034944751381215514
0 0.9763231197771588 0.64921875 0.04735376044568245 0.0234375
0 0.9151411994644424 0.6054530386740331 0.04724726450083862 0.03147513812154692
0 0.8615805106265101 0.5581878453038673 0.06625648286369451 0.03757458563535927
0 0.9078526908693578 0.5606243093922652 0.05754966989335037 0.02950276243093928
0 0.7896409609258376 0.5146022099447514 0.046715400360116406 0.04107734806629822
0 0.8214346173379091 0.5227734806629833 0.028602471567737375 0.025535911602209894
0 0.8553655796488095 0.5193867403314917 0.057372381846442645 0.018762430939226603
0 0.9763231197771588 0.53515625 0.04735376044568245 0.0390625
0 0.9916434540389972 0.509375 0.016713091922005572 0.0375
0 0.5055270164206898 0.820828729281768 0.04511980793794911 0.03677348066298336
0 0.4795937148925037 0.8456850828729282 0.05577678942427551 0.03965193370165743