0 0.6219559119027339 0.7821723730814639 0.0652474899119619 0.04840613931523023
0 0.23468048790915338 0.9766824085005903 0.04209515478191093 0.0336481700118064
0 0.23783762451779672 0.7674144037780402 0.03157136608643318 0.02833530106257385
0 0.5319775185563993 0.8890200708382526 0.05577608008603201 0.03541912632821713
0 0.3930635077760932 0.7777449822904369 0.034728502695076505 0.03482880755608022
0 0.24046857169166616 0.8913813459268004 0.041042775912363154 0.04014167650531277
0 0.2146852893877457 0.9955726092089728 0.04419991252100648 0.008854781582054373
0 0.8234864654211325 0.7378984651711924 0.0431475336514587 0.03423848878394331
0 0.17048537686673923 0.9433293978748525 0.0652474899119619 0.03778040141676513
0 0.7193009573359028 0.7423258559622197 0.051566564607840905 0.02774498229043676
0 0.4888299849049406 0.9191263282172374 0.038938018173267606 0.027154663518300027
0 0.5730202944687625 0.9498229043683588 0.038938018173267606 0.03778040141676513
0 0.6929914855972085 0.8258559622195986 0.0684046265206053 0.03896103896103895
0 0.14680685230191434 0.9964580873671782 0.049461806868745316 0.0070838252656432845
0 0.7150914418577117 0.912042502951594 0.08103317295517862 0.03305785123966949
0 0.9518766875059608 0.8108028335301063 0.05998559556422311 0.02656434474616276
0 0.7624484909873616 0.8724911452184179 0.0494618068687452 0.029515938606847668
0 0.9624004762014385 0.8902007083825266 0.0620903533033185 0.03305785123966949
0 0.5672322106862496 0.8476977567886659 0.05472370121648415 0.04722550177095641
0 0.37043736208081607 0.8134592680047226 0.0399903970428153 0.03778040141676513
0 0.36885879377649444 0.6956906729634003 0.05788083782512756 0.02892561983471076
0 0.45988956599237685 0.7697756788665879 0.0441999125210064 0.03896103896103895
0 0.4093753802540837 0.876918536009445 0.0441999125210064 0.03010625737898458
0 0.2751970743867427 0.8190672963400235 0.038938018173267606 0.027744982290436936
0 0.2073186373009113 0.8727863046044865 0.04630467026010203 0.04073199527744968
0 0.667734392728062 0.8518299881936245 0.05367132234693646 0.043683589138134596
0 0.18206154443176475 0.7709563164108618 0.04419991252100648 0.03541912632821731
0 0.8987315545937982 0.8890200708382526 0.05472370121648431 0.03659976387249131
0 0.9118862904631453 0.8394332939787486 0.0662998687815096 0.03778040141676513
0 0.7713937113785175 0.9421487603305785 0.061037974433770806 0.04250295159386077
0 0.23731143508302283 0.7263872491145218 0.045252291390554256 0.03482880755608022
0 0.45988956599237685 0.9335891381345928 0.056828458955579704 0.03010625737898458
0 0.6135368809463517 0.8131641086186541 0.05472370121648415 0.021841794569067475
0 0.6282701851200205 0.935064935064935 0.04209515478191085 0.031877213695395666
0 0.8587411575509828 0.8559622195985833 0.06735224765105761 0.029515938606847668
0 0.8655816202030433 0.8993506493506492 0.06419511104241421 0.038370720188902044
0 0.811384108421333 0.8181818181818181 0.05472370121648431 0.02479338842975203
0 0.8697911356812345 0.755608028335301 0.051566564607840905 0.04132231404958677
0 0.2809851581692554 0.8710153482880756 0.058933216694675335 0.027744982290436936
0 0.3983254021238321 0.8533057851239668 0.0684046265206053 0.025383707201888938
0 0.32992077560322686 0.8707201889020071 0.0473570491296498 0.03659976387249131
0 0.9439838459843524 0.7830578512396694 0.056828458955579704 0.03600944510035422
0 0.6203773435984122 0.8409090909090908 0.06419511104241421 0.03010625737898458
0 0.6798367497278613 0.780401416765053 0.06314273217286635 0.053128689492325874
0 0.9777158774373259 0.84296875 0.04456824512534819 0.0328125
0 0.7692889536394222 0.7461629279811098 0.056828458955579704 0.044864226682408415
0 0.2820375370388032 0.8940377804014167 0.05051418573829313 0.024203069657615116
0 0.7798127423348997 0.8432703659976386 0.05051418573829321 0.0312868949232584
0 0.7635008698569093 0.8140495867768595 0.0536713223469363 0.03305785123966949
0 0.6566844145978104 0.7966351829988193 0.03788563930371975 0.025383707201888938