0 0.7863447703827553 0.10521688159437281 0.04911389263520188 0.034583821805392746
0 0.19384312944319085 0.8481828839390386 0.047023939757108314 0.0316529894490035
0 0.259154156883619 0.20838218053927315 0.050158869074248824 0.03810082063305975
0 0.24034458098077568 0.01201641266119578 0.052248821952342546 0.02403282532239156
0 0.5068135729377227 0.19050410316529895 0.0689684449770921 0.055099648300117245
0 0.651020321526188 0.38042203985932005 0.0501588690742489 0.022274325908558
0 0.504723620059629 0.1298358733880422 0.060608633464717364 0.048651817116060946
0 0.9195792663612288 0.21541617819460726 0.05433877483043619 0.02872215709261434
0 0.1358469370760906 0.9563305978898008 0.05015886907424886 0.027549824150058556
0 0.3835063531301942 0.31506447831184053 0.06687849209899853 0.035756154747948445
0 0.6416155335747664 0.19724501758499413 0.05642872770852991 0.031066822977725693
0 0.6996117259418667 0.28223915592028137 0.04911389263520188 0.04747948417350525
0 0.11651487295372387 0.977725674091442 0.04702393975710827 0.03751465416178199
0 0.1577914422960745 0.91031652989449 0.04388901043996773 0.036342321219226294
0 0.7408882952842173 0.18083235638921452 0.05433877483043619 0.0439624853458382
0 0.7299160426742254 0.024912075029308322 0.08046318580660743 0.04279015240328253
0 0.3605168714711635 0.18552168815943731 0.06269858634281109 0.03223915592028135
0 0.28109866210360285 0.8739742086752639 0.04388901043996773 0.02579132473622501
0 0.44986235700966926 0.3903868698710434 0.06792346853804523 0.0433763188745603
0 0.5439102365238859 0.7570339976553341 0.047023939757108314 0.03106682297772565
0 0.3124479552750084 0.3601992966002345 0.04597896331806145 0.034583821805392746
0 0.19645557054080795 0.21688159437280188 0.062698586342811 0.029308323563892104
0 0.4216479931554043 0.021101992966002344 0.03448422248854613 0.032825322391559206
0 0.40179344081351415 0.007327080890973036 0.049113892635202036 0.014654161781946073
0 0.455609727424427 0.7526377491207503 0.041799057561874006 0.0316529894490035
0 0.5141284080110506 0.02022274325908558 0.0501588690742489 0.04044548651817116
0 0.3814164002521006 0.7819460726846424 0.03552919892759299 0.03985932004689339
0 0.9096519901902838 0.5975967174677608 0.06583351565995167 0.03223915592028135
0 0.6358681631600087 0.8924384525205158 0.05747370414757678 0.029894490035169953
0 0.49166141457154333 0.2552754982415006 0.05329379839138933 0.029894490035169953
0 0.3505895953002185 0.7971864009378663 0.04075408112282714 0.0328253223915592
0 0.5606298595486355 0.7992379835873388 0.07210337429423269 0.027549824150058556
0 0.30826804951882103 0.6755568581477139 0.04388901043996773 0.03106682297772565
0 0.28789100895740743 0.33997655334114885 0.040754081122827225 0.0328253223915592
0 0.6572901801604693 0.08323563892145369 0.05851868058662364 0.042203985932004695
0 0.8365036394570041 0.09114888628370457 0.0595636570256705 0.05216881594372802
0 0.5209207548648551 0.7769636576787808 0.07837323292851386 0.03106682297772565
0 0.2220574932974558 0.291031652989449 0.047023939757108314 0.03692848769050414
0 0.7351409248694597 0.06740914419695193 0.07210337429423284 0.0339976553341149
0 0.7926146290170364 0.06359906213364595 0.051203845513295605 0.041617819460726846
0 0.5449552129629327 0.00996483001172333 0.03448422248854613 0.01992966002344666
0 0.5653322535243464 0.05041031652989449 0.06269858634281109 0.03165298944900352
0 0.4681494446929892 0.019050410316529896 0.04597896331806145 0.03810082063305979
0 0.6588576448190394 0.2924970691676436 0.03866412824473342 0.035169988276670595
0 0.16353881271083215 0.3405627198124267 0.06792346853804532 0.025791324736225096
0 0.7048366081371009 0.37368112543962484 0.051203845513295765 0.029894490035169953
0 0.259154156883619 0.4709847596717468 0.03134929317140554 0.019343493552168845
0 0.14054933105180142 0.0451348182883939 0.05538375126948309 0.032825322391559206
0 0.8129916695784499 0.1937280187573271 0.05642872770852991 0.035756154747948396
0 0.9763231197771588 0.19609375 0.04735376044568245 0.0421875
0 0.1212172669294347 0.08323563892145369 0.04806891619615514 0.05041031652989449
0 0.44359249837538817 0.17878077373974208 0.07001342141613896 0.0316529894490035
0 0.45822216852204406 0.10316529894490034 0.03866412824473342 0.035169988276670595
0 0.6217609812328763 0.1708675263774912 0.04597896331806145 0.03927315357561549
0 0.26176659798123614 0.7734466588511137 0.07001342141613905 0.029894490035169953
0 0.32185274322643004 0.21131301289566234 0.05851868058662364 0.03106682297772565
0 0.1557014894179808 0.8470105509964829 0.04388901043996773 0.042203985932004785
0 0.2586316686640956 0.8188745603751466 0.05329379839138941 0.0316529894490035
0 0.20011298807747194 0.873388042203986 0.07837323292851386 0.0328253223915592
0 0.21213021712651073 0.8042203985932005 0.04597896331806145 0.029308323563892104
0 0.1975005469798548 0.7110199296600235 0.041799057561874006 0.036342321219226294
0 0.14472923680798885 0.7669988276670574 0.05747370414757678 0.035756154747948445
0 0.15726895407655106 0.7192262602579133 0.04493398687901459 0.04103165298944909
0 0.1541340247594105 0.6770222743259086 0.0595636570256705 0.036342321219226294
0 0.6191485401352592 0.21688159437280188 0.05747370414757678 0.028135990621336492
0 0.3761915180568663 0.8220984759671748 0.04388901043996773 0.02520515826494716
0 0.5898891998419473 0.005861664712778429 0.06374356278185794 0.011723329425556858
0 0.4660594918148955 0.22420867526377491 0.0689684449770921 0.03341148886283705
0 0.17189862422320698 0.5794255568581477 0.06583351565995159 0.028722157092614255
0 0.19436561766271426 0.7807737397420867 0.060608633464717364 0.026963657678780707
0 0.42530541069206834 0.2511723329425557 0.06269858634281109 0.029894490035169953
0 0.2779637327864623 0.8458382180539272 0.05851868058662364 0.029308323563892104
0 0.8704653737260267 0.19490035169988276 0.05224882195234247 0.035756154747948445
0 0.9805013927576601 0.15625 0.03899721448467967 0.04375
0 0.7732825648946696 0.13980070339976552 0.06478853922090481 0.0439624853458382
0 0.8192615282127311 0.13393903868698712 0.06478853922090481 0.041617819460726846
0 0.217355099321745 0.2429660023446659 0.06269858634281109 0.03223915592028135
0 0.3427522720073671 0.9006447831184057 0.05433877483043619 0.03341148886283705
0 0.17607852997939435 0.9692262602579133 0.06792346853804532 0.034583821805392746
0 0.21840007576079182 0.040738569753810086 0.05851868058662364 0.03810082063305979