0 0.5638888888888889 0.16822916666666665 0.04629629629629635 0.04479166666666665
0 0.5277777777777778 0.7731770833333333 0.05 0.02864583333333339
0 0.9287037037037037 0.34791666666666665 0.04814814814814825 0.035416666666666693
0 0.1921296296296296 0.9770833333333332 0.037962962962962955 0.033333333333333215
0 0.4722222222222222 0.8635416666666667 0.044444444444444446 0.04583333333333321
0 0.21435185185185182 0.2364583333333333 0.045370370370370394 0.0364583333333333
0 0.6810185185185185 0.5911458333333333 0.04537037037037032 0.033333333333333395
0 0.6296296296296297 0.25651041666666663 0.05555555555555555 0.0421875
0 0.13518518518518519 0.9265625 0.044444444444444446 0.03645833333333322
0 0.20972222222222223 0.20703125 0.041666666666666664 0.027604166666666673
0 0.13194444444444445 0.6182291666666666 0.04537037037037036 0.030208333333333393
0 0.7370370370370369 0.3513020833333333 0.044444444444444446 0.0338541666666667
0 0.5300925925925926 0.8140625 0.043518518518518574 0.042708333333333307
0 0.9041666666666667 0.62734375 0.05277777777777778 0.04322916666666661
0 0.3402777777777778 0.8278645833333332 0.0398148148148148 0.030729166666666786
0 0.5888888888888889 0.428125 0.05555555555555555 0.03645833333333339
0 0.600462962962963 0.2 0.05462962962962968 0.039583333333333325
0 0.6041666666666666 0.7791666666666666 0.06203703703703699 0.030208333333333393
0 0.586574074074074 0.8442708333333332 0.05648148148148143 0.027083333333333216
0 0.9013888888888889 0.95546875 0.056481481481481584 0.03802083333333321
0 0.7671296296296295 0.23203125 0.06388888888888888 0.0359375
0 0.6055555555555555 0.30885416666666665 0.04259259259259254 0.027083333333333303
0 0.48657407407407405 0.28203125 0.043518518518518574 0.0359375
0 0.7587962962962962 0.31953125 0.043518518518518415 0.036979166666666695
0 0.6759259259259258 0.01484375 0.08333333333333333 0.028645833333333325
0 0.5078703703703703 0.30859375 0.049074074074074124 0.031770833333333304
0 0.6393518518518518 0.13385416666666666 0.050925925925925875 0.040625
0 0.45555555555555555 0.54375 0.06666666666666667 0.02604166666666661
0 0.1537037037037037 0.8848958333333332 0.05555555555555555 0.03229166666666679
0 0.5115740740740741 0.19869791666666664 0.049074074074074124 0.03802083333333332
0 0.15462962962962962 0.21875 0.044444444444444446 0.034375
0 0.46944444444444444 0.5692708333333333 0.05 0.027083333333333393
0 0.649537037037037 0.6192708333333333 0.05277777777777778 0.033333333333333395
0 0.5842592592592593 0.13776041666666666 0.06481481481481476 0.025520833333333347