0 0.47850601498216183 0.14672036823935558 0.16719502774296327 0.07249712313003451
0 0.4456824512534819 0.8201956271576526 0.046158136493456195 0.02128883774453385
0 0.6272377881277427 0.02330264672036824 0.05231255469258363 0.04660529344073648
0 0.5549233742879948 0.8616225546605294 0.03897798192780737 0.03164556962025315
0 0.14257735494645335 0.14211737629459148 0.06769860019040232 0.04142692750287687
0 0.964705052713233 0.3840621403912544 0.04000371829432876 0.03394706559263518
0 0.39336989656089827 0.746547756041427 0.062569918357796 0.03970080552359025
0 0.26104990527965743 0.8035097813578826 0.04820960922649859 0.04085155350978127
0 0.30823377813963476 0.7215189873417722 0.05026108195954115 0.03682393555811281
0 0.8370008750813377 0.4228998849252014 0.07385301838952979 0.026467203682393504
0 0.7698151430741961 0.4559838895281933 0.06667286382388096 0.0350978135788262
0 0.6498039881912101 0.7177790563866513 0.04410666376041356 0.0350978135788262
0 0.9777158774373259 0.55390625 0.04456824512534819 0.0453125
0 0.23797083703292937 0.24626006904487915 0.04102945466084992 0.04372842347525889
0 0.3456731555176603 0.7137514384349828 0.0451324001269348 0.029344073647871127
0 0.819050488667216 0.5422899884925202 0.05846697289171105 0.0270425776754891
0 0.12821704581515592 0.8121403912543153 0.0471838728599774 0.04085155350978127
0 0.32105548272115036 0.8391829689298044 0.047183872859977355 0.035097813578826374
0 0.8318721932487315 0.16513233601841198 0.07795596385561473 0.04142692750287687
0 0.12513983671559215 0.6881472957422325 0.04308092739389236 0.03337169159953977
0 0.21899471425228625 0.7318757192174914 0.06051844562475361 0.03222094361334875
0 0.8262306432328647 0.5644418872266974 0.0543640274256261 0.031070195627157737
0 0.6610870882229438 0.656789413118527 0.05026108195954115 0.025891829689298086
0 0.7267342156803037 0.7669735327963176 0.05846697289171105 0.05178365937859617
0 0.8226405659500402 0.44217491369390105 0.04718387285997728 0.03279631760644417
0 0.4569655512852156 0.6582278481012659 0.05846697289171105 0.04948216340621396
0 0.12975565036493777 0.024453394706559262 0.05026108195954111 0.02819332566168009
0 0.16001487317731458 0.6550632911392406 0.05128681832606235 0.029344073647871127
0 0.2128402960531588 0.7833716915995398 0.04410666376041364 0.03624856156501721
0 0.19899285510512196 0.3475258918296893 0.0430809273938924 0.032220943613348665
0 0.5144067878104055 0.8791714614499424 0.05026108195954115 0.026467203682393504
0 0.9860724233983287 0.115625 0.027855153203342618 0.040625
0 0.7841754522054936 0.20281933256616802 0.05846697289171105 0.0362485615650173
0 0.40773020569219576 0.8504027617951669 0.048209609226498674 0.03912543153049484
0 0.7646864612415898 0.38118527042577677 0.05641550015866858 0.040851553509781445
0 0.6026201153312327 0.049194476409666274 0.05026108195954115 0.040851553509781355
0 0.5744123652518984 0.3104142692750288 0.05128681832606239 0.0350978135788262
0 0.4436309785204394 0.8754315304948216 0.046158136493456195 0.03049482163406232
0 0.16360495046013893 0.29718066743383204 0.07487875475605102 0.045454545454545504
0 0.8554641296787201 0.24654775604142695 0.05128681832606223 0.0362485615650173
0 0.8395652159976409 0.4663406214039125 0.06462139109083849 0.0270425776754891
0 0.5549233742879948 0.6872842347525892 0.06564712745735989 0.02819332566168011
0 0.2015571960214251 0.4617376294591485 0.04820960922649859 0.03049482163406214
0 0.6903205746687994 0.3213463751438435 0.0718015456564873 0.037399309551208314
0 0.16668215955970267 0.04804372842347526 0.07898170022213606 0.03049482163406214
0 0.49081485138041675 0.08112773302646721 0.05641550015866858 0.026467203682393546
0 0.6980135974177087 0.3952819332566168 0.06462139109083849 0.02301495972382046
0 0.13437146401428338 0.9148446490218642 0.05538976379214734 0.02876869965477553
0 0.7400687884450798 0.5992520138089759 0.08513611842126356 0.03394706559263518
0 0.3641364101150427 0.7767548906789413 0.059492709258232294 0.04027617951668585
0 0.1779652595914364 0.9617376294591485 0.06667286382388107 0.037399309551208404
0 0.6682672427885926 0.012370540851553511 0.05641550015866858 0.024741081703107022
0 0.6292892608607851 0.6424050632911393 0.05641550015866858 0.03164556962025315
0 0.31182385542245916 0.759493670886076 0.0656471274573598 0.02876869965477553
0 0.21181455968663757 0.8944188722669736 0.058466972891711134 0.035097813578826374
0 0.2128402960531588 0.07623705408515535 0.04615813649345612 0.052359033371691587
0 0.31592680088854413 0.6682968929804373 0.0718015456564873 0.029344073647871127
0 0.3943956329274196 0.6214039125431531 0.05026108195954115 0.026467203682393504
0 0.3631106737485215 0.6475834292289988 0.0451324001269348 0.03855005753739924
0 0.4861990377310712 0.019850402761795165 0.0451324001269348 0.03164556962025317
0 0.9763231197771588 0.928125 0.04735376044568245 0.0375
0 0.1846325459738245 0.6815304948216341 0.05538976379214734 0.029344073647871127
0 0.29028339172551293 0.8676639815880323 0.05538976379214734 0.024165707710011475
0 0.6764731337207626 0.7695627157652474 0.05846697289171105 0.0270425776754891
0 0.3015664917572467 0.1565017261219793 0.07385301838952979 0.03337169159953972
0 0.6672415064220714 0.7497123130034523 0.06462139109083864 0.02301495972382046
0 0.24002230976597186 0.8325661680092059 0.06154418199127485 0.02876869965477553
0 0.6774988700872838 0.8322784810126583 0.0687243365569236 0.032796317606444345
0 0.7446846020944254 0.48619102416570775 0.06154418199127493 0.03452243958573078
0 0.4272191966560994 0.7730149597238205 0.05641550015866858 0.029344073647871127
0 0.15950200499405393 0.8993095512082855 0.05026108195954107 0.026467203682393504
0 0.43747656032131194 0.7986191024165709 0.048209609226498674 0.02531645569620249
0 0.7580191748592017 0.42779056386651326 0.06564712745735989 0.02819332566168011
0 0.7159639838318306 0.4562715765247411 0.06564712745735989 0.031070195627157737
0 0.6533940654740344 0.8524165707710012 0.06564712745735989 0.032796317606444345
0 0.2948992053748586 0.8236478711162256 0.05231255469258363 0.04085155350978127