0 0.5854044096556033 0.3732837528604119 0.04691394223720869 0.04633867276887873
0 0.8643383923050936 0.10297482837528604 0.05201328378473136 0.054919908466819226
0 0.20805313513892518 0.41332951945080093 0.048953678856217694 0.02803203661327238
0 0.6261991420357845 0.40932494279176196 0.055072888713244866 0.03947368421052637
0 0.7761197835329512 0.5749427917620137 0.0509934154752267 0.03432494279176197
0 0.7511330099500902 0.058066361556064074 0.04793381054671303 0.04176201372997712
0 0.5084043522880107 0.034038901601830665 0.04385433730869502 0.03718535469107551
0 0.3355366738269921 0.15331807780320367 0.05303315209423586 0.027459954233409613
0 0.5293116526328537 0.4056064073226544 0.048953678856217694 0.0389016018306636
0 0.8164045817583804 0.4519450800915331 0.06629144011779471 0.03775743707093824
0 0.798556886342051 0.540903890160183 0.04691394223720869 0.03947368421052637
0 0.7133978824984224 0.8335240274599542 0.04997354716572235 0.03775743707093824
0 0.11881465805727835 0.8506864988558351 0.049973547165722235 0.03775743707093824
0 0.979108635097493 0.5734375 0.04178272980501393 0.040625
0 0.8852456926499366 0.010869565217391304 0.05711262533225402 0.021739130434782608
0 0.18867563725833902 0.021739130434782605 0.07343051828432653 0.03775743707093822
0 0.630788549428555 0.5254576659038902 0.045894073927704025 0.029176201372997746
0 0.5257421135495879 0.5257437070938215 0.04997354716572219 0.033180778032036604
0 0.9571464084700063 0.8761441647597253 0.062211966879776696 0.050915331807780365
0 0.6542455205471593 0.47168192219679633 0.05813249364175853 0.04519450800915337
0 0.32431812242244223 0.05863844393592678 0.0632318351892812 0.04176201372997712
0 0.40131817979003465 0.03518306636155606 0.062211966879776696 0.04633867276887872
0 0.5956030927506486 0.07236842105263158 0.0509934154752267 0.032608695652173905
0 0.7210468948197064 0.14473684210526316 0.0734305182843267 0.03661327231121283
0 0.6807620965942772 0.8655606407322655 0.05405302040374036 0.03890160183066378
0 0.4676096199078294 0.7783180778032036 0.07241064997482204 0.030320366132723108
0 0.7072786726413952 0.2010869565217391 0.08872854292689471 0.04633867276887873
0 0.6144706564764825 0.653604118993135 0.0642517034987857 0.0417620137299771
0 0.5048348132047449 0.49599542334096103 0.04487420561819953 0.0389016018306636
0 0.6664839402612137 0.33724256292906174 0.05405302040374036 0.039473684210526286
0 0.20397366190090702 0.4425057208237986 0.048953678856217694 0.037185354691075465
0 0.13921202424736906 0.11212814645308924 0.04793381054671315 0.04691075514874141
0 0.1478809048781576 0.4282036613272311 0.048953678856217694 0.031464530892448474
0 0.4829076445503974 0.8049199084668193 0.05201328378473136 0.03203661327231124
0 0.5884640145841168 0.049199084668192214 0.09178814785540822 0.03775743707093822
0 0.695550187082093 0.11441647597254004 0.07750999152234471 0.035469107551487425
0 0.6093713149289598 0.3329519450800915 0.06629144011779471 0.026315789473684247
0 0.7128879483436701 0.17505720823798626 0.07750999152234471 0.024027459954233388
0 0.10912590911698526 0.10840961098398169 0.0550728887132449 0.04633867276887873