0 0.5920781893004115 0.33651620370370366 0.06481481481481476 0.03530092592592595
0 0.18724279835390945 0.43981481481481477 0.03909465020576132 0.021990740740740655
0 0.5488683127572016 0.27488425925925924 0.04423868312757201 0.03009259259259256
0 0.4809670781893004 0.39641203703703703 0.04218106995884767 0.03587962962962958
0 0.6383744855967078 0.4108796296296296 0.04629629629629635 0.03587962962962958
0 0.7458847736625513 0.8078703703703702 0.05144032921810688 0.04166666666666678
0 0.2762345679012346 0.703125 0.048353909465020606 0.026620370370370416
0 0.4012345679012345 0.2705439814814815 0.0493827160493827 0.03182870370370372
0 0.10545267489711933 0.10590277777777776 0.05041152263374487 0.04050925925925926
0 0.6517489711934156 0.11776620370370369 0.04629629629629635 0.04224537037037037
0 0.43724279835390945 0.23553240740740738 0.05555555555555555 0.02662037037037033
0 0.6414609053497943 0.2847222222222222 0.05041152263374487 0.02893518518518521
0 0.3724279835390947 0.5159143518518519 0.05555555555555555 0.02719907407407405
0 0.5853909465020576 0.7936921296296295 0.08847736625514402 0.03530092592592595
0 0.1970164609053498 0.32349537037037035 0.06069958847736624 0.03009259259259256
0 0.8143004115226338 0.7196180555555556 0.05246913580246921 0.02951388888888893
0 0.20164609053497942 0.14930555555555555 0.06584362139917693 0.04050925925925926
0 0.507201646090535 0.7748842592592593 0.037037037037036986 0.03009259259259256
0 0.23045267489711935 0.6582754629629629 0.0493827160493827 0.04224537037037042
0 0.5951646090534979 0.8177083333333333 0.04629629629629635 0.027777777777777856
0 0.4454732510288065 0.5532407407407407 0.06584362139917693 0.024305555555555535
0 0.8580246913580246 0.8559027777777777 0.04938271604938286 0.04398148148148131
0 0.7325102880658436 0.16145833333333331 0.05967078189300423 0.05671296296296298
0 0.662037037037037 0.04890046296296296 0.05452674897119339 0.031828703703703706
0 0.45267489711934156 0.061921296296296294 0.05967078189300407 0.04861111111111112
0 0.1419753086419753 0.06684027777777778 0.053497942386831254 0.02719907407407407
0 0.227880658436214 0.6166087962962963 0.05658436213991772 0.022569444444444465
0 0.6491769547325102 0.6958912037037036 0.0493827160493827 0.0387731481481481
0 0.29732510288065844 0.13425925925925924 0.057613168724279816 0.04513888888888888
0 0.14814814814814814 0.8402777777777777 0.04526748971193414 0.03356481481481488
0 0.3436213991769547 0.6342592592592593 0.06995884773662545 0.02893518518518512
0 0.5972222222222222 0.6536458333333333 0.0586419753086419 0.02604166666666661
0 0.4022633744855967 0.7740162037037036 0.05555555555555555 0.046875
0 0.3559670781893004 0.04890046296296296 0.05349794238683122 0.043402777777777776
0 0.11728395061728394 0.35214120370370366 0.06584362139917697 0.03298611111111107
0 0.16255144032921806 0.3984375 0.07201646090534979 0.03761574074074066
0 0.7818930041152263 0.4684606481481481 0.05761316872427989 0.0387731481481481
0 0.19598765432098766 0.747974537037037 0.0668724279835391 0.02951388888888893
0 0.7026748971193416 0.9476273148148147 0.08641975308641968 0.04456018518518512
0 0.24434156378600821 0.22511574074074076 0.05452674897119339 0.04513888888888893
0 0.434156378600823 0.29571759259259256 0.0493827160493827 0.02893518518518521
0 0.14094650205761317 0.6050347222222222 0.06790123456790123 0.03414351851851851
0 0.23713991769547324 0.5865162037037036 0.04218106995884775 0.03761574074074066
0 0.38528806584362135 0.15711805555555552 0.07098765432098762 0.04108796296296298
0 0.1970164609053498 0.20457175925925924 0.05452674897119339 0.0364583333333333
0 0.12294238683127572 0.830150462962963 0.054526748971193424 0.04456018518518512
0 0.6846707818930041 0.23553240740740738 0.06481481481481492 0.03240740740740744
0 0.5092592592592592 0.2962962962962963 0.05349794238683122 0.02777777777777777
0 0.6409465020576132 0.6053240740740741 0.05555555555555555 0.024305555555555535
0 0.16666666666666666 0.7019675925925926 0.047325102880658436 0.03009259259259256
0 0.4187242798353909 0.18605324074074076 0.07201646090534979 0.03993055555555554
0 0.32613168724279834 0.7881944444444443 0.053497942386831296 0.03125
0 0.4305555555555556 0.21296296296296294 0.0586419753086419 0.025462962962962975
0 0.6908436213991769 0.626736111111111 0.04012345679012349 0.03819444444444446
0 0.7160493827160493 0.8920717592592592 0.06790123456790127 0.03530092592592595
0 0.1095679012345679 0.23871527777777776 0.052469135802469126 0.04456018518518521
0 0.7093621399176955 0.9181134259259259 0.07716049382716048 0.026041666666666786
0 0.5504115226337448 0.1105324074074074 0.06790123456790127 0.03587962962962963
0 0.7577160493827161 0.6958912037037036 0.08333333333333333 0.03761574074074066
0 0.8400205761316872 0.44126157407407407 0.04835390946502053 0.0387731481481481
0 0.6332304526748971 0.4918981481481481 0.07304526748971196 0.024305555555555535
0 0.6301440329218106 0.032407407407407406 0.05658436213991772 0.04398148148148147
0 0.3143004115226337 0.6820023148148148 0.05452674897119339 0.02951388888888893
0 0.3981481481481481 0.6796875 0.05967078189300407 0.03067129629629637
0 0.9830246913580246 0.32870370370370366 0.03395061728395048 0.03587962962962967
0 0.3544238683127572 0.720486111111111 0.04835390946502053 0.03472222222222214
0 0.16666666666666666 0.09288194444444445 0.05967078189300407 0.03414351851851851
0 0.2803497942386831 0.29542824074074076 0.0627572016460905 0.023726851851851815
0 0.3343621399176955 0.12355324074074074 0.047325102880658436 0.03067129629629628
0 0.22376543209876543 0.25752314814814814 0.06481481481481484 0.02662037037037033
0 0.5570987654320987 0.31626157407407407 0.09156378600823037 0.03067129629629628
0 0.875514403292181 0.7618634259259258 0.05555555555555555 0.02835648148148149
0 0.34104938271604934 0.8787615740740741 0.04629629629629635 0.03067129629629619
0 0.2546296296296296 0.4508101851851851 0.05658436213991772 0.03125
0 0.2849794238683127 0.6082175925925926 0.06172839506172841 0.04629629629629637
0 0.6867283950617282 0.8587962962962962 0.07304526748971196 0.03240740740740726
0 0.4187242798353909 0.04137731481481481 0.05349794238683122 0.03298611111111112
0 0.43878600823045266 0.5234375 0.04423868312757201 0.02835648148148149
0 0.29835390946502055 0.17505787037037035 0.07201646090534979 0.029513888888888885
0 0.3544238683127572 0.1880787037037037 0.06893004115226344 0.04282407407407409
0 0.3055555555555556 0.07783564814814814 0.08024691358024691 0.0318287037037037
0 0.15689300411522633 0.33478009259259256 0.08127572016460907 0.026041666666666696
0 0.6568930041152263 0.25839120370370366 0.07098765432098762 0.03182870370370372
0 0.2803497942386831 0.24276620370370366 0.05452674897119339 0.04340277777777777
0 0.30452674897119336 0.47829861111111105 0.057613168724279816 0.02604166666666661
0 0.7618312757201645 0.4971064814814815 0.05246913580246921 0.04050925925925917
0 0.654835390946502 0.6545138888888888 0.05246913580246921 0.024305555555555535
0 0.25051440329218105 0.6828703703703703 0.06069958847736624 0.027777777777777856
0 0.6800411522633744 0.1681134259259259 0.06790123456790127 0.03298611111111112
0 0.31069958847736623 0.26041666666666663 0.0493827160493827 0.03703703703703702
0 0.33230452674897115 0.49826388888888884 0.05967078189300407 0.03240740740740744
0 0.5941358024691358 0.2884837962962963 0.05246913580246921 0.03182870370370372
0 0.6707818930041152 0.14756944444444445 0.06378600823045259 0.024305555555555535