0 0.1573439019710333 0.020100950118764845 0.04288502636645739 0.034061757719714966
0 0.5076121980428612 0.0056413301662707836 0.0645763171649938 0.011282660332541567
0 0.6425872871992008 0.015142517814726841 0.06140043271425634 0.030285035629453682
0 0.6330808064099934 0.049394299287410924 0.07941828383143984 0.041425178147268406
0 0.5252595293074587 0.030409738717339672 0.08379041809195514 0.04020783847980995
0 0.2721097797391805 0.061199524940617575 0.05003076638061654 0.0365142517814727
0 0.2292141670912206 0.07957244655581948 0.059569006014331204 0.04163301662707837
0 0.13807686963655974 0.09149049881235154 0.07188085140168983 0.02759501187648459
0 0.13292135054486268 0.13193586698337292 0.061548640655290796 0.030522565320665062
0 0.2987131051548575 0.13471496437054634 0.04764885304256344 0.047226840855106866
0 0.3751566438841067 0.11634204275534443 0.0456692184016038 0.048343230403800466
0 0.4087151562468985 0.09858076009501186 0.054805179338225 0.02953681710213778
0 0.4412785581484593 0.12397268408551068 0.057981063788962464 0.03130641330166273
0 0.5633913152793125 0.11751187648456056 0.0647245251060283 0.03798693586698341
0 0.6800415511548972 0.07792755344418052 0.05381006887699393 0.045017814726840834
0 0.828154215655787 0.06707244655581947 0.05619198221504696 0.03555819477434678
0 0.907085530538114 0.06606294536817102 0.046060910817194704 0.05359857482185273
0 0.9538239633714659 0.008907363420427552 0.0614004327142565 0.017814726840855104
0 0.7248109356287921 0.20293349168646083 0.05003076638061646 0.04888954869358662
0 0.6745790298996288 0.2371199524940617 0.08061453364121783 0.025938242280285094
0 0.4797914502544016 0.20014845605700712 0.060362977127015494 0.03218527315914495
0 0.3386233864191241 0.1735926365795724 0.04408127617623515 0.024738717339667416
0 0.28997942291532963 0.17832541567695964 0.061950919352384226 0.03308788598574823
0 0.24748608896446314 0.20694180522565322 0.05639312156359373 0.021270783847981
0 0.14850435691648084 0.17854513064133018 0.05102587684184756 0.024625890736342047
0 0.1719317978814204 0.21089667458432304 0.06612191426435264 0.046324228028503535
0 0.13093112962240058 0.21267814726840856 0.05757878509186904 0.03385391923990495
0 0.32769834390858743 0.21401425178147265 0.05003076638061654 0.04097980997624706
0 0.49548031944104426 0.27542161520190017 0.06393055399334402 0.03571852731591454
0 0.4714600467119671 0.30679334916864603 0.06750871714117472 0.03720308788598583
0 0.7776258940445548 0.33735748218527317 0.06830268825385917 0.030397862232779092
0 0.8657884463970252 0.35105700712589066 0.061950919352384226 0.03328384798099755
0 0.6422167673466146 0.40300475059382423 0.0833881393948616 0.029144893111638835
0 0.49924903565591944 0.4513004750593824 0.059569006014331204 0.019928741092636492
0 0.18632914072476328 0.26849762470308786 0.0770363704933869 0.022986935866983416
0 0.21422399248374013 0.28414489311163893 0.05936786666578451 0.021977434679334884
0 0.22762622486585193 0.3068586698337292 0.06433283269043726 0.027309976247030843
0 0.1779871509008264 0.35875296912114013 0.05242326600017201 0.0419893111638955
0 0.14403694612244358 0.4111995249406176 0.05202098730307862 0.03773752969121134
0 0.20191214709638147 0.4218883610451306 0.05857389555310014 0.041294536817102136
0 0.2639689292637903 0.4572446555819477 0.06154864065529084 0.03738123515439433
0 0.1587307048478553 0.44705463182897864 0.04963907396502556 0.020350356294536808
0 0.19397243596953795 0.5060985748218527 0.06651360667994358 0.0315083135391923
0 0.12498163941801917 0.5175653206650831 0.037729507274760286 0.029946555819477538
0 0.3368343048452087 0.5601603325415676 0.05242326600017197 0.029370546318289746
0 0.2105505528023872 0.5890558194774347 0.05401120822554071 0.030362232779097376
0 0.4714600467119671 0.6486104513064133 0.048442824155247886 0.023610451306413437
0 0.11773003658883545 0.6389726840855107 0.04904624220088793 0.032191211401425154
0 0.1559570990942113 0.6633610451306413 0.07585070696511155 0.025279097387173443
0 0.19943495722480625 0.6884144893111639 0.03970914191571992 0.050878859857482084
0 0.13153454766804065 0.7548931116389548 0.07068460159191207 0.03904394299287404
0 0.2882856178749363 0.7712173396674584 0.0764435387292493 0.026033254156769735
0 0.4366100080058754 0.7443824228028503 0.06730757779262794 0.023592636579572536
0 0.47691198168573296 0.7044061757719715 0.0486439635037945 0.034970308788598456
0 0.5842357035576522 0.6781294536817102 0.06274489046506851 0.04032660332541553
0 0.6124269711986978 0.655688836104513 0.04764885304256344 0.047796912114014135
0 0.6532370863906733 0.6405997624703088 0.059770145362877974 0.03432897862232771
0 0.4664950806873144 0.7871199524940617 0.15526899079655146 0.07008313539192397
0 0.23240063782346052 0.8542695961995248 0.042091055253773026 0.037315914489311194
0 0.14979588325978074 0.9002553444180522 0.07544842826801816 0.046870546318289644
0 0.18712311183744765 0.9471377672209027 0.030975459676192113 0.03593824228028488
0 0.5676575867248029 0.9205760095011876 0.04348844441209739 0.03294536817102127
0 0.6831115727906099 0.9402850356294536 0.05401120822554071 0.03894893111638957
0 0.7558604992755014 0.9910926365795725 0.0614004327142565 0.017814726840855145
0 0.9511773929958516 0.9943586698337292 0.04128649785958617 0.011282660332541638
0 0.8427526978476766 0.8784323040380047 0.0635388615777528 0.0326306413301662
0 0.769283904220618 0.834334916864608 0.05162929488748753 0.030866983372921552
0 0.8170386200782062 0.7982541567695961 0.07365934669410257 0.03444180522565325
0 0.979108635097493 0.75390625 0.04178272980501393 0.0421875