0 0.4815210932857992 0.7641711229946524 0.03137254901960789 0.02459893048128343
0 0.2500297088532382 0.6254010695187165 0.030421865715983328 0.02513368983957225
0 0.6013071895424836 0.6358288770053475 0.05989304812834225 0.042780748663101595
0 0.4083184789067142 0.8371657754010695 0.027569815805109955 0.024064171122994794
0 0.5499702911467617 0.6970588235294117 0.05038621509209741 0.04010695187165769
0 0.7862150920974449 0.5938502673796792 0.03802733214497936 0.03155080213903751
0 0.6878193701723113 0.7545454545454545 0.07130124777183605 0.02887700534759361
0 0.5285799168152109 0.8705882352941176 0.051336898395721975 0.02459893048128343
0 0.7125371360665478 0.9275401069518716 0.04087938205585273 0.03048128342245988
0 0.37124183006535943 0.6679144385026737 0.037076648841354795 0.03529411764705888
0 0.6901960784313725 0.598663101604278 0.04563279857397507 0.024064171122994617
0 0.7557932263814616 0.9160427807486631 0.04753416518122404 0.0385026737967916
0 0.8898395721925133 0.9788770053475936 0.05894236482471785 0.042245989304812784
0 0.28520499108734404 0.6729946524064171 0.0380273321449792 0.024064171122994617
0 0.4087938205585264 0.7251336898395722 0.041830065359477135 0.02673796791443852
0 0.8166369578134284 0.7016042780748662 0.05894236482471785 0.0235294117647058
0 0.39358288770053473 0.6347593582887701 0.030421865715983328 0.0310160427807487
0 0.9007724301841948 0.6593582887700534 0.05609031491384447 0.0235294117647058
0 0.5114676173499703 0.8307486631016042 0.030421865715983328 0.02834224598930497
0 0.22245989304812833 0.7216577540106951 0.0437314319667261 0.036898395721925145
0 0.6692810457516339 0.8609625668449198 0.06464646464646459 0.03208556149732615
0 0.20106951871657752 0.6283422459893048 0.04087938205585265 0.03315508021390379
0 0.6055852644087938 0.7810160427807487 0.03992869875222817 0.035828877005347516
0 0.25050505050505045 0.5874331550802139 0.04087938205585265 0.03262032085561497
0 0.4544266191325015 0.6264705882352941 0.041830065359477135 0.03475935828877006
0 0.3969102792632204 0.7040106951871657 0.06369578134284018 0.019786096256684437
0 0.5200237670825906 0.7363636363636363 0.051336898395721975 0.02887700534759361
0 0.16732026143790849 0.8473262032085561 0.0437314319667261 0.02834224598930497
0 0.7306001188354129 0.7184491978609625 0.04278074866310154 0.027272727272727337
0 0.9117052881758764 0.732620320855615 0.05513963161021991 0.02887700534759361
0 0.3717171717171717 0.558288770053476 0.04943553178847301 0.02673796791443852
0 0.7306001188354129 0.6641711229946524 0.04468211527035067 0.02887700534759361
0 0.774331550802139 0.6679144385026737 0.05038621509209741 0.022459893048128343
0 0.5960784313725489 0.6636363636363636 0.05323826500297094 0.020320855614973255
0 0.2500297088532382 0.8176470588235294 0.0380273321449792 0.02887700534759361
0 0.6659536541889483 0.6740641711229947 0.06179441473559122 0.03262032085561497
0 0.2538324420677362 0.7395721925133689 0.03992869875222817 0.03422459893048124
0 0.3912061794414735 0.8184491978609625 0.04087938205585257 0.03475935828877006
0 0.23576945929887105 0.8475935828877004 0.04943553178847301 0.031016042780748522
0 0.2942364824717766 0.7411764705882352 0.044682115270350584 0.021390374331550888
0 0.8285204991087344 0.6080213903743316 0.04468211527035067 0.03529411764705888
0 0.45300059417706473 0.7767379679144384 0.05038621509209741 0.024064171122994617
0 0.8960190136660725 0.6339572192513369 0.05038621509209741 0.03048128342245988
0 0.7182412358882947 0.8949197860962567 0.04278074866310154 0.03155080213903751
0 0.8670231729055259 0.6860962566844919 0.05894236482471785 0.03208556149732615
0 0.5494949494949495 0.8264705882352941 0.04753416518122404 0.033689839572192425
0 0.6003565062388592 0.6909090909090908 0.05799168152109328 0.025668449197860887
0 0.6987522281639927 0.951336898395722 0.05513963161021991 0.03208556149732615
0 0.8541889483065953 0.732620320855615 0.0484848484848486 0.03208556149732615
0 0.7377302436125965 0.782620320855615 0.05323826500297078 0.03689839572192497
0 0.44491978609625665 0.8417112299465239 0.0380273321449792 0.029946524064171243
0 0.15163398692810456 0.8748663101604277 0.03327391562685682 0.03208556149732615
0 0.7367795603089721 0.6016042780748663 0.051336898395721975 0.03850267379679142
0 0.7353535353535352 0.990374331550802 0.046583481877599475 0.019251336898395623
0 0.643612596553773 0.6989304812834225 0.04943553178847301 0.03850267379679142
0 0.6540701128936423 0.6342245989304812 0.05323826500297094 0.044919786096256686
0 0.8808080808080807 0.9962566844919787 0.05609031491384447 0.0074866310160427215
0 0.18966131907308378 0.7893048128342246 0.05418894830659535 0.031016042780748522
0 0.4829471182412358 0.8414438502673797 0.041830065359477135 0.03903743315508024
0 0.7386809269162211 0.9478609625668449 0.05323826500297078 0.03048128342245988
0 0.9292929292929292 0.6909090909090908 0.04278074866310154 0.029946524064171066
0 0.8251931075460487 0.7427807486631016 0.060843731431966655 0.03422459893048124
0 0.6326797385620915 0.6494652406417112 0.03327391562685686 0.021925133689839525
0 0.5599524658348187 0.7903743315508021 0.0380273321449792 0.0310160427807487
0 0.3336898395721925 0.7200534759358288 0.0437314319667261 0.03262032085561497
0 0.7866904337492572 0.9909090909090909 0.0484848484848486 0.018181818181818344
0 0.4368389780154486 0.9016042780748663 0.029471182412358923 0.01711229946524071
0 0.28995840760546643 0.7216577540106951 0.05323826500297086 0.02299465240641716
0 0.7477124183006536 0.6906417112299466 0.04087938205585273 0.029411764705882425
0 0.6726084373143196 0.8930481283422459 0.06179441473559122 0.029946524064171243