0 0.8836851851851851 0.026328124999999997 0.06746296296296286 0.03556770833333332
0 0.1986296296296296 0.03440625 0.05493518518518518 0.032932291666666655
0 0.3180277777777778 0.11920833333333332 0.049925925925925915 0.03533854166666668
0 0.18468518518518517 0.12813020833333333 0.05210185185185184 0.03627604166666667
0 0.22367592592592592 0.1575677083333333 0.0382407407407407 0.03973958333333329
0 0.1862685185185185 0.16240625 0.03690740740740742 0.04283333333333332
0 0.45753703703703696 0.19198958333333332 0.0367407407407408 0.02873437499999998
0 0.5436203703703704 0.18992187499999996 0.050259259259259184 0.03211458333333332
0 0.5199907407407407 0.21142708333333332 0.06812962962962957 0.024406250000000008
0 0.5546388888888889 0.23176041666666664 0.07230555555555548 0.02655729166666667
0 0.6250277777777777 0.3224322916666667 0.05577777777777773 0.024739583333333304
0 0.3926666666666666 0.22358854166666667 0.03556481481481484 0.03839583333333332
0 0.366787037037037 0.23706770833333332 0.040574074074074123 0.028718749999999994
0 0.38582407407407404 0.2608229166666666 0.045250000000000054 0.021755208333333352
0 0.2808703703703703 0.2192708333333333 0.06546296296296303 0.02975520833333336
0 0.1684074074074074 0.21443229166666664 0.0579444444444444 0.030416666666666647
0 0.21941666666666662 0.22429166666666664 0.061453703703703705 0.021958333333333347
0 0.1791759259259259 0.23969791666666668 0.057777777777777733 0.018947916666666665
0 0.23352777777777775 0.24565625 0.04124999999999998 0.03181250000000002
0 0.27619444444444446 0.25809895833333335 0.05476851851851852 0.029458333333333364
0 0.29097222222222224 0.2845364583333333 0.07598148148148146 0.03066666666666675
0 0.17909259259259258 0.2923958333333333 0.039240740740740736 0.032302083333333356
0 0.2158333333333333 0.29399479166666664 0.039240740740740736 0.02610416666666664
0 0.29631481481481475 0.31380729166666665 0.039907407407407426 0.03003645833333337
0 0.35450925925925925 0.3368645833333333 0.047759259259259286 0.03575520833333341
0 0.21741666666666665 0.31845833333333334 0.09084259259259261 0.02524479166666671
0 0.1799259259259259 0.3536458333333333 0.04425000000000002 0.03081250000000004
0 0.1617222222222222 0.4011197916666666 0.04458333333333329 0.02149479166666666
0 0.20172222222222225 0.4099479166666667 0.05944444444444444 0.024119791666666623
0 0.14394444444444446 0.41764583333333327 0.05075925925925924 0.032005208333333354
0 0.429574074074074 0.4174114583333333 0.07931481481481484 0.0249635416666667
0 0.24429629629629626 0.47930729166666663 0.04107407407407406 0.026645833333333434
0 0.25098148148148147 0.5032552083333333 0.05443518518518518 0.023817708333333344
0 0.40586111111111106 0.5060729166666667 0.0719722222222223 0.029453125000000035
0 0.37755555555555553 0.53496875 0.03907407407407407 0.028072916666666715
0 0.35635185185185186 0.5720624999999999 0.034731481481481474 0.03275000000000006
0 0.20079629629629628 0.6026770833333334 0.04258333333333337 0.02635416666666668
0 0.29756481481481484 0.6400729166666667 0.03740740740740741 0.029760416666666602
0 0.26016666666666666 0.6574479166666667 0.049425925925925894 0.032567708333333376
0 0.1878611111111111 0.6605000000000001 0.05510185185185185 0.022708333333333285
0 0.20405555555555555 0.6746354166666666 0.04408333333333335 0.023734375000000085
0 0.18109259259259258 0.696234375 0.0566111111111111 0.02560416666666665
0 0.194037037037037 0.7330625 0.05075925925925926 0.024125000000000084
0 0.21540740740740738 0.7576666666666666 0.046759259259259285 0.03200000000000003
0 0.1830185185185185 0.7624114583333332 0.04341666666666665 0.03303124999999998
0 0.31601851851851853 0.7375520833333333 0.039240740740740736 0.03028645833333332
0 0.3464074074074074 0.7635677083333332 0.033231481481481494 0.03158854166666671
0 0.34933333333333333 0.73215625 0.034064814814814784 0.026062499999999923
0 0.31159259259259253 0.699359375 0.046759259259259285 0.03373437500000005
0 0.22059259259259256 0.8019583333333333 0.06044444444444442 0.027588541666666532
0 0.25181481481481477 0.8199427083333333 0.05276851851851853 0.019411458333333444
0 0.26283333333333336 0.8372656249999999 0.05476851851851852 0.026822916666666786
0 0.21833333333333332 0.8774687499999999 0.04759259259259257 0.03959895833333356
0 0.1876944444444444 0.9180833333333333 0.044749999999999956 0.03347916666666677
0 0.24046296296296296 0.9254583333333333 0.03674074074074072 0.03225520833333313
0 0.20180555555555554 0.948703125 0.03790740740740743 0.0195677083333333
0 0.175 0.9950520833333332 0.029629629629629624 0.009895833333333215
0 0.7221296296296296 0.8788020833333332 0.056611111111111174 0.0309947916666669
0 0.7939351851851851 0.8916666666666666 0.039907407407407426 0.043572916666666475
0 0.6367129629629629 0.7971874999999999 0.05777777777777781 0.02368750000000004
0 0.676712962962963 0.7702343749999999 0.039240740740740895 0.035531249999999834
0 0.4686481481481481 0.7600468749999999 0.03724074074074082 0.023609375000000023
0 0.3824814814814815 0.6910000000000001 0.045250000000000054 0.04519791666666677
0 0.41053703703703703 0.6771510416666666 0.0345648148148148 0.02407291666666662
0 0.44150925925925927 0.698890625 0.04475000000000004 0.027161458333333322
0 0.5443703703703703 0.6969635416666666 0.04341666666666681 0.02801041666666677
0 0.6758703703703703 0.4901249999999999 0.04090740740740747 0.027619791666666595
0 0.6145092592592591 0.5524843749999999 0.05009259259259251 0.024588541666666686
0 0.49928703703703703 0.5958697916666666 0.04809259259259259 0.028703125000000006
0 0.5133148148148148 0.6260833333333332 0.054768518518518605 0.026192708333333314
0 0.6128333333333333 0.6181927083333333 0.04675925925925921 0.025447916666666792
0 0.604074074074074 0.6414791666666667 0.07097222222222226 0.022432291666666694
0 0.6492407407407407 0.6681979166666666 0.03940740740740741 0.030593749999999885
0 0.7662962962962964 0.6625208333333333 0.05644444444444458 0.02467708333333345
0 0.8290833333333333 0.6651458333333332 0.041749999999999926 0.03294270833333339
0 0.9388796296296297 0.6583854166666666 0.06262037037037058 0.023177083333333393
0 0.8704999999999999 0.6160781249999999 0.044416666666666695 0.029671874999999837
0 0.8201481481481482 0.5715208333333333 0.06228703703703691 0.035421875000000116
0 0.863648148148148 0.5738177083333333 0.05410185185185191 0.027812500000000108
0 0.7525185185185185 0.5304322916666667 0.04391666666666683 0.03872395833333329
0 0.7824074074074073 0.5381354166666666 0.02688888888888875 0.02407291666666662
0 0.8143055555555555 0.5349427083333332 0.05393518518518508 0.017687500000000078
0 0.9314444444444444 0.5505781249999999 0.04942592592592613 0.036744791666666644
0 0.9611666666666666 0.5266770833333333 0.04875925925925913 0.03496874999999999
0 0.4854259259259259 0.8191145833333333 0.042416666666666616 0.034666666666666755
0 0.4610462962962963 0.842546875 0.05243518518518518 0.03738020833333344