0 0.3416558836840193 0.09067505720823799 0.08158946476036279 0.07494279176201371
0 0.2932121389825539 0.12042334096109839 0.10096696264094897 0.07036613272311212
0 0.4467023195629864 0.3861556064073227 0.048953678856217694 0.028604118993134975
0 0.24425846012633617 0.33123569794050345 0.05201328378473128 0.040045766590389054
0 0.4446625829439773 0.4173340961098398 0.04487420561819953 0.02803203661327238
0 0.46811955406258166 0.23998855835240276 0.059152361951263034 0.029176201372997746
0 0.7898880057112626 0.13787185354691076 0.05405302040374036 0.027459954233409613
0 0.5502189529776967 0.09496567505720824 0.0805695964508582 0.035469107551487425
0 0.6022322367624281 0.21596109839816932 0.09076827954590355 0.0360411899313501
0 0.6124309198574734 0.6001144164759725 0.04181460068968602 0.03089244851258588
0 0.1794968224727982 0.49027459954233404 0.04283446899919052 0.035469107551487335
0 0.2702651020187018 0.06693363844393593 0.04487420561819953 0.0354691075514874
0 0.4405831097059592 0.1719107551487414 0.05303315209423586 0.03832951945080092
0 0.3799009452904394 0.04576659038901602 0.045894073927704025 0.034324942791762014
0 0.5364507307993855 0.1902173913043478 0.055072888713244866 0.044050343249427915
0 0.32278831995818535 0.02402745995423341 0.05609275702274945 0.03203661327231121
0 0.7429740634740539 0.39330663615560635 0.05201328378473136 0.03489702517162474
0 0.9112523345423021 0.6018306636155606 0.062211966879776696 0.025171624713958885
0 0.1494107073424144 0.13672768878718536 0.05813249364175853 0.025171624713958795
0 0.2615962213879133 0.16847826086956522 0.05201328378473128 0.045194508009153325
0 0.8113052402108577 0.4399313501144165 0.045894073927704025 0.035469107551487335
0 0.7541926148786037 0.48512585812356973 0.06629144011779471 0.027459954233409613
0 0.6935104504630839 0.4259153318077803 0.06119209857027219 0.037185354691075465
0 0.5644971093107602 0.41876430205949655 0.05201328378473136 0.035469107551487335
0 0.7965171497230419 0.5494851258581235 0.04079473238018136 0.03489702517162474
0 0.22692069886475907 0.20566361556064075 0.06221196687977662 0.030320366132723108
0 0.09637755524817856 0.33237986270022885 0.06629144011779478 0.040045766590389054
0 0.09382788447441724 0.10326086956521738 0.06527157180829024 0.032608695652173926
0 0.21723194992446598 0.02889016018306636 0.07547025490333562 0.03260869565217391
0 0.16776833691349605 0.3149313501144165 0.0642517034987857 0.030320366132723108
0 0.24476839428108846 0.5429061784897025 0.06527157180829028 0.02288329519450798
0 0.2218213573172364 0.06836384439359268 0.05813249364175853 0.03375286041189931
0 0.10555637003371938 0.4957093821510298 0.060172230260767574 0.023455377574370752
0 0.623139537107271 0.46481693363844395 0.04283446899919052 0.04862700228832946
0 0.10861597496223299 0.15331807780320367 0.049973547165722235 0.029748283752860427
0 0.7598018905808788 0.5512013729977117 0.04079473238018136 0.038329519450800834
0 0.7812191250804739 0.33638443935926776 0.06527157180829037 0.035469107551487425
0 0.16623853444923922 0.08838672768878719 0.05711262533225399 0.03718535469107551
0 0.24833793336435434 0.5231693363844394 0.07037091335581296 0.02688787185354684
0 0.669033611034975 0.3890160183066361 0.055072888713244866 0.040045766590389054
0 0.9178814785540816 0.4859839816933638 0.06527157180829037 0.030320366132723108
0 0.6129408540122256 0.403604118993135 0.05303315209423586 0.03489702517162474
0 0.13615241931885544 0.044336384439359264 0.04793381054671315 0.03375286041189931
0 0.7297157754504949 0.5574942791762013 0.04385433730869502 0.04633867276887873
0 0.6567951913209207 0.4399313501144165 0.06731130842729936 0.027459954233409613
0 0.5741858582510533 0.4407894736842105 0.06731130842729936 0.016590389016018392