0 0.21990740740740738 0.4236979166666666 0.04351851851851849 0.0328125
0 0.32407407407407407 0.08697916666666666 0.09259259259259255 0.06666666666666668
0 0.3680555555555556 0.05859375 0.07129629629629632 0.07135416666666665
0 0.4638888888888889 0.32916666666666666 0.04629629629629635 0.028125
0 0.39444444444444443 0.01614583333333333 0.05 0.03125
0 0.2791666666666667 0.28046875 0.04722222222222222 0.036979166666666695
0 0.7939814814814814 0.3778645833333333 0.041666666666666664 0.0328125
0 0.6009259259259259 0.16927083333333331 0.08333333333333333 0.03645833333333335
0 0.6138888888888889 0.5247395833333333 0.04074074074074079 0.0296875
0 0.5597222222222222 0.06171875 0.07870370370370365 0.03802083333333332
0 0.7328703703703703 0.3356770833333333 0.04722222222222222 0.0328125
0 0.3018518518518518 0.03880208333333333 0.04259259259259262 0.032812499999999994
0 0.29583333333333334 0.13072916666666665 0.04722222222222222 0.040625
0 0.7731481481481481 0.10182291666666665 0.051851851851851746 0.027604166666666652
0 0.7425925925925926 0.4192708333333333 0.06296296296296294 0.025
0 0.7805555555555556 0.4778645833333333 0.03703703703703714 0.0328125
0 0.4606481481481481 0.3578125 0.041666666666666664 0.028125
0 0.6879629629629629 0.36484375 0.05370370370370365 0.0359375
0 0.6152777777777778 0.34375 0.049074074074074124 0.034375
0 0.5486111111111112 0.15182291666666664 0.05277777777777778 0.0421875
0 0.14444444444444443 0.07265625 0.05925925925925925 0.03072916666666665
0 0.26296296296296295 0.16614583333333333 0.05555555555555555 0.028125
0 0.2157407407407407 0.055208333333333325 0.05740740740740738 0.04270833333333333
0 0.20694444444444443 0.25651041666666663 0.06203703703703704 0.027604166666666697
0 0.7472222222222222 0.4786458333333333 0.03703703703703714 0.03541666666666661
0 0.2810185185185185 0.47265625 0.05648148148148151 0.0203125
0 0.137037037037037 0.2778645833333333 0.05925925925925925 0.0380208333333333
0 0.8851851851851851 0.5252604166666666 0.059259259259259366 0.0234375
0 0.15324074074074073 0.4296875 0.054629629629629646 0.022916666666666606
0 0.1560185185185185 0.11770833333333333 0.04537037037037036 0.029166666666666653
0 0.47870370370370363 0.1828125 0.05370370370370365 0.028125
0 0.17777777777777778 0.016927083333333332 0.04629629629629627 0.033854166666666664
0 0.6657407407407407 0.33125 0.05 0.035416666666666693
0 0.1925925925925926 0.10260416666666665 0.05370370370370371 0.025
0 0.45555555555555555 0.13203125 0.04814814814814809 0.0359375
0 0.25879629629629625 0.0390625 0.05092592592592595 0.033333333333333326
0 0.7643518518518517 0.2859375 0.06018518518518508 0.033333333333333305
0 0.8898148148148147 0.4184895833333333 0.05555555555555555 0.025520833333333392
0 0.6231481481481481 0.4013020833333333 0.03888888888888889 0.04322916666666665
0 0.28425925925925927 0.4549479166666666 0.06296296296296294 0.024479166666666607
0 0.7212962962962962 0.48515625 0.040740740740740716 0.041145833333333395
0 0.25555555555555554 0.009635416666666665 0.07222222222222222 0.018229166666666668
0 0.5699074074074074 0.35885416666666664 0.049074074074074124 0.033333333333333305
0 0.6546296296296296 0.37838541666666664 0.06296296296296301 0.025520833333333305
0 0.3560185185185185 0.007291666666666666 0.054629629629629646 0.013541666666666669
0 0.5791666666666667 0.3794270833333333 0.0657407407407408 0.016145833333333304