0 0.3675925925925925 0.11171875 0.07407407407407408 0.06822916666666665
0 0.3236111111111111 0.13880208333333333 0.09166666666666666 0.0640625
0 0.4629629629629629 0.3807291666666667 0.044444444444444446 0.026041666666666696
0 0.2791666666666667 0.33072916666666663 0.04722222222222222 0.0364583333333333
0 0.12638888888888888 0.01796875 0.056481481481481466 0.03489583333333333
0 0.46111111111111114 0.4091145833333333 0.04074074074074079 0.025520833333333347
0 0.4824074074074074 0.24765625 0.05370370370370365 0.0265625
0 0.774537037037037 0.1546875 0.04907407407407397 0.025
0 0.5569444444444445 0.115625 0.0731481481481481 0.03229166666666665
0 0.6041666666666666 0.22578125 0.08240740740740746 0.0328125
0 0.6134259259259258 0.5755208333333333 0.03796296296296302 0.028125
0 0.22037037037037036 0.4755208333333333 0.03888888888888889 0.03229166666666661
0 0.30277777777777776 0.09010416666666667 0.040740740740740716 0.03229166666666668
0 0.4574074074074074 0.18567708333333333 0.04814814814814809 0.03489583333333335
0 0.40231481481481474 0.07083333333333333 0.041666666666666664 0.03125
0 0.5444444444444444 0.20234375 0.05 0.04010416666666668
0 0.3504629629629629 0.051041666666666666 0.050925925925925916 0.029166666666666667
0 0.7319444444444444 0.3872395833333333 0.04722222222222222 0.031770833333333345
0 0.8847222222222222 0.5770833333333333 0.056481481481481584 0.022916666666666606
0 0.19305555555555556 0.15364583333333331 0.05277777777777778 0.02291666666666665
0 0.2949074074074074 0.18255208333333334 0.04722222222222222 0.04114583333333335
0 0.7939814814814814 0.4296875 0.041666666666666664 0.03229166666666661
0 0.7421296296296295 0.4708333333333333 0.06018518518518508 0.025
0 0.687037037037037 0.4169270833333333 0.05555555555555555 0.03385416666666665
0 0.5699074074074074 0.4104166666666666 0.04722222222222222 0.03229166666666665
0 0.7805555555555556 0.5294270833333333 0.03703703703703714 0.031770833333333394
0 0.2634259259259259 0.21640625 0.05648148148148151 0.027604166666666697
0 0.1449074074074074 0.3317708333333333 0.060185185185185196 0.0364583333333333
0 0.14259259259259258 0.12317708333333333 0.05925925925925925 0.0296875
0 0.2546296296296296 0.05546875 0.06851851851851849 0.0296875
0 0.20972222222222223 0.31588541666666664 0.058333333333333334 0.027604166666666697
0 0.2796296296296296 0.5234375 0.05925925925925928 0.02083333333333339
0 0.25879629629629625 0.09140625 0.05277777777777778 0.03072916666666665
0 0.15324074074074073 0.48046875 0.054629629629629646 0.021354166666666608
0 0.6231481481481481 0.45234375 0.03888888888888889 0.04427083333333339
0 0.1560185185185185 0.16875 0.04537037037037036 0.027083333333333348
0 0.7472222222222222 0.5309895833333333 0.03703703703703714 0.03489583333333339
0 0.7666666666666667 0.33541666666666664 0.059259259259259366 0.0322916666666667
0 0.20833333333333334 0.10963541666666665 0.05185185185185182 0.03385416666666665
0 0.2828703703703704 0.50546875 0.06388888888888888 0.024479166666666607
0 0.6648148148148147 0.3833333333333333 0.05 0.03645833333333335
0 0.8907407407407406 0.4716145833333333 0.059259259259259366 0.027604166666666607
0 0.6138888888888889 0.3966145833333333 0.04814814814814809 0.031770833333333345
0 0.1810185185185185 0.06953125 0.04351851851851851 0.03072916666666665
0 0.7199074074074073 0.53671875 0.039814814814814845 0.0421875
0 0.6537037037037037 0.4296875 0.06111111111111111 0.025
0 0.8819444444444444 0.006770833333333332 0.06574074074074064 0.012499999999999999
0 0.5787037037037036 0.43046875 0.06111111111111111 0.015104166666666608