0 0.4384259259259259 0.12708333333333333 0.05648148148148143 0.04166666666666665
0 0.5694444444444444 0.375 0.05740740740740746 0.03125
0 0.5319444444444444 0.3200520833333333 0.03981481481481476 0.0265625
0 0.7083333333333334 0.7971354166666667 0.048148148148148176 0.036979166666666695
0 0.17175925925925925 0.825 0.039814814814814824 0.029166666666666785
0 0.28564814814814815 0.7015625 0.04351851851851849 0.025
0 0.3560185185185185 0.7182291666666666 0.04351851851851853 0.03229166666666661
0 0.35138888888888886 0.11588541666666666 0.04722222222222222 0.03697916666666665
0 0.14351851851851852 0.3864583333333333 0.05925925925925925 0.028125
0 0.5722222222222222 0.8065104166666666 0.04074074074074079 0.024479166666666698
0 0.611574074074074 0.44140625 0.041666666666666664 0.031770833333333394
0 0.4939814814814814 0.7669270833333333 0.03240740740740746 0.0265625
0 0.6226851851851851 0.17916666666666664 0.041666666666666664 0.03645833333333335
0 0.20648148148148146 0.46744791666666663 0.03518518518518516 0.019270833333333393
0 0.6550925925925926 0.2859375 0.05277777777777778 0.027083333333333303
0 0.47268518518518515 0.4260416666666666 0.03611111111111111 0.03125
0 0.3981481481481481 0.31510416666666663 0.044444444444444446 0.028125
0 0.4314814814814814 0.2841145833333333 0.04814814814814809 0.022395833333333302
0 0.575 0.6588541666666666 0.05370370370370365 0.023958333333333394
0 0.6143518518518518 0.3296875 0.043518518518518574 0.025
0 0.7666666666666667 0.4723958333333333 0.042592592592592696 0.03125
0 0.6324074074074074 0.11875 0.04814814814814809 0.027083333333333348
0 0.2148148148148148 0.3630208333333333 0.05370370370370373 0.027083333333333303
0 0.6685185185185185 0.9234375 0.07777777777777778 0.040625
0 0.37546296296296294 0.5265625 0.04907407407407409 0.02604166666666661
0 0.1324074074074074 0.16744791666666664 0.04259259259259258 0.03489583333333335
0 0.38240740740740736 0.2138020833333333 0.06111111111111111 0.0359375
0 0.21435185185185182 0.7427083333333333 0.058333333333333334 0.027083333333333393
0 0.16342592592592592 0.6143229166666666 0.06018518518518516 0.0296875
0 0.2634259259259259 0.4708333333333333 0.05092592592592595 0.028125
0 0.399074074074074 0.10416666666666666 0.04629629629629635 0.03125
0 0.7694444444444445 0.71875 0.04814814814814825 0.027083333333333393
0 0.674074074074074 0.89609375 0.07037037037037032 0.0234375
0 0.1486111111111111 0.8169270833333332 0.04907407407407405 0.0401041666666667
0 0.3314814814814815 0.7768229166666666 0.04629629629629627 0.0296875
0 0.18333333333333332 0.4299479166666666 0.06296296296296294 0.031770833333333394
0 0.6199074074074074 0.6963541666666666 0.04537037037037032 0.03541666666666661
0 0.34768518518518515 0.6411458333333333 0.060185185185185196 0.027083333333333393
0 0.6273148148148148 0.659375 0.050925925925925875 0.023958333333333394
0 0.4143518518518518 0.24010416666666665 0.06388888888888888 0.035416666666666693
0 0.3050925925925926 0.1934895833333333 0.05092592592592595 0.03906249999999998
0 0.34259259259259256 0.8606770833333333 0.04259259259259262 0.0234375
0 0.16574074074074074 0.13307291666666665 0.04629629629629631 0.025520833333333347
0 0.7393518518518517 0.4940104166666666 0.05277777777777778 0.03489583333333339
0 0.7861111111111111 0.02109375 0.06111111111111111 0.04010416666666666
0 0.6939814814814814 0.21953125 0.05277777777777778 0.04947916666666667
0 0.1884259259259259 0.15651041666666665 0.054629629629629604 0.02864583333333335
0 0.9333333333333333 0.014583333333333332 0.0574074074074073 0.029166666666666664
0 0.18703703703703703 0.7013020833333333 0.04074074074074074 0.02864583333333339
0 0.5273148148148148 0.18255208333333334 0.05462962962962968 0.02864583333333335
0 0.2152777777777778 0.25625 0.04722222222222222 0.0322916666666667
0 0.6023148148148147 0.10390625 0.050925925925925875 0.03802083333333334
0 0.399074074074074 0.7645833333333333 0.04814814814814809 0.04166666666666661
0 0.42870370370370364 0.3377604166666667 0.044444444444444446 0.025520833333333305
0 0.29259259259259257 0.6171875 0.05555555555555555 0.040625
0 0.7064814814814814 0.06041666666666666 0.07777777777777778 0.034375
0 0.6546296296296296 0.8424479166666666 0.06481481481481476 0.0296875
0 0.2513888888888889 0.5979166666666667 0.037962962962962934 0.034375
0 0.1361111111111111 0.2864583333333333 0.04629629629629627 0.038541666666666696
0 0.6805555555555556 0.87265625 0.06111111111111111 0.0328125
0 0.3189814814814815 0.6841145833333333 0.04907407407407405 0.0265625
0 0.8078703703703703 0.8408854166666666 0.043518518518518415 0.0390625
0 0.49583333333333335 0.3390625 0.04722222222222222 0.025
0 0.3953703703703703 0.68203125 0.05370370370370365 0.027604166666666607
0 0.3379629629629629 0.18385416666666665 0.04259259259259258 0.02604166666666665
0 0.6268518518518518 0.30572916666666666 0.06111111111111111 0.027083333333333303
0 0.21898148148148147 0.20651041666666664 0.06018518518518516 0.03489583333333333
0 0.5643518518518518 0.7833333333333333 0.07870370370370365 0.030208333333333393
0 0.23935185185185182 0.30338541666666663 0.058333333333333334 0.0234375
0 0.2879629629629629 0.33697916666666666 0.05555555555555555 0.019791666666666697
0 0.6129629629629629 0.5078125 0.06666666666666667 0.023958333333333394
0 0.5388888888888889 0.3567708333333333 0.08333333333333333 0.027083333333333303
0 0.25787037037037036 0.275 0.04907407407407405 0.039583333333333304
0 0.24490740740740738 0.6625 0.04351851851851849 0.039583333333333394
0 0.4259259259259259 0.26432291666666663 0.05555555555555555 0.022395833333333302
0 0.6134259259259258 0.6161458333333333 0.05462962962962968 0.022916666666666606
0 0.8236111111111111 0.7567708333333333 0.04907407407407397 0.027083333333333393
0 0.9296296296296295 0.3690104166666667 0.04814814814814825 0.0296875
0 0.7185185185185184 0.696875 0.07592592592592595 0.033333333333333395
0 0.6398148148148147 0.2067708333333333 0.05740740740740746 0.020833333333333325
0 0.2893518518518518 0.290625 0.04907407407407405 0.0375
0 0.6574074074074073 0.6348958333333333 0.04074074074074079 0.03541666666666661
0 0.3560185185185185 0.2421875 0.06203703703703702 0.038541666666666696
0 0.4324074074074074 0.5421875 0.03888888888888889 0.025
0 0.30601851851851847 0.2294270833333333 0.06388888888888888 0.025520833333333305
0 0.312037037037037 0.14270833333333333 0.0703703703703704 0.027083333333333348
0 0.5722222222222222 0.33203125 0.04629629629629635 0.028645833333333304
0 0.33564814814814814 0.5190104166666666 0.054629629629629604 0.03489583333333339
0 0.24305555555555555 0.625 0.04907407407407405 0.02083333333333339
0 0.4356481481481481 0.5682291666666666 0.05648148148148143 0.021875
0 0.17546296296296296 0.37109375 0.06574074074074075 0.0234375
0 0.2638888888888889 0.6846354166666666 0.05370370370370373 0.024479166666666607
0 0.7208333333333333 0.5190104166666666 0.04722222222222222 0.0359375
0 0.6486111111111111 0.22447916666666665 0.06203703703703699 0.029166666666666695
0 0.3111111111111111 0.5013020833333333 0.05555555555555555 0.0234375
0 0.31666666666666665 0.3075520833333333 0.04259259259259262 0.0338541666666667