0 0.22586520947176683 0.3188524590163934 0.049544626593806936 0.03989071038251364
0 0.21032179720704314 0.7784153005464481 0.043715846994535526 0.0278688524590164
0 0.2239222829386764 0.28087431693989073 0.05343047965998788 0.02295081967213113
0 0.49204614450516093 0.4308743169398907 0.03788706739526412 0.0278688524590164
0 0.7587128111718275 0.047540983606557376 0.04857316332726182 0.03497267759562841
0 0.7208257437765634 0.4581967213114754 0.04468731026108072 0.03989071038251364
0 0.30309653916211293 0.34262295081967215 0.054401942926533074 0.027322404371584685
0 0.6790528233151183 0.5920765027322404 0.08354584092289012 0.040983606557377074
0 0.23169398907103825 0.2510928961748634 0.04177292046144506 0.03442622950819674
0 0.6635094110503946 0.5081967213114754 0.0718882817243473 0.029508196721311462
0 0.9379477838494232 0.9396174863387978 0.04760170006071639 0.040983606557377074
0 0.8301153612629022 0.5032786885245901 0.04760170006071639 0.04590163934426226
0 0.1583485124468731 0.06420765027322405 0.06800242865816636 0.04207650273224044
0 0.16320582877959927 0.3650273224043716 0.046630236794171234 0.029508196721311462
0 0.7863995142683667 0.3702185792349727 0.051487553126897484 0.030054644808743182
0 0.44201578627808136 0.10327868852459017 0.04468731026108072 0.039344262295081964
0 0.575591985428051 0.46857923497267756 0.04760170006071639 0.025683060109289536
0 0.7664845173041894 0.907103825136612 0.04468731026108072 0.03715846994535532
0 0.6683667273831209 0.2814207650273224 0.04080145719489978 0.03715846994535523
0 0.5785063752276867 0.3081967213114754 0.05537340619307827 0.02622950819672134
0 0.6086217364905889 0.8855191256830601 0.04177292046144506 0.027868852459016224
0 0.7572556162720097 0.12486338797814207 0.051487553126897484 0.03989071038251368
0 0.7825136612021859 0.8270491803278688 0.06314511232544015 0.03661202185792334
0 0.34389799635701274 0.37841530054644806 0.048573163327261665 0.03442622950819674
0 0.5114754098360657 0.7756830601092897 0.045658773527626 0.03770491803278695
0 0.5726775956284152 0.016393442622950817 0.06508803885853069 0.032786885245901634
0 0.2710382513661202 0.3622950819672131 0.04468731026108072 0.025136612021857907
0 0.38761384335154825 0.337431693989071 0.060230722525804484 0.031147540983606524
0 0.5075895567698847 0.8879781420765027 0.04760170006071639 0.0338797814207652
0 0.43084395871281117 0.21311475409836067 0.06703096539162108 0.02622950819672134
0 0.230722525804493 0.11420765027322403 0.04760170006071647 0.03825136612021858
0 0.6926533090467517 0.5398907103825137 0.06605950212507582 0.029508196721311462
0 0.1549483910139648 0.7904371584699453 0.045658773527626 0.0278688524590164
0 0.6280510018214936 0.3510928961748634 0.04760170006071639 0.03770491803278686
0 0.673224043715847 0.08005464480874316 0.05634486945962354 0.051912568306010945
0 0.328354584092289 0.5382513661202186 0.048573163327261665 0.02076502732240435
0 0.28026715239829997 0.27240437158469943 0.05925925925925928 0.0442622950819672
0 0.2987249544626594 0.13579234972677595 0.05731633272616882 0.02896174863387979
0 0.2064359441408622 0.805464480874317 0.04177292046144506 0.03060109289617472
0 0.7358834244080146 0.1521857923497268 0.051487553126897484 0.0442622950819672
0 0.621250758955677 0.2617486338797814 0.05343047965998788 0.025136612021857907
0 0.1928354584092289 0.40928961748633885 0.06703096539162108 0.027322404371584775
0 0.14766241651487555 0.21885245901639344 0.03885853066180935 0.022404371584699413
0 0.4871888281724347 0.8581967213114755 0.03982999392835451 0.03551912568306008
0 0.32689738919247113 0.16530054644808742 0.06897389192471164 0.0377049180327869
0 0.4769884638737098 0.045081967213114756 0.04274438372799033 0.03333333333333334
0 0.6023072252580449 0.7806010928961749 0.0524590163934426 0.03442622950819665
0 0.3210686095931997 0.4448087431693989 0.05731633272616882 0.030601092896174898
0 0.3458409228901032 0.30163934426229505 0.06605950212507597 0.029508196721311462
0 0.8451730418943535 0.4112021857923497 0.0563448694596237 0.02677595628415297
0 0.1384335154826958 0.269672131147541 0.06314511232544019 0.03442622950819674
0 0.39101396478445655 0.4308743169398907 0.05731633272616882 0.042076502732240506
0 0.42744383727990287 0.18415300546448088 0.038858530661809394 0.032786885245901676
0 0.5653916211293261 0.44781420765027324 0.08354584092289012 0.028961748633879836
0 0.6397085610200365 0.7150273224043715 0.05148755312689733 0.03551912568306008
0 0.11803278688524589 0.4918032786885246 0.055373406193078345 0.03825136612021858
0 0.588221007893139 0.7103825136612022 0.06508803885853069 0.024043715846994475
0 0.6839101396478445 0.5674863387978142 0.07965998785670902 0.024590163934426278
0 0.6159077109896782 0.07213114754098361 0.04468731026108072 0.03387978142076502
0 0.6285367334547662 0.8377049180327869 0.0524590163934426 0.042622950819671955
0 0.14231936854887675 0.4994535519125683 0.04177292046144506 0.032786885245901586
0 0.7436551305403765 0.9366120218579235 0.04565877352762584 0.0338797814207652
0 0.11754705525197327 0.023497267759562842 0.06217364905889495 0.036065573770491806
0 0.7319975713418336 0.34726775956284156 0.07674559805707336 0.031147540983606524
0 0.5653916211293261 0.7439890710382514 0.04468731026108072 0.04644808743169406
0 0.6338797814207651 0.31065573770491806 0.049544626593806936 0.023497267759562845
0 0.5357619914996964 0.003825136612021858 0.04760170006071639 0.007650273224043716
0 0.24529447480267155 0.34453551912568303 0.05731633272616882 0.0278688524590164
0 0.19817850637522766 0.007103825136612021 0.06605950212507589 0.014207650273224043