0 0.7625 0.19401041666666666 0.06018518518518508 0.041145833333333326
0 0.3375 0.4330729166666666 0.04907407407407409 0.022395833333333393
0 0.6217592592592592 0.5815104166666666 0.043518518518518574 0.01822916666666661
0 0.262037037037037 0.2544270833333333 0.040740740740740716 0.027604166666666697
0 0.7101851851851851 0.16588541666666665 0.07592592592592587 0.03072916666666665
0 0.9194444444444444 0.3989583333333333 0.0574074074074073 0.03645833333333335
0 0.49444444444444446 0.3661458333333333 0.05555555555555555 0.040625
0 0.42407407407407405 0.271875 0.029629629629629683 0.023958333333333304
0 0.2222222222222222 0.9197916666666666 0.05185185185185182 0.026041666666666786
0 0.1787037037037037 0.2903645833333333 0.04629629629629627 0.0265625
0 0.5310185185185184 0.259375 0.030555555555555555 0.029166666666666695
0 0.9337962962962962 0.05208333333333333 0.05277777777777778 0.033333333333333326
0 0.4106481481481481 0.12447916666666665 0.0657407407407408 0.027083333333333348
0 0.5967592592592592 0.4052083333333333 0.041666666666666664 0.034375
0 0.8458333333333333 0.7721354166666666 0.058333333333333334 0.030729166666666606
0 0.37083333333333335 0.4135416666666666 0.050925925925925916 0.025
0 0.7393518518518517 0.35234375 0.043518518518518415 0.030729166666666696
0 0.24490740740740738 0.49869791666666663 0.041666666666666664 0.030729166666666606
0 0.9430555555555555 0.13046875 0.05462962962962952 0.031770833333333345
0 0.4699074074074074 0.038802083333333334 0.041666666666666664 0.04010416666666666
0 0.4847222222222222 0.4734375 0.041666666666666664 0.022916666666666606
0 0.23287037037037037 0.9416666666666667 0.03425925925925929 0.026041666666666786
0 0.5023148148148148 0.26875 0.043518518518518574 0.038541666666666696
0 0.28425925925925927 0.4294270833333333 0.03703703703703706 0.030729166666666606
0 0.6666666666666666 0.5786458333333333 0.044444444444444446 0.023958333333333394
0 0.7444444444444445 0.31666666666666665 0.042592592592592696 0.03125
0 0.22453703703703703 0.859375 0.03611111111111111 0.03229166666666679
0 0.4638888888888889 0.4455729166666666 0.06111111111111111 0.024479166666666607
0 0.3277777777777778 0.5598958333333333 0.040740740740740716 0.027083333333333393
0 0.6226851851851851 0.0390625 0.06018518518518524 0.046875
0 0.5791666666666667 0.21015625 0.043518518518518574 0.031770833333333325
0 0.3888888888888889 0.5231770833333333 0.06111111111111111 0.02864583333333339
0 0.5486111111111112 0.30104166666666665 0.05277777777777778 0.022916666666666696
0 0.6305555555555555 0.32838541666666665 0.04814814814814809 0.034895833333333307
0 0.8009259259259258 0.0703125 0.044444444444444446 0.025
0 0.2634259259259259 0.0125 0.04351851851851849 0.02395833333333333
0 0.49907407407407406 0.1895833333333333 0.03333333333333333 0.028124999999999976
0 0.5712962962962963 0.11197916666666666 0.05555555555555555 0.04375
0 0.6648148148148147 0.49921875 0.04074074074074079 0.036979166666666605
0 0.4060185185185185 0.2484375 0.041666666666666664 0.035416666666666693
0 0.6143518518518518 0.42734375 0.04722222222222222 0.024479166666666607
0 0.4421296296296296 0.4075520833333333 0.05648148148148143 0.025520833333333347
0 0.4962962962962963 0.4192708333333333 0.05740740740740746 0.039583333333333345
0 0.20694444444444443 0.0546875 0.041666666666666664 0.0375
0 0.3504629629629629 0.14505208333333333 0.054629629629629646 0.03489583333333335
0 0.7717592592592593 0.09765625 0.041666666666666664 0.03177083333333334
0 0.25740740740740736 0.05026041666666666 0.027777777777777776 0.0265625
0 0.30648148148148147 0.5432291666666667 0.03703703703703706 0.02604166666666661
0 0.7611111111111111 0.4265625 0.04814814814814825 0.029166666666666608
0 0.9597222222222223 0.0859375 0.04537037037037048 0.03958333333333334
0 0.28009259259259256 0.653125 0.025 0.01875
0 0.9236111111111112 0.026041666666666664 0.05277777777777778 0.03645833333333333
0 0.7550925925925925 0.12630208333333331 0.04537037037037048 0.0296875
0 0.7555555555555555 0.06901041666666666 0.044444444444444446 0.030729166666666675
0 0.2287037037037037 0.4377604166666666 0.05740740740740738 0.0234375
0 0.18611111111111112 0.8307291666666666 0.05 0.034375
0 0.1986111111111111 0.22786458333333331 0.05648148148148149 0.0338541666666667
0 0.6310185185185185 0.20026041666666666 0.03796296296296302 0.03802083333333332
0 0.44490740740740736 0.58984375 0.06018518518518524 0.03802083333333339
0 0.5703703703703703 0.2489583333333333 0.051851851851851906 0.0364583333333333
0 0.3046296296296296 0.1765625 0.048148148148148176 0.028125
0 0.7671296296296295 0.37447916666666664 0.05462962962962952 0.03125
0 0.4097222222222222 0.05364583333333332 0.034259259259259205 0.033333333333333326
0 0.7810185185185184 0.3403645833333333 0.04907407407407397 0.0421875
0 0.32129629629629625 0.8309895833333332 0.03333333333333333 0.0265625
0 0.24907407407407406 0.2848958333333333 0.05370370370370373 0.030208333333333302
0 0.1921296296296296 0.8674479166666667 0.039814814814814824 0.03802083333333321
0 0.5393518518518519 0.15807291666666665 0.05462962962962968 0.0328125
0 0.6925925925925925 0.2833333333333333 0.06666666666666667 0.030208333333333302
0 0.8083333333333333 0.0046875 0.029629629629629523 0.008333333333333331
0 0.3884259259259259 0.08828125 0.041666666666666664 0.04010416666666665
0 0.6902777777777778 0.07994791666666666 0.062037037037037064 0.030729166666666675
0 0.699537037037037 0.4140625 0.04722222222222222 0.038541666666666655
0 0.6958333333333333 0.31796875 0.058333333333333334 0.025520833333333305
0 0.17916666666666667 0.90703125 0.05092592592592593 0.030729166666666786
0 0.6277777777777778 0.5065104166666666 0.03148148148148143 0.0296875
0 0.8134259259259259 0.42890625 0.04537037037037048 0.030729166666666606
0 0.8856481481481481 0.13385416666666666 0.04907407407407397 0.03541666666666665
0 0.8537037037037036 0.446875 0.04814814814814825 0.022916666666666606
0 0.4546296296296296 0.34401041666666665 0.035185185185185236 0.027604166666666697
0 0.8458333333333333 0.1046875 0.06018518518518508 0.025
0 0.4717592592592592 0.2013020833333333 0.05462962962962968 0.027604166666666673
0 0.16203703703703703 0.3200520833333333 0.04074074074074074 0.041145833333333305
0 0.42407407407407405 0.4684895833333333 0.05 0.022395833333333393
0 0.46435185185185185 0.2713541666666667 0.03981481481481476 0.030208333333333302
0 0.6666666666666666 0.10651041666666665 0.05 0.04114583333333334
0 0.23472222222222222 0.15130208333333334 0.045370370370370394 0.03697916666666665
0 0.6166666666666667 0.07161458333333333 0.05555555555555555 0.027604166666666652
0 0.8513888888888889 0.14557291666666666 0.06018518518518508 0.04010416666666665
0 0.1986111111111111 0.5416666666666666 0.06203703703703704 0.022916666666666606
0 0.20416666666666666 0.7466145833333333 0.054629629629629604 0.024479166666666607
0 0.6208333333333333 0.1015625 0.05648148148148143 0.03229166666666665
0 0.5930555555555556 0.44140625 0.050925925925925875 0.021354166666666608
0 0.8564814814814814 0.010416666666666666 0.042592592592592696 0.01875
0 0.18657407407407406 0.9302083333333332 0.04722222222222222 0.017708333333333215
0 0.29953703703703705 0.09401041666666667 0.04351851851851849 0.03489583333333333
0 0.18657407407407406 0.9763020833333332 0.039814814814814824 0.041145833333333215
0 0.6791666666666667 0.04010416666666666 0.05462962962962968 0.04583333333333332
0 0.8958333333333334 0.08359375 0.06203703703703714 0.03385416666666665
0 0.424537037037037 0.14583333333333331 0.04722222222222222 0.030208333333333347
0 0.7259259259259259 0.3796875 0.05370370370370373 0.033333333333333305
0 0.3050925925925926 0.15104166666666666 0.05648148148148151 0.02395833333333335
0 0.9087962962962962 0.4317708333333333 0.05462962962962952 0.03229166666666661
0 0.6550925925925926 0.05807291666666666 0.03796296296296302 0.02447916666666667
0 0.26805555555555555 0.16666666666666666 0.045370370370370394 0.0375
0 0.4509259259259259 0.88984375 0.029629629629629683 0.0140625
0 0.24629629629629626 0.459375 0.05370370370370373 0.023958333333333394
0 0.7532407407407407 0.010416666666666666 0.058333333333333334 0.01875
0 0.2162037037037037 0.9765625 0.023148148148148175 0.025
0 0.7166666666666667 0.0078125 0.05370370370370373 0.014583333333333332
0 0.2537037037037037 0.9125 0.25 0.9182291666666667 0.2537037037037037 0.9270833333333333 0.25833333333333336 0.9270833333333333 0.2722222222222222 0.9223958333333332 0.29537037037037034 0.9213541666666666 0.29537037037037034 0.9036458333333333 0.29259259259259257 0.9020833333333332 0.2898148148148148 0.9020833333333332 0.2638888888888889 0.9067708333333332 0.2537037037037037 0.9125