0 0.6050476913986663 0.10121212121212123 0.0540221153034523 0.052121212121212145
0 0.5629104414619736 0.8051515151515151 0.05834388452772852 0.033333333333333215
0 0.4980839030978307 0.9103030303030304 0.05186123069131427 0.053333333333333496
0 0.19718072085760108 0.1806060606060606 0.05294167299738329 0.042424242424242385
0 0.7417236431164007 0.5933333333333334 0.05294167299738329 0.03878787878787886
0 0.6817590951295687 0.20393939393939395 0.06482653836414276 0.049090909090909116
0 0.10480290368869756 0.9812121212121212 0.05186123069131427 0.037575757575757505
0 0.19177850932725585 0.14636363636363636 0.04861990377310707 0.03212121212121213
0 0.1010213556174559 0.6248484848484848 0.05294167299738329 0.035151515151515156
0 0.8070904026335781 0.31424242424242427 0.05186123069131427 0.039393939393939356
0 0.5656115472271461 0.8527272727272728 0.05078078838524526 0.049696969696969615
0 0.9846796657381616 0.634375 0.03064066852367688 0.05
0 0.34412087448299145 0.8687878787878788 0.04645901916096904 0.03575757575757592
0 0.6342196336625306 0.4036363636363636 0.06482653836414276 0.042424242424242385
0 0.6477251624883937 0.13818181818181818 0.06374609605807374 0.046060606060606045
0 0.6520469317126699 0.8121212121212121 0.07238963450662618 0.035151515151515156
0 0.631518527897358 0.8878787878787879 0.06590698067021193 0.03151515151515163
0 0.8422047775808222 0.17545454545454547 0.07455051911876422 0.041818181818181796
0 0.6536675951717734 0.26484848484848483 0.04970034607917609 0.03151515151515154
0 0.5148307588419009 0.23363636363636364 0.05078078838524526 0.041818181818181796
0 0.8324807968262008 0.2772727272727273 0.05078078838524526 0.043030303030303065
0 0.539680931881489 0.26454545454545453 0.0572634422216595 0.036969696969697007
0 0.6931037393432936 0.061212121212121204 0.05942432683379769 0.047272727272727265
0 0.47863594158858785 0.5381818181818182 0.07779184603697141 0.030303030303030276
0 0.1264117498100785 0.9351515151515152 0.0648265383641428 0.037575757575757505
0 0.5440027011057651 0.13666666666666666 0.0572634422216595 0.044242424242424236
0 0.12749219211614757 0.16 0.051861230691314236 0.039999999999999994
0 0.49484257617962357 0.5678787878787879 0.05834388452772852 0.031515151515151454
0 0.7049886047100531 0.6260606060606061 0.06158521144593572 0.03878787878787886
0 0.6288174221321854 0.06575757575757576 0.07563096142483322 0.02969696969696971