0 0.5459350306146964 0.6305361305361306 0.0322054918155196 0.03263403263403255
0 0.25504671744226065 0.40093240093240096 0.03012771815000225 0.0244755244755245
0 0.42698248826382534 0.6378205128205129 0.029088831317243657 0.025058275058275115
0 0.5121712085500387 0.5544871794871795 0.0353221523137957 0.027389277389277388
0 0.25348838719312256 0.6194638694638696 0.04363324697586533 0.027972027972028003
0 0.4010103174448579 0.8994755244755245 0.04363324697586541 0.02738927738927721
0 0.37140204271123495 0.7867132867132867 0.055061002136211054 0.027972027972028003
0 0.6529403743888424 0.571969696969697 0.04051658647758931 0.04020979020979017
0 0.6918986306172936 0.4763986013986014 0.0540221153034523 0.04370629370629366
0 0.2753050106810553 0.8001165501165503 0.04778879430690018 0.036130536130536225
0 0.4633435274103798 0.7156177156177157 0.0353221523137957 0.02913752913752905
0 0.7189096882690198 0.44871794871794873 0.07272207829310891 0.03379953379953378
0 0.3345215601483011 0.8065268065268066 0.049866567972417605 0.024475524475524323
0 0.6519014875560837 0.8910256410256411 0.0384388128120718 0.037296037296037456
0 0.2997188512508847 0.9207459207459209 0.034283265481037106 0.031468531468531326
0 0.4295797053457221 0.8461538461538461 0.0509054548051762 0.027972027972028003
0 0.6176182220750467 0.7846736596736597 0.042594360143106656 0.04020979020979017
0 0.8020206348897158 0.7575757575757576 0.058177662634486996 0.03263403263403255
0 0.777087350903507 0.6981351981351982 0.047788794306900105 0.03263403263403273
0 0.20050515872242894 0.40442890442890445 0.04363324697586533 0.034965034965035
0 0.16414411957587446 0.652972027972028 0.05194434163793495 0.027389277389277388
0 0.789034549480232 0.49796037296037304 0.04882768113965885 0.027389277389277388
0 0.4950295758095201 0.8511072261072261 0.046749907474141504 0.030885780885780888
0 0.4108797423560655 0.6162587412587414 0.044672133808624004 0.036713286713286664
0 0.2586828213569161 0.527972027972028 0.04363324697586533 0.03613053613053605
0 0.5999571459181487 0.5821678321678322 0.046749907474141504 0.0314685314685315
0 0.25504671744226065 0.3581002331002331 0.042594360143106656 0.035547785547785524
0 0.9303231587354152 0.5104895104895105 0.05298322847069355 0.03263403263403255
0 0.4810046035672777 0.39772727272727276 0.04363324697586541 0.03787878787878789
0 0.5885293907578031 0.4763986013986014 0.0571387758017284 0.046037296037296116
0 0.3885436754517535 0.32342657342657344 0.058177662634487155 0.03379953379953378
0 0.6383959587302206 0.4373543123543124 0.061294323132763257 0.022727272727272662
0 0.5074962178026245 0.7395104895104896 0.052983228470693707 0.044289044289044274
0 0.8981176669198954 0.3703379953379954 0.055061002136211054 0.03904428904428903
0 0.22388011245949965 0.5113636363636365 0.05090545480517628 0.036713286713286664
0 0.7983845309750603 0.5696386946386947 0.06337209679828076 0.04020979020979017
0 0.6893014135353969 0.8843240093240095 0.044672133808624004 0.04254079254079244
0 0.897598223503516 0.8359557109557111 0.049866567972417605 0.029720279720279665
0 0.789034549480232 0.4376456876456877 0.04674990747414135 0.02913752913752905
0 0.8368233437871321 0.43997668997669 0.055061002136211054 0.023310023310023277
0 0.9427898007285195 0.4586247086247087 0.06752764412931546 0.03379953379953378
0 0.7292985565966067 0.7957459207459208 0.0519443416379348 0.04487179487179489
0 0.8181233807974755 0.7217365967365967 0.055061002136211054 0.04370629370629366
0 0.44931855516813735 0.7820512820512822 0.061294323132763257 0.030303030303030276
0 0.5874905039250444 0.6215034965034966 0.055061002136211054 0.036713286713286664
0 0.38958256228451216 0.44696969696969696 0.039477699644830555 0.038461538461538505
0 0.7209874619345372 0.6596736596736597 0.07272207829310891 0.0314685314685315
0 0.5547655686931453 0.5224358974358975 0.05609988896896981 0.030885780885780888
0 0.47373239573796677 0.6421911421911422 0.0415554733103479 0.03263403263403273
0 0.41451584627072097 0.4093822843822844 0.031166604982761005 0.030885780885780888
0 0.6477459402250489 0.4053030303030304 0.06337209679828061 0.047202797202797166
0 0.43113803559486014 0.5090326340326341 0.049866567972417605 0.030885780885780888
0 0.4171130633526177 0.48805361305361306 0.0716831914603503 0.02389277389277389
0 0.7246235658491926 0.6972610722610723 0.06752764412931546 0.027389277389277388
0 0.9805013927576601 0.5078125 0.03899721448467967 0.028125
0 0.18596074306380717 0.5877039627039627 0.058177662634487155 0.03438228438228439
0 0.808253955886268 0.46736596736596736 0.04571102064138291 0.03263403263403273
0 0.21972456512846486 0.8082750582750583 0.057138775801728485 0.029137529137529226
0 0.9562953295543826 0.8225524475524477 0.055061002136211054 0.03321678321678334
0 0.23946341495088017 0.6500582750582751 0.05921654946724583 0.030885780885780888
0 0.14544415658621787 0.6832750582750584 0.039477699644830555 0.03787878787878789
0 0.9682425281311076 0.7907925407925409 0.0602554363000045 0.04079254079254078
0 0.9944289693593314 0.46328125 0.011142061281337047 0.0359375
0 0.3501048626396816 0.5067016317016317 0.049866567972417605 0.03438228438228439
0 0.23530786761984535 0.8301282051282051 0.05090545480517628 0.027389277389277565
0 0.23530786761984535 0.872960372960373 0.042594360143106656 0.036130536130536225
0 0.5641155501879737 0.6745337995337997 0.06233320996552201 0.025058275058275115
0 0.5085351046353832 0.7948717948717949 0.05921654946724591 0.04312354312354323
0 0.2934855302543325 0.45337995337995346 0.042594360143106656 0.027972027972028003
0 0.9721448467966574 0.39765625 0.055710306406685235 0.0328125
0 0.3038743985819195 0.5297202797202798 0.055061002136211054 0.025641025641025727
0 0.7464401893371253 0.36247086247086246 0.05298322847069355 0.0244755244755245
0 0.6565764783034979 0.703962703962704 0.05609988896896981 0.04079254079254078
0 0.6347598548155652 0.8138111888111889 0.05609988896896981 0.03904428904428912
0 0.18492185623104845 0.9152097902097903 0.06441098363103935 0.028554778554778438
0 0.7412457551733319 0.5381701631701632 0.08207205978793737 0.030885780885780888
0 0.8939621195888606 0.5236013986013986 0.06960541779483297 0.036713286713286664
0 0.48360182064917445 0.5684731934731935 0.06337209679828061 0.02622377622377616
0 0.7038458291940187 0.4035547785547786 0.05713877580172856 0.04836829836829839
0 0.5152878690483148 0.641899766899767 0.047788794306900105 0.04020979020979017
0 0.8518872028621333 0.3554778554778555 0.04363324697586541 0.034965034965035
0 0.7973456441423016 0.36363636363636365 0.05713877580172856 0.044289044289044274
0 0.680470875456948 0.42220279720279724 0.0353221523137957 0.025058275058275115
0 0.8877287985923085 0.47727272727272735 0.06544987046379795 0.023310023310023277
0 0.7957873138931636 0.8126456876456878 0.05194434163793511 0.03321678321678334
0 0.8513677594457538 0.8167249417249417 0.05713877580172856 0.03787878787878789
0 0.7703345864905754 0.7354312354312355 0.04882768113965885 0.03263403263403273
0 0.6015154761672867 0.8158508158508159 0.022855510320691455 0.030303030303030453
0 0.9763231197771588 0.42578125 0.04735376044568245 0.0296875
0 0.30023829466726404 0.5084498834498834 0.062333209965521934 0.025058275058275115
0 0.47165462207244935 0.8202214452214452 0.058177662634487155 0.028554778554778438
0 0.6451487231431522 0.4688228438228439 0.06441098363103935 0.027389277389277388
0 0.7573485010810916 0.761946386946387 0.0602554363000045 0.03321678321678316
0 0.6965736213647078 0.9627039627039627 0.0322054918155196 0.017482517482517324