0 0.2583590124739783 0.2396694214876033 0.09576647712884731 0.06847697756788662
0 0.029992797782111533 0.09799291617473435 0.05367132234693642 0.04250295159386068
0 0.4162158429061443 0.5442739079102715 0.0473570491296498 0.02833530106257385
0 0.36464927829830335 0.2824675324675324 0.05367132234693646 0.03955135773317595
0 0.1447020945628188 0.6162927981109799 0.049461806868745316 0.03659976387249113
0 0.5893321669467529 0.7328807556080283 0.04209515478191085 0.0324675324675324
0 0.5109299411654438 0.31434474616292796 0.05577608008603201 0.04663518299881932
0 0.5788083782512752 0.3367768595041322 0.09260934052020406 0.03482880755608031
0 0.44357769351438636 0.37337662337662336 0.05788083782512756 0.030106257378984667
0 0.31045176651659306 0.20956316410861864 0.07787603634653521 0.07438016528925617
0 0.7361390192486672 0.6159976387249114 0.0705093842597007 0.02892561983471076
0 0.1320735481282455 0.4332939787485242 0.06840462652060524 0.029515938606847668
0 0.778760363465352 0.6829988193624558 0.04209515478191101 0.03541912632821731
0 0.21363291051819794 0.6517119244391971 0.06945700539015301 0.02833530106257385
0 0.4188467900800137 0.512396694214876 0.0526189434773886 0.03187721369539549
0 0.7713937113785175 0.25914994096812277 0.05893321669467541 0.02833530106257376
0 0.1915329542576947 0.3243801652892562 0.06314273217286635 0.02892561983471076
0 0.9187267531152059 0.10743801652892562 0.0652474899119619 0.03659976387249113
0 0.724036662248868 0.5215466351829988 0.05472370121648431 0.03482880755608022
0 0.29098275742995927 0.13842975206611569 0.05788083782512756 0.030106257378984667
0 0.5998559556422306 0.5938606847697756 0.0441999125210064 0.050767414403778056
0 0.058407027259901406 0.22343565525383707 0.06419511104241417 0.031286894923258576
0 0.23625905621347507 0.18181818181818182 0.045252291390554256 0.031877213695395534
0 0.22731383582231898 0.2874852420306966 0.05261894347738868 0.044864226682408505
0 0.7624484909873616 0.4639905548996458 0.0684046265206053 0.03778040141676513
0 0.8966267968547026 0.737012987012987 0.0652474899119619 0.02774498229043676
0 0.5893321669467529 0.53099173553719 0.05893321669467525 0.03600944510035422
0 0.34412789034212177 0.15938606847697756 0.05472370121648415 0.03423848878394331
0 0.11102597073729005 0.2535419126328217 0.06209035330331862 0.024203069657615116
0 0.2115281527791024 0.45425029515938603 0.05261894347738868 0.038370720188902044
0 0.6714177187714793 0.5543093270365997 0.06314273217286635 0.03659976387249113
0 0.42042535838433537 0.019185360094451005 0.051566564607840905 0.03837072018890201
0 0.04630467026010201 0.4539551357733176 0.06735224765105748 0.04014167650531295
0 0.5251370559043387 0.21487603305785125 0.08419030956382186 0.0330578512396694
0 0.0699831948249269 0.2706611570247934 0.051566564607840884 0.030106257378984667
0 0.18206154443176475 0.14197166469893743 0.07787603634653521 0.030106257378984667
0 0.793493667639021 0.5696576151121605 0.0484094279991975 0.03423848878394331
0 0.09681885599839513 0.15820543093270364 0.048409427999197584 0.03305785123966944
0 0.9018886912024415 0.6177685950413223 0.061037974433770806 0.02892561983471076
0 0.05156656460784088 0.05017709563164109 0.06945700539015302 0.04132231404958677
0 0.06840462652060525 0.622491145218418 0.0631427321728664 0.025383707201888938
0 0.20942339504000684 0.6723730814639906 0.06735224765105746 0.023612750885478206
0 0.12681165378050666 0.2039551357733176 0.05788083782512752 0.038370720188902044
0 0.18732343877950358 0.18358913813459268 0.056828458955579704 0.030696576151121625
0 0.5382917917736859 0.5454545454545454 0.05367132234693646 0.03778040141676513
0 0.6482653836414282 0.5174144037780402 0.056828458955579704 0.04073199527744986
0 0.709829547509973 0.6897874852420307 0.045252291390554096 0.05017709563164115
0 0.7408747241616321 0.6844746162927982 0.04209515478191101 0.04073199527744986
0 0.6356368372068549 0.5681818181818181 0.07156176312924856 0.03010625737898458
0 0.5488155804691637 0.5681818181818181 0.0684046265206053 0.015938606847697833