0 0.7214638575539789 0.004972375690607734 0.04432201172686547 0.009944751381215469
0 0.6797322211791502 0.025679558011049725 0.06726111512950346 0.027690607734806638
0 0.3486664922513428 0.012154696132596685 0.04924667969651733 0.02430939226519337
0 0.27085673833084534 0.009116022099447512 0.04924667969651733 0.018232044198895025
0 0.2028963203496514 0.014917127071823206 0.06303575001154219 0.029834254143646412
0 0.1605441758106465 0.01464088397790055 0.05712614844796012 0.0292817679558011
0 0.21344495914064546 0.059801104972375695 0.06088859477677405 0.030348066298342545
0 0.23827513504362952 0.0769171270718232 0.06346912079287151 0.028806629834254128
0 0.2502716262177011 0.09756906077348065 0.06619738684805862 0.02496685082872927
0 0.5054285230612967 0.06461325966850828 0.05876113821388462 0.03911602209944751
0 0.48045060711922305 0.09092265193370166 0.08320719001523573 0.028718232044198898
0 0.7704643038520137 0.11672375690607736 0.06801951399682969 0.024110497237569063
0 0.8548041675002693 0.13073480662983425 0.04995583188414727 0.03423756906077351
0 0.6495932532048816 0.18520441988950279 0.0631637913787533 0.03501657458563532
0 0.5050443989596638 0.23727624309392267 0.06559657735576102 0.027585635359116
0 0.2031228550762554 0.15114364640883976 0.0463115775866049 0.038436464088397806
0 0.17214669354714598 0.20258011049723756 0.05116730020468153 0.028878453038674045
0 0.2275689068776066 0.20853591160220994 0.037506271256867625 0.044204419889502765
0 0.2878468428261438 0.24213259668508286 0.0578451499715293 0.03218232044198892
0 0.18627064128410714 0.2363867403314917 0.04600624817248646 0.01983977900552487
0 0.21966973945428522 0.2917955801104972 0.0642275196601979 0.02759668508287296
0 0.1543095461610674 0.306182320441989 0.038264670124193975 0.03082872928176794
0 0.23751673617630306 0.3696685082872928 0.046764647039812854 0.029182320441988895
0 0.35731420920605117 0.340414364640884 0.04645931762569433 0.02774585635359115
0 0.1505864971760107 0.4220552486187845 0.04448945043783376 0.026640883977900563
0 0.48067714184582705 0.42507734806629827 0.04266732328906254 0.026729281767955904
0 0.619454285230613 0.4289944751381215 0.04084519614029155 0.04000552486187843
0 0.656586281721787 0.41566850828729285 0.052841687314363166 0.02919889502762434
0 0.5947127533510825 0.45032044198895027 0.04903984364179186 0.03889502762430937
0 0.4893347081364749 0.4783591160220994 0.05693901106511332 0.025121546961326048
0 0.18467504886193997 0.444596685082873 0.07470721309961681 0.026585635359115935
0 0.22597331445543944 0.4683922651933702 0.03583188414718599 0.051182320441989046
0 0.15802274581018483 0.5294917127071823 0.05632835223687652 0.03455248618784523
0 0.310086643377091 0.5462265193370166 0.07045229997383765 0.026287292817679563
0 0.4538770987549824 0.5194861878453039 0.05739208051832135 0.020508287292817683
0 0.47414703211806886 0.5521381215469613 0.16018959971683164 0.055320441988950364
0 0.2523202880930762 0.6245414364640884 0.03781160067098599 0.04067955801104972
0 0.18307945643977286 0.6727955801104972 0.06817710337185863 0.04435911602209934
0 0.2156512103910494 0.7190883977900552 0.03340894750611739 0.03558563535911592
0 0.21868480586035488 0.8234585635359115 0.039476138444728276 0.027149171270718142
0 0.18172024808014897 0.9933701657458563 0.046291878914726275 0.013259668508287348
0 0.7227048738823312 0.9634254143646409 0.07121069884116395 0.0319779005524861
0 0.7972544976069191 0.9107182320441989 0.05937179704212135 0.025016574585635352
0 0.8028784684282614 0.9324751381215469 0.061489404269071665 0.02713812154696136
0 0.9569122331830283 0.9260441988950276 0.054663814463134314 0.0440828729281769
0 0.9378636174764156 0.7682486187845303 0.042972652703181215 0.03340331491712707
0 0.8174554856184305 0.8014585635359117 0.0663549762230874 0.02487292817679574
0 0.804779390264547 0.818574585635359 0.045553178719278435 0.030149171270718256
0 0.817829760384124 0.8421160220994475 0.059519537081210855 0.025281767955801372
0 0.7542916942396773 0.8333867403314917 0.052989427353452516 0.029116022099447393
0 0.7271075270471999 0.8567624309392265 0.05876113821388462 0.03072928176795564
0 0.7133677034118715 0.8292596685082874 0.07652934024838803 0.03192817679558004
0 0.7416057495498546 0.8035027624309391 0.06498591852752444 0.022149171270718426
0 0.6757136921159143 0.7054088397790055 0.06680804567629528 0.029524861878453025
0 0.5793773372935871 0.6867624309392265 0.05784514997152922 0.03481215469613268
0 0.6845189984456517 0.7708950276243093 0.054053155634897584 0.02592265193370178
0 0.7500367811138983 0.7600773480662983 0.04692223641484171 0.04006077348066306
0 0.8346130288246972 0.6396629834254143 0.04903984364179202 0.030900552486187748
0 0.7683368472891242 0.6003259668508287 0.060130195909447584 0.027165745856353674
0 0.8135846965942842 0.5647734806629834 0.06924083165330346 0.03016574585635361
0 0.9749303621169917 0.51953125 0.05013927576601671 0.0328125