0 0.31573157315731576 0.770730198019802 0.055005500550055014 0.038985148514851534
0 0.18536853685368537 0.6627475247524753 0.051705170517051695 0.02970297029702973
0 0.15291529152915292 0.44647277227722776 0.04620462046204621 0.026608910891089188
0 0.11001100110011001 0.3818069306930693 0.06600660066006603 0.023514851485148557
0 0.312981298129813 0.9464727722772277 0.03190319031903191 0.014232673267326846
0 0.1573157315731573 0.28898514851485146 0.04840484048404837 0.042079207920792075
0 0.17381738173817382 0.3917079207920793 0.04840484048404841 0.033415841584158376
0 0.20957095709570958 0.8660272277227723 0.047304730473047285 0.040222772277227745
0 0.26127612761276126 0.9644183168316832 0.03410341034103408 0.03527227722772288
0 0.4185918591859186 0.9189356435643564 0.04950495049504945 0.030940594059405767
0 0.24697469746974698 0.47153465346534656 0.05390539053905393 0.024752475247524684
0 0.6617161716171617 0.8839727722772277 0.04950495049504945 0.038985148514851534
0 0.22552255225522555 0.359529702970297 0.0792079207920792 0.033415841584158376
0 0.6188118811881188 0.827660891089109 0.05390539053905393 0.029084158415841443
0 0.132013201320132 0.9566831683168318 0.05060506050605061 0.028465346534653335
0 0.32453245324532454 0.3818069306930693 0.044004400440043966 0.033415841584158376
0 0.8602860286028603 0.7778465346534654 0.07700770077007696 0.03960396039603964
0 0.5522552255225524 0.37685643564356436 0.07920792079207928 0.030940594059405947
0 0.4845984598459846 0.8001237623762376 0.05390539053905393 0.030940594059405767
0 0.5346534653465347 0.3295173267326733 0.05060506050605069 0.03279702970297027
0 0.43784378437843785 0.3285891089108911 0.04620462046204621 0.030940594059405947
0 0.8184818481848186 0.7354579207920793 0.037403740374037396 0.025371287128712793
0 0.11166116611661167 0.9133663366336634 0.053905390539053896 0.029702970297029552
0 0.385038503850385 0.8913985148514852 0.04620462046204621 0.03155940594059423
0 0.9163916391639164 0.7834158415841584 0.05720572057205718 0.034653465346534594
0 0.1573157315731573 0.4733910891089109 0.09460946094609457 0.032178217821782165
0 0.35203520352035206 0.9096534653465348 0.052805280528052854 0.054455445544554594
0 0.9791666666666666 0.8765625 0.041666666666666664 0.0375
0 0.345984598459846 0.7271039603960396 0.05170517051705177 0.03836633663366342
0 0.6958195819581958 0.9907178217821782 0.05170517051705177 0.0185643564356436
0 0.2777777777777778 0.2462871287128713 0.045104510451045125 0.03712871287128712
0 0.6188118811881188 0.7493811881188119 0.04950495049504945 0.021039603960396037
0 0.8745874587458746 0.8842821782178218 0.05060506050605069 0.03836633663366342
0 0.26567656765676567 0.9155321782178218 0.047304730473047285 0.03403465346534666
0 0.1078107810781078 0.4433787128712871 0.04840484048404841 0.037747524752475316
0 0.11716171617161718 0.8728341584158417 0.0627062706270627 0.027846534653465226
0 0.937843784378438 0.14356435643564358 0.07150715071507155 0.04084158415841586
0 0.1380638063806381 0.8029084158415841 0.045104510451045125 0.027846534653465226
0 0.7997799779977999 0.8787128712871288 0.06600660066006614 0.03589108910891099
0 0.5 0.8347772277227723 0.06270627062706274 0.03589108910891099
0 0.11331133113311331 0.297029702970297 0.04840484048404841 0.03960396039603964
0 0.18866886688668869 0.6890470297029704 0.0561056105610561 0.025371287128712793
0 0.3586358635863587 0.36571782178217827 0.04180418041804188 0.042079207920792075
0 0.13641364136413642 0.5798267326732673 0.07040704070407039 0.030940594059405947
0 0.35203520352035206 0.40748762376237624 0.052805280528052854 0.025371287128712793
0 0.8580858085808581 0.7329826732673268 0.055005500550055014 0.025371287128712793
0 0.9185918591859186 0.8282797029702971 0.05720572057205718 0.037747524752475316
0 0.2222222222222222 0.4081064356435644 0.06380638063806382 0.03155940594059405
0 0.10011001100110012 0.35272277227722776 0.06380638063806382 0.034653465346534684
0 0.10946094609460946 0.5148514851485149 0.05170517051705173 0.034653465346534594
0 0.2425742574257426 0.43626237623762376 0.06930693069306931 0.032178217821782165
0 0.37623762376237624 0.6958539603960396 0.07480748074807479 0.02908415841584162
0 0.5374037403740374 0.9170792079207921 0.05390539053905393 0.03341584158415856
0 0.11001100110011001 0.25185643564356436 0.06380638063806382 0.03836633663366333
0 0.691969196919692 0.6806930693069307 0.055005500550055014 0.030940594059405947
0 0.1111111111111111 0.9863861386138615 0.04840484048404841 0.02722772277227712
0 0.1551155115511551 0.36633663366336633 0.06380638063806382 0.025990099009900992
0 0.3151815181518152 0.4993811881188119 0.0605060506050605 0.034653465346534594
0 0.6342134213421342 0.48329207920792083 0.06270627062706274 0.030940594059405947
0 0.40154015401540155 0.5931311881188119 0.07700770077007696 0.03279702970297027
0 0.2491749174917492 0.8487004950495051 0.04070407040704072 0.0365099009900991
0 0.13256325632563257 0.14201732673267325 0.07150715071507151 0.03527227722772279
0 0.14246424642464245 0.8889232673267328 0.045104510451045084 0.027846534653465226
0 0.7865786578657866 0.724009900990099 0.04840484048404853 0.04084158415841586
0 0.15138888888888888 0.98203125 0.05277777777777778 0.0359375
0 0.9833333333333333 0.75078125 0.03333333333333333 0.0421875
0 0.5110011001100111 0.35272277227722776 0.08910891089108917 0.030940594059405947
0 0.06820682068206821 0.5894183168316831 0.057205720572057216 0.037747524752475316
0 0.08580858085808582 0.5696163366336634 0.05280528052805281 0.025371287128712793
0 0.6078107810781078 0.8551980198019802 0.07150715071507155 0.02722772277227712
0 0.2260726072607261 0.019183168316831683 0.03190319031903191 0.024752475247524754