0 0.11750772467728382 0.003266033254156769 0.0656349453152396 0.006532066508313538
0 0.1408398891087012 0.018248218527315924 0.04973435049854771 0.034815914489311164
0 0.07516259866745181 0.012173396674584324 0.06351768901474798 0.024346793349168647
0 0.18752539053454104 0.03433491686460807 0.06449162691297408 0.026644893111638958
0 0.5044363135921237 0.007422802850356294 0.09633516167236789 0.014845605700712588
0 0.32446952805033774 0.006235154394299287 0.04552101046056938 0.012470308788598575
0 0.28741754279173476 0.011282660332541567 0.0497555230615526 0.022565320665083134
0 0.30837838016660163 0.04068289786223278 0.05196805589556639 0.031692399049881234
0 0.07504614957092476 0.072375296912114 0.05034835482569025 0.034542755344418016
0 0.12198572175282353 0.07410926365795725 0.03881989426951349 0.02828384798099761
0 0.2041458524934001 0.06211401425178148 0.07291830698893072 0.03280878859857481
0 0.21202204593122884 0.0982600950118765 0.04724657434547005 0.030665083135391912
0 0.12576502424920108 0.10236342042755345 0.08979283970384881 0.03191805225653206
0 0.08068863761173489 0.14138361045130637 0.04303323430749175 0.03343230403800472
0 0.276143152991617 0.1241686460807601 0.05692243563871664 0.03448337292161523
0 0.5912649944752842 0.10271377672209028 0.06460807600950111 0.03400237529691212
0 0.3682861471890114 0.21603325415676955 0.077015197930382 0.031080760095011862
0 0.10877404243775597 0.20751187648456057 0.06770985648972137 0.03143111638954874
0 0.05582146236246103 0.19861045130641333 0.04910975988990265 0.02197743467933493
0 0.03572870007079576 0.2166923990498812 0.0585315504270903 0.038657957244655525
0 0.15609472075374323 0.29033254156769595 0.04997783497310426 0.026638954869358588
0 0.15527957707805398 0.31749406175771966 0.06449162691297411 0.0218289786223278
0 0.10853055796319945 0.4337648456057007 0.05382065515849646 0.026888361045130614
0 0.21134452391507155 0.4763420427553444 0.04761709419805613 0.0313479809976247
0 0.17320215166171538 0.4947743467933492 0.05444524576714148 0.0362114014251782
0 0.08322934517232482 0.5017992874109264 0.06176036628534002 0.02383016627078387
0 0.1061698171881513 0.5176543942992874 0.04563745955709646 0.024934679334916686
0 0.08211778561456672 0.5398218527315914 0.05208450499209335 0.029614014251781385
0 0.10108840206697146 0.5841745843230404 0.056795400260687155 0.024406175771971482
0 0.2276473974288569 0.5428503562945368 0.04674901911485452 0.0363598574821852
0 0.3477593473557454 0.5158610451306413 0.04762768047955862 0.02691211401425182
0 0.3137773837328552 0.5325534441805225 0.054074725914555546 0.04916270783847985
0 0.3805556474503603 0.5416983372921615 0.05245502484467943 0.029198337292161546
0 0.4949086602399116 0.5387114014251781 0.0579175460999477 0.03017220902612827
0 0.34094178206816245 0.3193467933491686 0.07614712284718031 0.030397862232779092
0 0.3175566862292327 0.34928741092636584 0.05147050066495078 0.03671615201900229
0 0.28146805258735336 0.39519002375296913 0.05023190572916324 0.03669833729216147
0 0.578984907932433 0.36992280285035634 0.05245502484467943 0.021644893111638995
0 0.4467834245297375 0.42466152019002373 0.05592732517748558 0.026763657957244648
0 0.4611066634025633 0.4540795724465558 0.06597370632331825 0.034127078384798185
0 0.5766876848463997 0.44673990498812344 0.059029105657705805 0.024323040380047446
0 0.5672023766201972 0.4746140142517815 0.0839597985959943 0.029275534441805286
0 0.6193503993013053 0.504103325415677 0.04811464942867159 0.03538598574821865
0 0.753542103626463 0.4945724465558194 0.06052177134955232 0.028853919239905147
0 0.8304937838678302 0.5014548693586699 0.044525899999338245 0.03566508313539192
0 0.652093767988408 0.2992102137767221 0.05407472591455547 0.02839073634204272
0 0.7403939420004102 0.3414608076009501 0.044144793865249984 0.0412410926365796
0 0.7707765699124647 0.3525890736342042 0.037951819186311714 0.024542755344417966
0 0.8128782114477401 0.34664489311163893 0.049977834973104346 0.025866983372921572
0 0.9735376044568245 0.33671875 0.052924791086350974 0.0390625
0 0.9505422161057039 0.3643467933491686 0.041477050926630614 0.03745843230403798
0 0.8111738201258445 0.39021971496437047 0.07484501022237823 0.02934085510688842
0 0.8702135120650526 0.3963598574821853 0.05512276778329865 0.03403800475059375
0 0.8728494961591646 0.4380344418052256 0.06173919372233513 0.038562945368171064
0 0.9510080124918121 0.49076603325415674 0.07404045282819147 0.03793942992874104
0 0.6540416437848603 0.6247802850356294 0.055122767783298804 0.03918646080760073
0 0.6012902030581121 0.6556591448931117 0.06984828535321795 0.025914489311163892
0 0.704030065039467 0.7476425178147268 0.06323185941418163 0.031027315914489328
0 0.7859149524609795 0.7643111638954869 0.054042967070048166 0.043147268408550946
0 0.5735223866771647 0.8091567695961995 0.07242075175831526 0.03961401425178153
0 0.23410502914535625 0.5866508313539193 0.046928985900396396 0.033877672209026245
0 0.27597377248757765 0.5838182897862233 0.03802592315682912 0.023978622327791042
0 0.271220532092974 0.6171555819477434 0.04270505958091559 0.03649049881235147
0 0.12259972607996612 0.612375296912114 0.05024249201066568 0.03792755344418044
0 0.08050867082619312 0.621977434679335 0.053566584402437514 0.04444180522565322
0 0.1268977563699641 0.6622149643705464 0.07543784198651571 0.034352731591448915
0 0.15700514096295465 0.6848574821852731 0.05989718074090738 0.022921615201900104
0 0.17156127802883436 0.7043586698337292 0.06819682543883437 0.027226840855106894
0 0.4115416934080548 0.613521377672209 0.045722149809116236 0.030908551068883662
0 0.43206849324132085 0.6821437054631829 0.06865203554343996 0.04119952494061767
0 0.4057404111447078 0.7094774346793349 0.06698998934755414 0.03255938242280276
0 0.43267191128696103 0.848663895486936 0.05779051072191818 0.02976247030878838
0 0.11905332177664271 0.7498277909738718 0.04768061188707086 0.03860451306413317
0 0.08864952130158331 0.7964489311163895 0.05779051072191826 0.03536817102137775
0 0.14523319593222134 0.8068171021377673 0.053259582238866246 0.03494061757719713
0 0.10208351252820252 0.8278859857482186 0.051449328101945926 0.02799287410926361
0 0.20468575285002547 0.8452790973871733 0.057483508558346934 0.03314726840855116
0 0.14131627177631187 0.8892755344418053 0.06594194747881088 0.03989904988123527
0 0.06972124997518842 0.8959204275534441 0.030477904445576603 0.028640142517814837