0 0.4242652167538866 0.4445080091533181 0.16725840275874376 0.06521739130434785
0 0.5685765825487784 0.31664759725400454 0.04793381054671319 0.0417620137299771
0 0.39723870655201643 0.40932494279176196 0.05201328378473136 0.021167048054919847
0 0.6318084177380596 0.607837528604119 0.07037091335581287 0.03375286041189938
0 0.3396161470650102 0.8910183066361557 0.04691394223720861 0.02688787185354684
0 0.1514504439614235 0.7328375286041189 0.04385433730869502 0.029748283752860337
0 0.14839083903290987 0.6238558352402745 0.04181460068968594 0.032608695652173836
0 0.18867563725833902 0.5257437070938215 0.04691394223720861 0.0389016018306636
0 0.2978015463753243 0.22654462242562928 0.048953678856217694 0.03089244851258579
0 0.0754702549033356 0.9516590389016019 0.04283446899919048 0.03489702517162456
0 0.07954972814135375 0.3114988558352403 0.048953678856217694 0.029176201372997746
0 0.9219609517920998 0.8363844393592677 0.059152361951263034 0.04576659038901596
0 0.43446389984893197 0.3707093821510298 0.05303315209423586 0.026315789473684247
0 0.7072786726413952 0.738558352402746 0.0642517034987857 0.035469107551487335
0 0.4273248216824002 0.3146453089244851 0.04079473238018136 0.026315789473684247
0 0.571636187477292 0.910183066361556 0.04997354716572219 0.021739130434782438
0 0.17184781015151418 0.2608695652173913 0.04997354716572219 0.03089244851258579
0 0.6093713149289598 0.30234553775743706 0.05405302040374036 0.030320366132723108
0 0.6833117673680386 0.7663043478260869 0.059152361951263034 0.031464530892448474
0 0.46353014666981124 0.11384439359267735 0.05405302040374036 0.033180778032036604
0 0.756742285652365 0.8217963386727689 0.05711262533225402 0.02803203661327238
0 0.16113919290171655 0.3624141876430206 0.04283446899919048 0.04977116704805491
0 0.13768222178311226 0.030034324942791762 0.0550728887132449 0.04633867276887872
0 0.9418483838274383 0.4107551487414187 0.05813249364175837 0.03661327231121288
0 0.7745899810686944 0.7056636155606407 0.07241064997482204 0.030320366132723108
0 0.11932459221203062 0.11927917620137299 0.04691394223720861 0.023455377574370707
0 0.6103911832384643 0.9282036613272311 0.029576180975631517 0.02688787185354684
0 0.11524511897401248 0.920766590389016 0.050993415475226775 0.030320366132723108
0 0.7608217588903832 0.7251144164759725 0.04691394223720869 0.032608695652173836
0 0.7072786726413952 0.6656178489702518 0.05813249364175837 0.04061784897025174
0 0.7633714296641445 0.8438215102974829 0.056092757022749365 0.029748283752860517
0 0.9025834539115136 0.6713386727688787 0.04079473238018136 0.0360411899313501
0 0.09229808201016045 0.42677345537757433 0.062211966879776655 0.035469107551487335
0 0.6394574300593435 0.6762013729977117 0.0652715718082902 0.025171624713958885
0 0.808245635282344 0.013443935926773454 0.05201328378473136 0.026887871853546907
0 0.40488771887330044 0.9233409610983981 0.05303315209423586 0.04462242562929077
0 0.11371531650975568 0.334954233409611 0.07649012321284013 0.024599542334096114
0 0.5451196114301741 0.34124713958810066 0.04997354716572219 0.039473684210526286
0 0.792947610639776 0.5363272311212814 0.04997354716572235 0.031464530892448474
0 0.11218551404549887 0.576086956521739 0.07343051828432653 0.04576659038901596
0 0.31258963686314 0.9061784897025171 0.03773512745166777 0.017162471395880986
0 0.16368886367547789 0.09010297482837529 0.052013283784731315 0.0486270022883295
0 0.7694906395211717 0.4579519450800915 0.07445038659383103 0.038329519450800834
0 0.6787223599752682 0.8761441647597253 0.08056959645085837 0.03146453089244865
0 0.15501998304468936 0.17591533180778032 0.061192098570272115 0.032608695652173926
0 0.6007024342981713 0.06092677345537757 0.07343051828432653 0.03947368421052631
0 0.25241740660237244 0.4407894736842105 0.07241064997482204 0.029176201372997746
0 0.777649585997208 0.7477116704805492 0.0642517034987857 0.027459954233409613
0 0.7210468948197064 0.4939931350114416 0.059152361951263034 0.031464530892448474
0 0.10555637003371938 0.08381006864988558 0.05609275702274945 0.03718535469107551
0 0.5272719160138447 0.5898169336384439 0.04487420561819953 0.033180778032036604
0 0.7363449194622744 0.0034324942791762016 0.06935104504630837 0.006864988558352403
0 0.08515900384362869 0.18993135011441648 0.039774864070676895 0.03432494279176197
0 0.15858952212795524 0.9888443935926773 0.03773512745166781 0.022311212814645386
0 0.22080148900773186 0.1261441647597254 0.06221196687977662 0.03718535469107551
0 0.13717228762835998 0.9470823798627002 0.05609275702274945 0.032608695652173836
0 0.6975899237011021 0.7093821510297482 0.06731130842729936 0.028604118993134975
0 0.6557753230114161 0.7377002288329519 0.0632318351892812 0.030320366132723108
0 0.23966905273356578 0.9344965675057209 0.02651657604711793 0.021167048054919847