0 0.2175925925925926 0.496875 0.03888888888888889 0.023958333333333394
0 0.6449074074074074 0.86328125 0.041666666666666664 0.031770833333333214
0 0.3046296296296296 0.8856770833333332 0.025925925925925953 0.025520833333333215
0 0.22083333333333333 0.3651041666666667 0.039814814814814845 0.034375
0 0.24444444444444444 0.6778645833333333 0.04259259259259262 0.025520833333333392
0 0.23379629629629628 0.45182291666666663 0.041666666666666664 0.0265625
0 0.26435185185185184 0.8479166666666667 0.041666666666666664 0.034375
0 0.3814814814814814 0.86640625 0.029629629629629683 0.016145833333333214
0 0.6087962962962963 0.8174479166666666 0.04537037037037032 0.025520833333333215
0 0.29537037037037034 0.5177083333333333 0.044444444444444446 0.021875
0 0.8236111111111111 0.8643229166666666 0.041666666666666664 0.0328125
0 0.3236111111111111 0.029427083333333333 0.045370370370370394 0.03697916666666666
0 0.3518518518518518 0.5416666666666666 0.051851851851851864 0.028125
0 0.2162037037037037 0.9450520833333332 0.04351851851851849 0.0296875
0 0.1810185185185185 0.4421875 0.054629629629629604 0.019791666666666607
0 0.45694444444444443 0.39921875 0.03796296296296302 0.025520833333333347
0 0.5375 0.4002604166666666 0.041666666666666664 0.02864583333333335
0 0.18194444444444444 0.95 0.039814814814814824 0.03125
0 0.8111111111111111 0.7760416666666666 0.06666666666666667 0.034375
0 0.600462962962963 0.83984375 0.06203703703703699 0.024479166666666784
0 0.4125 0.8700520833333332 0.03611111111111111 0.028645833333333214
0 0.6805555555555556 0.04036458333333333 0.04629629629629635 0.033854166666666664
0 0.42731481481481476 0.6205729166666666 0.0657407407407408 0.027604166666666607
0 0.1810185185185185 0.55390625 0.041666666666666664 0.0296875
0 0.17175925925925925 0.4190104166666666 0.05277777777777778 0.02864583333333339
0 0.49583333333333335 0.7942708333333333 0.043518518518518574 0.027083333333333393
0 0.2773148148148148 0.4236979166666666 0.06759259259259262 0.025520833333333392
0 0.362037037037037 0.44401041666666663 0.0351851851851852 0.027604166666666607
0 0.16157407407407406 0.5994791666666666 0.04351851851851853 0.02083333333333339
0 0.1875 0.8533854166666666 0.054629629629629604 0.025520833333333215
0 0.9282407407407406 0.85859375 0.06203703703703714 0.030729166666666786
0 0.5527777777777778 0.4393229166666666 0.06666666666666667 0.025520833333333392
0 0.95 0.7328125 0.05370370370370381 0.0375
0 0.35462962962962963 0.7692708333333333 0.04259259259259258 0.034375
0 0.8587962962962962 0.7794270833333333 0.04722222222222222 0.02864583333333339
0 0.32083333333333336 0.3296875 0.03611111111111111 0.030208333333333302
0 0.26620370370370366 0.02682291666666666 0.04351851851851849 0.03697916666666666
0 0.20925925925925926 0.8674479166666667 0.03888888888888889 0.0234375
0 0.4625 0.0625 0.06203703703703699 0.046875
0 0.6083333333333333 0.7510416666666666 0.04259259259259254 0.016666666666666607
0 0.8685185185185185 0.24140625 0.059259259259259366 0.031770833333333304
0 0.18472222222222223 0.8872395833333332 0.04722222222222222 0.027604166666666784
0 0.24675925925925923 0.7002604166666666 0.045370370370370394 0.0203125
0 0.2902777777777778 0.4895833333333333 0.06018518518518516 0.028125
0 0.20324074074074072 0.609375 0.058333333333333334 0.027083333333333393
0 0.22037037037037036 0.5200520833333333 0.07777777777777778 0.027604166666666607
0 0.18935185185185183 0.018229166666666668 0.06574074074074071 0.029166666666666664
0 0.7768518518518518 0.7403645833333333 0.029629629629629523 0.021354166666666608
0 0.37777777777777777 0.7315104166666666 0.04259259259259254 0.0296875
0 0.4060185185185185 0.7065104166666666 0.06203703703703699 0.024479166666666607
0 0.18379629629629626 0.37213541666666666 0.039814814814814824 0.0338541666666667
0 0.38935185185185184 0.4302083333333333 0.03240740740740746 0.034375
0 0.19907407407407404 0.9223958333333332 0.044444444444444446 0.025
0 0.2754629629629629 0.4658854166666666 0.054629629629629604 0.025520833333333392
0 0.3842592592592592 0.4658854166666666 0.04259259259259254 0.0203125
0 0.7606481481481481 0.8578125 0.05462962962962952 0.029166666666666785
0 0.19768518518518516 0.2419270833333333 0.058333333333333334 0.0296875
0 0.6212962962962962 0.52890625 0.051851851851851906 0.025520833333333392
0 0.1787037037037037 0.49479166666666663 0.04074074074074074 0.034375
0 0.6351851851851852 0.047135416666666666 0.04629629629629635 0.0234375
0 0.860185185185185 0.8182291666666666 0.04814814814814825 0.03229166666666679
0 0.14768518518518517 0.6174479166666667 0.050925925925925916 0.03385416666666661
0 0.18009259259259258 0.3341145833333333 0.054629629629629604 0.031770833333333304
0 0.5101851851851852 0.82265625 0.05555555555555555 0.027604166666666784
0 0.20555555555555555 0.7950520833333333 0.03888888888888889 0.025520833333333392
0 0.2185185185185185 0.4309895833333333 0.05370370370370373 0.021354166666666608
0 0.6699074074074074 0.69453125 0.04722222222222222 0.027604166666666607
0 0.7486111111111111 0.7309895833333333 0.03981481481481492 0.0359375
0 0.29583333333333334 0.8341145833333332 0.03611111111111111 0.0296875
0 0.5416666666666666 0.8890625 0.05 0.025
0 0.8106481481481481 0.73828125 0.04537037037037048 0.022395833333333393
0 0.9236111111111112 0.7541666666666667 0.04537037037037048 0.03645833333333339
0 0.5180555555555556 0.41953125 0.075 0.025520833333333392
0 0.2763888888888889 0.13854166666666665 0.026851851851851825 0.019791666666666652
0 0.4407407407407407 0.8895833333333332 0.04074074074074079 0.020833333333333214
0 0.3796296296296296 0.00390625 0.048148148148148134 0.0078125