0 0.31157407407407406 0.8611979166666666 0.041666666666666664 0.028645833333333214
0 0.9296296296296295 0.19869791666666664 0.05 0.036979166666666674
0 0.21990740740740738 0.8799479166666666 0.04722222222222222 0.0390625
0 0.19305555555555556 0.8393229166666666 0.039814814814814824 0.0296875
0 0.6046296296296296 0.05234375 0.05370370370370365 0.041145833333333326
0 0.687037037037037 0.4489583333333333 0.044444444444444446 0.03229166666666661
0 0.7365740740740739 0.2028645833333333 0.04537037037037048 0.03489583333333333
0 0.6263888888888889 0.11015625 0.05462962962962968 0.0453125
0 0.1574074074074074 0.4776041666666666 0.04259259259259258 0.03125
0 0.4717592592592592 0.7247395833333333 0.04722222222222222 0.041145833333333395
0 0.5300925925925926 0.67265625 0.049074074074074124 0.04427083333333339
0 0.20324074074074072 0.9182291666666667 0.058333333333333334 0.026041666666666786
0 0.13333333333333333 0.7877604166666666 0.044444444444444446 0.0359375
0 0.22314814814814812 0.090625 0.04259259259259262 0.03958333333333334
0 0.26944444444444443 0.86484375 0.048148148148148176 0.030729166666666786
0 0.6064814814814814 0.16223958333333333 0.04259259259259254 0.027604166666666652
0 0.5893518518518518 0.28229166666666666 0.058333333333333334 0.038541666666666696
0 0.5597222222222222 0.02109375 0.049074074074074124 0.0421875
0 0.649537037037037 0.4747395833333333 0.049074074074074124 0.031770833333333394
0 0.9055555555555556 0.4807291666666666 0.05370370370370381 0.04270833333333339
0 0.7574074074074073 0.1703125 0.044444444444444446 0.038541666666666655
0 0.4893518518518518 0.13333333333333333 0.04537037037037032 0.039583333333333345
0 0.3384259259259259 0.68671875 0.045370370370370394 0.02864583333333339
0 0.4546296296296296 0.4002604166666666 0.06666666666666667 0.0265625
0 0.9023148148148148 0.8122395833333332 0.05462962962962952 0.034895833333333307
0 0.1699074074074074 0.9354166666666666 0.04351851851851853 0.03229166666666679
0 0.586574074074074 0.70234375 0.058333333333333334 0.0265625
0 0.26666666666666666 0.8265625 0.06666666666666667 0.029166666666666785
0 0.5273148148148148 0.6307291666666666 0.05462962962962968 0.030208333333333393
0 0.3587962962962963 0.8283854166666667 0.04722222222222222 0.0265625
0 0.5074074074074074 0.16119791666666666 0.05 0.03489583333333335
0 0.1685185185185185 0.06927083333333332 0.048148148148148134 0.03125
0 0.40648148148148144 0.8421875 0.04259259259259254 0.038541666666666786
0 0.15138888888888888 0.7463541666666667 0.058333333333333334 0.03125
0 0.46759259259259256 0.42447916666666663 0.05 0.03125
0 0.15925925925925924 0.896875 0.05555555555555555 0.03229166666666679
0 0.5199074074074074 0.04869791666666666 0.050925925925925875 0.03802083333333332
0 0.6041666666666666 0.6359375 0.0657407407407408 0.033333333333333395
0 0.7773148148148148 0.9447916666666666 0.050925925925926034 0.029166666666666785
0 0.8041666666666667 0.10807291666666666 0.06203703703703714 0.03385416666666665
0 0.637037037037037 0.003645833333333333 0.029629629629629683 0.007291666666666666
0 0.37777777777777777 0.88984375 0.05370370370370369 0.0390625