0 0.3383352801988798 0.4736559139784947 0.03450444783897921 0.02043010752688179
0 0.37954892622877173 0.01881720430107527 0.0440890166831401 0.034408602150537634
0 0.4020726630125498 0.4123655913978495 0.04313055979872409 0.02258064516129039
0 0.17443915296372842 0.4774193548387097 0.0479228442208045 0.021505376344086002
0 0.45526702009764286 0.888709677419355 0.03642136160781139 0.024731182795698813
0 0.1797106658280169 0.7077956989247312 0.043130559798724016 0.018817204301075207
0 0.33354299577679936 0.5083333333333334 0.03833827537664357 0.0327956989247312
0 0.15479078683319858 0.010483870967741936 0.04313055979872406 0.020967741935483872
0 0.542007368137299 0.4303763440860215 0.046964387336388455 0.028494623655913997
0 0.6833797585886723 0.5080645161290323 0.042172102914307924 0.038709677419354806
0 0.49216761014766236 0.32500000000000007 0.05079821487405281 0.025268817204301096
0 0.14999850241111812 0.7663978494623657 0.03354599095456316 0.028494623655913997
0 0.22379968251115703 0.1991935483870968 0.04313055979872409 0.0274193548387097
0 0.21661125587803637 0.9188172043010754 0.03833827537664365 0.048387096774193596
0 0.8458382004971996 0.392741935483871 0.04504747356755612 0.039247311827957
0 0.19600443286309044 0.007526881720430108 0.03929673226105974 0.015053763440860216
0 0.24488573396831104 0.3922043010752688 0.046964387336388455 0.034946236559139796
0 0.7945607571809387 0.2545698924731183 0.03450444783897921 0.023118279569892496
0 0.41549105939437514 0.13440860215053765 0.06996735256237459 0.032258064516129045
0 0.5559049929613323 0.00967741935483871 0.07859346452211932 0.01935483870967742
0 0.20654745859166743 0.428494623655914 0.04313055979872409 0.02043010752688179
0 0.19600443286309044 0.6325268817204301 0.046964387336388455 0.03817204301075261
0 0.6292269446191632 0.0239247311827957 0.05846586994938152 0.037096774193548385
0 0.17923143738580885 0.33790322580645166 0.044089016683140185 0.0295698924731183
0 0.6531883667295654 0.39784946236559143 0.04504747356755627 0.0354838709677419
0 0.765807050648456 0.24408602150537634 0.046005930451972286 0.03978494623655911
0 0.24392727708389494 0.5887096774193549 0.054632042411717166 0.02258064516129039
0 0.6143708629107139 0.3451612903225807 0.04983975798963664 0.026881720430107503
0 0.1921706053254261 0.5032258064516129 0.05271512864288499 0.0365591397849462
0 0.22571659627998925 0.228494623655914 0.05079821487405281 0.024731182795698903
0 0.22667505316440534 0.8325268817204302 0.03929673226105966 0.025268817204301186
0 0.43466019708269693 0.43682795698924737 0.04504747356755627 0.02311827956989241
0 0.212777428340372 0.7599462365591398 0.051756671758468896 0.02741935483870961
0 0.15766615748644683 0.5083333333333334 0.046964387336388455 0.029569892473118208
0 0.37571509869110736 0.4263440860215054 0.04983975798963664 0.044086021505376397
0 0.680025159493216 0.20591397849462365 0.04888130110522063 0.027956989247311805
0 0.8832180189894272 0.2948924731182796 0.056548956180549184 0.030645161290322596
0 0.1538323299487825 0.06774193548387097 0.04696438733638841 0.03655913978494625
0 0.15766615748644683 0.4362903225806452 0.04888130110522063 0.026344086021505397
0 0.4811453559768773 0.5661290322580645 0.05750741306496535 0.031182795698924792
0 0.2793901818072903 0.3763440860215054 0.03929673226105974 0.029032258064516103
0 0.5084613771827359 0.3537634408602151 0.06421661125587806 0.033333333333333305
0 0.340252193967712 0.3005376344086022 0.0440890166831401 0.0365591397849462
0 0.340252193967712 0.810483870967742 0.03833827537664357 0.029569892473118385
0 0.2180489412046605 0.685483870967742 0.04313055979872409 0.03548387096774199
0 0.15527001527540663 0.9766129032258066 0.05559049929613326 0.04247311827956999
0 0.8328990325575825 0.2884408602150538 0.06900889567795843 0.0360215053763441
0 0.39392577949501306 0.23037634408602153 0.06900889567795843 0.0274193548387097
0 0.2731602120585857 0.00510752688172043 0.06709198190912632 0.01021505376344086
0 0.1614999850241112 0.4 0.05846586994938152 0.02473118279569899
0 0.7322610596938928 0.6236559139784947 0.06134124060262971 0.029032258064516193
0 0.8865726180848834 0.3341397849462366 0.05175667175846898 0.0327956989247312
0 0.807499925120556 0.6373655913978495 0.046964387336388455 0.039247311827957
0 0.4801868990924612 0.7188172043010753 0.05175667175846882 0.023655913978494602
0 0.3392937370832959 0.046505376344086025 0.055590499296133175 0.0360215053763441
0 0.2995177763800282 0.4795698924731183 0.04313055979872409 0.029032258064516193
0 0.11980711055201128 0.13575268817204303 0.05559049929613322 0.0424731182795699
0 0.6138916344685058 0.27473118279569897 0.04504747356755627 0.019354838709677403
0 0.4595800760775152 0.5018817204301076 0.03737981849222756 0.028494623655913997
0 0.2712432982897535 0.7193548387096775 0.053673585527301074 0.032258064516129004
0 0.1447269895468296 0.8755376344086022 0.04408901668314014 0.03172043010752681
0 0.19840057507413067 0.027688172043010755 0.08051037829095158 0.03602150537634409
0 0.16725072633060772 0.6771505376344087 0.05079821487405281 0.03387096774193541
0 0.23098810914427775 0.5704301075268818 0.057507413064965436 0.02258064516129039
0 0.13370473537604458 0.12016129032258065 0.04313055979872406 0.019892473118279554
0 0.6124539491418816 0.6811827956989248 0.06517506814029407 0.029032258064516193
0 0.956539970647258 0.26290322580645165 0.046005930451972286 0.0408602150537634
0 0.17683529517476865 0.8970430107526882 0.06613352502471019 0.02741935483870961
0 0.30191391859106836 0.43978494623655917 0.04217210291430801 0.03548387096774199
0 0.9777158774373259 0.2375 0.04456824512534819 0.0375
0 0.20558900170725133 0.5526881720430108 0.06229969748704588 0.02473118279569899
0 0.28082786713391444 0.025268817204301075 0.04792284422080454 0.030107526881720425
0 0.3670889867313625 0.2559139784946237 0.047922844220804464 0.0354838709677419
0 0.18162757959684908 0.12688172043010754 0.0603827837182137 0.03440860215053765
0 0.8328990325575825 0.25 0.046005930451972286 0.023655913978494602
0 0.9143678677329501 0.9862903225806452 0.05175667175846898 0.02741935483870961
0 0.7763500763770331 0.38870967741935486 0.05942432683379769 0.031182795698924702
0 0.9608530266271305 0.3787634408602151 0.06613352502471023 0.0317204301075269
0 0.6038278371821367 0.3698924731182796 0.07475963698445497 0.031182795698924702
0 0.6412076556743643 0.5376344086021506 0.05942432683379753 0.02258064516129039
0 0.6253931170814988 0.8862903225806452 0.031629077185731026 0.02741935483870961
0 0.45718393386647505 0.5913978494623656 0.05942432683379753 0.029032258064516193