0 0.35926835926835926 0.2641277641277641 0.032760032760032705 0.02825552825552826
0 0.4875784875784876 0.25214987714987713 0.03603603603603602 0.03501228501228502
0 0.25825825825825827 0.4542383292383292 0.05787605787605791 0.02518427518427515
0 0.8572208572208572 0.8528869778869778 0.07207207207207204 0.036240786240786346
0 0.732186732186732 0.36025798525798525 0.05132405132405135 0.03501228501228502
0 0.07316407316407317 0.2868550368550368 0.054600054600054605 0.029484029484029506
0 0.2336882336882337 0.9176904176904177 0.026208026208026227 0.025798525798525773
0 0.1747201747201747 0.010442260442260442 0.03712803712803713 0.020884520884520884
0 0.6737646737646737 0.04023341523341523 0.07644007644007647 0.035012285012285004
0 0.4444444444444444 0.37499999999999994 0.06115206115206114 0.046068796068796034
0 0.5956865956865957 0.010135135135135134 0.06879606879606873 0.020270270270270268
0 0.07316407316407317 0.9953931203931203 0.05896805896805895 0.009213759213759332
0 0.4193284193284193 0.007371007371007371 0.04586404586404582 0.014742014742014743
0 0.3467103467103467 0.09305896805896804 0.0775320775320775 0.030098280098280084
0 0.17035217035217037 0.2453931203931204 0.048048048048048034 0.03132678132678128
0 0.4318864318864319 0.5015356265356264 0.05132405132405135 0.02764127764127764
0 0.40458640458640455 0.46898034398034394 0.06879606879606873 0.028869778869778883
0 0.2992082992082992 0.4312039312039312 0.06115206115206114 0.02825552825552826
0 0.9819444444444444 0.04765625 0.03611111111111111 0.0453125
0 0.594048594048594 0.6283783783783783 0.052416052416052454 0.02457002457002453
0 0.6442806442806442 0.5325552825552825 0.048048048048048034 0.04422604422604426
0 0.11629811629811629 0.01382063882063882 0.05132405132405131 0.02764127764127764
0 0.3188643188643188 0.05006142506142506 0.048048048048048034 0.04606879606879606
0 0.5443625443625443 0.19379606879606878 0.04914004914004914 0.03624078624078626
0 0.1272181272181272 0.9517813267813267 0.04258804258804258 0.036240786240786346
0 0.5858585858585859 0.44871007371007365 0.05350805350805356 0.02764127764127764
0 0.5072345072345071 0.300061425061425 0.06224406224406225 0.02518427518427515
0 0.24897624897624895 0.6022727272727273 0.048048048048048034 0.032555282555282616
0 0.1506961506961507 0.5307125307125307 0.05023205023205024 0.03808353808353804
0 0.4537264537264537 0.2622850122850123 0.05132405132405135 0.04668304668304666
0 0.6453726453726454 0.07278869778869779 0.05678405678405672 0.0472972972972973
0 0.7594867594867594 0.17567567567567566 0.06879606879606873 0.049140049140049144
0 0.647010647010647 0.6256142506142506 0.05350805350805356 0.03132678132678137
0 0.7714987714987714 0.0605036855036855 0.04914004914004914 0.03746928746928746
0 0.08353808353808354 0.9183046683046683 0.05787605787605789 0.041769041769041594
0 0.32050232050232047 0.5589680589680589 0.07098007098007095 0.033169533169533236
0 0.3854763854763854 0.6378992628992629 0.06770406770406778 0.046068796068796124
0 0.7829647829647829 0.34674447174447176 0.05678405678405688 0.048525798525798525
0 0.34070434070434064 0.238022113022113 0.05023205023205024 0.04115479115479115
0 0.9058149058149058 0.10472972972972971 0.057876057876057985 0.042383292383292394
0 0.5645645645645645 0.4216830466830467 0.048048048048048034 0.0399262899262899
0 0.17635817635817636 0.1428132678132678 0.046956046956046965 0.04361179361179359
0 0.7512967512967512 0.09551597051597051 0.05460005460005467 0.03255528255528255
0 0.41659841659841657 0.18335380835380835 0.06442806442806447 0.030098280098280084
0 0.6835926835926835 0.43212530712530706 0.05460005460005467 0.04484029484029488
0 0.8555828555828555 0.06941031941031942 0.06879606879606873 0.029484029484029485
0 0.6775866775866776 0.2797911547911548 0.07971607971607979 0.03869778869778866
0 0.5323505323505323 0.23925061425061425 0.06224406224406225 0.042383292383292394
0 0.22276822276822272 0.5829238329238329 0.04368004368004368 0.03071253071253075
0 0.6044226044226044 0.332002457002457 0.05569205569205561 0.04115479115479115
0 0.6022386022386021 0.18058968058968056 0.042588042588042656 0.04299754299754297
0 0.7392847392847393 0.3191031941031941 0.05023205023205024 0.03624078624078626
0 0.6999726999727 0.1421990171990172 0.08954408954408942 0.03378378378378377
0 0.4084084084084084 0.26535626535626533 0.048048048048048034 0.03685503685503688
0 0.2740922740922741 0.11824324324324324 0.0567840567840568 0.038697788697788706
0 0.39639639639639634 0.3492014742014742 0.03712803712803713 0.03132678132678128
0 0.7573027573027572 0.44748157248157244 0.05569205569205577 0.032555282555282616
0 0.19219219219219216 0.7113022113022113 0.02839202839202836 0.02211302211302204
0 0.868140868140868 0.4714373464373464 0.05678405678405688 0.026412776412776395
0 0.08626808626808627 0.9634520884520883 0.04368004368004368 0.04361179361179346
0 0.1545181545181545 0.2800982800982801 0.06006006006006008 0.03562653562653564
0 0.9462189462189462 0.4183046683046682 0.06661206661206652 0.03931203931203928
0 0.6612066612066612 0.010135135135135134 0.06224406224406225 0.020270270270270268
0 0.19437619437619438 0.45055282555282555 0.05023205023205024 0.03624078624078617
0 0.8048048048048049 0.029791154791154788 0.05460005460005467 0.028869778869778873
0 0.7654927654927655 0.38697788697788693 0.0611520611520613 0.035626535626535547
0 0.09609609609609608 0.5807739557739557 0.07207207207207209 0.026412776412776395
0 0.3614523614523614 0.117014742014742 0.05460005460005467 0.03624078624078626
0 0.13049413049413047 0.4594594594594595 0.06879606879606877 0.02825552825552826
0 0.10428610428610428 0.8203316953316954 0.06442806442806442 0.03009828009828013
0 0.717990717990718 0.3918918918918919 0.06224406224406209 0.03808353808353813
0 0.13704613704613705 0.12346437346437347 0.05350805350805352 0.04422604422604422
0 0.4946764946764946 0.1292997542997543 0.06333606333606336 0.036240786240786214
0 0.8190008190008189 0.4511670761670762 0.05460005460005467 0.03378378378378386
0 0.09609609609609608 0.21375921375921375 0.06552006552006553 0.03931203931203928
0 0.9336609336609336 0.45577395577395574 0.0611520611520613 0.03808353808353804
0 0.21294021294021295 0.056203931203931204 0.045864045864045896 0.03992628992628992
0 0.38274638274638273 0.42414004914004916 0.06661206661206667 0.02764127764127764
0 0.44717444717444715 0.4382678132678133 0.06879606879606873 0.046068796068796124
0 0.5334425334425335 0.07585995085995086 0.06661206661206667 0.0558968058968059
0 0.5585585585585585 0.46375921375921375 0.06006006006006004 0.025798525798525773
0 0.9680555555555556 0.10078125 0.06388888888888888 0.0359375
0 0.6022386022386021 0.5402334152334152 0.038220038220038235 0.03501228501228493
0 0.867048867048867 0.11977886977886978 0.06988806988806984 0.04299754299754297
0 0.7518427518427518 0.02764127764127764 0.05350805350805356 0.03562653562653563
0 0.22604422604422603 0.14465601965601965 0.058968058968058935 0.02764127764127764
0 0.36090636090636086 0.49539312039312033 0.057876057876057825 0.028869778869778883
0 0.9183729183729182 0.04514742014742014 0.07207207207207204 0.04115479115479116
0 0.0535080535080535 0.3203316953316953 0.04368004368004368 0.046068796068796034
0 0.960960960960961 0.014742014742014743 0.0633360633360632 0.029484029484029485
0 0.3434343434343434 0.014127764127764128 0.038220038220038235 0.028255528255528257
0 0.5864045864045864 0.03163390663390663 0.06552006552006556 0.035012285012285004
0 0.5929565929565929 0.06603194103194103 0.06770406770406778 0.036240786240786235
0 0.6814086814086815 0.3197174447174447 0.06988806988806984 0.03132678132678128
0 0.44772044772044767 0.16738329238329236 0.03931203931203934 0.03132678132678133
0 0.1506961506961507 0.4837223587223587 0.06115206115206114 0.028869778869778883
0 0.22113022113022113 0.12131449631449631 0.06661206661206659 0.025184275184275195