0 0.14583333333333334 0.9520833333333332 0.058333333333333334 0.039583333333333214
0 0.5486111111111112 0.8401041666666667 0.049074074074074124 0.040625
0 0.9305555555555556 0.04244791666666666 0.05 0.04010416666666667
0 0.30833333333333335 0.71796875 0.040740740740740716 0.027604166666666607
0 0.4384259259259259 0.8075520833333332 0.041666666666666664 0.0359375
0 0.14722222222222223 0.6015625 0.05925925925925925 0.03125
0 0.3032407407407407 0.8130208333333332 0.045370370370370394 0.039583333333333304
0 0.21388888888888888 0.7359375 0.05 0.038541666666666606
0 0.6773148148148148 0.29401041666666666 0.04537037037037032 0.034895833333333307
0 0.7625 0.016927083333333332 0.043518518518518415 0.033854166666666664
0 0.3143518518518518 0.35026041666666663 0.04351851851851849 0.0338541666666667
0 0.5277777777777778 0.5234375 0.044444444444444446 0.04166666666666661
0 0.26620370370370366 0.7208333333333333 0.04722222222222222 0.028125
0 0.4875 0.8864583333333332 0.050925925925925875 0.029166666666666785
0 0.5060185185185185 0.011979166666666666 0.05462962962962968 0.02291666666666667
0 0.6055555555555555 0.011197916666666665 0.044444444444444446 0.021354166666666667
0 0.525 0.4822916666666666 0.05 0.028125
0 0.33518518518518514 0.5411458333333333 0.044444444444444446 0.029166666666666608
0 0.12824074074074074 0.64375 0.04722222222222222 0.034375
0 0.7680555555555556 0.9747395833333332 0.06018518518518508 0.041145833333333215
0 0.374537037037037 0.7549479166666666 0.06574074074074075 0.0609375
0 0.4046296296296296 0.6984375 0.04629629629629635 0.033333333333333395
0 0.9037037037037037 0.6630208333333333 0.0574074074074073 0.034375
0 0.21805555555555556 0.9369791666666666 0.058333333333333334 0.03229166666666679
0 0.6027777777777777 0.48697916666666663 0.06481481481481476 0.030208333333333393
0 0.5888888888888889 0.12864583333333332 0.06111111111111111 0.04166666666666665
0 0.7763888888888889 0.7973958333333333 0.050925925925926034 0.02604166666666661
0 0.9060185185185184 0.32578125 0.05277777777777778 0.0421875
0 0.26157407407407407 0.6841145833333333 0.07129629629629627 0.0265625
0 0.561574074074074 0.7549479166666666 0.07129629629629634 0.0296875
0 0.4666666666666667 0.27447916666666666 0.05 0.0322916666666667
0 0.18703703703703703 0.69609375 0.0425925925925926 0.02864583333333339
0 0.5847222222222223 0.5541666666666666 0.05648148148148143 0.022916666666666606
0 0.3273148148148148 0.7736979166666667 0.07870370370370373 0.052604166666666605
0 0.4703703703703703 0.5778645833333333 0.044444444444444446 0.03802083333333339
0 0.27175925925925926 0.84140625 0.054629629629629604 0.0265625
0 0.735648148148148 0.047395833333333325 0.04537037037037048 0.03749999999999999
0 0.35555555555555557 0.68359375 0.048148148148148134 0.025520833333333392
0 0.649537037037037 0.321875 0.05277777777777778 0.034375
0 0.1625 0.7921875 0.04351851851851851 0.029166666666666695
0 0.4527777777777778 0.2489583333333333 0.07037037037037032 0.030208333333333302
0 0.15555555555555556 0.7536458333333333 0.05740740740740738 0.029166666666666608
0 0.6083333333333333 0.859375 0.07777777777777778 0.033333333333333215
0 0.19814814814814813 0.7760416666666666 0.05555555555555555 0.023958333333333394