0 0.47476909544055124 0.39763157894736845 0.15763084591702098 0.059473684210526304
0 0.4555343791232957 0.8468421052631578 0.04972877877144109 0.04526315789473685
0 0.4499047060548307 0.36605263157894735 0.045975663392464394 0.016315789473684193
0 0.7848702536285003 0.6578947368421052 0.04409910570297596 0.028421052631578902
0 0.6389678932707814 0.8478947368421051 0.04503738454772026 0.024210526315789592
0 0.1698284708986952 0.38315789473684203 0.058173288374138675 0.03578947368421055
0 0.19469286028441576 0.09973684210526315 0.04222254801348777 0.023684210526315797
0 0.9331183110980794 0.7607894736842106 0.051605336460929366 0.042631578947368354
0 0.7806479988271515 0.7471052631578947 0.0525436153056735 0.024736842105263078
0 0.25755754288227534 0.4768421052631579 0.04034599032399942 0.03578947368421055
0 0.20876704295557835 0.8647368421052631 0.051605336460929525 0.030526315789473558
0 0.22237208620436885 0.6684210526315789 0.04128426916874356 0.027368421052631577
0 0.6643014220788741 0.5489473684210526 0.060049846063627066 0.032631578947368386
0 0.3579533792699018 0.19815789473684212 0.04409910570297612 0.02894736842105261
0 0.18812490837120657 0.8421052631578947 0.04972877877144109 0.027368421052631577
0 0.7937839026535699 0.41 0.06943263451106889 0.03473684210526322
0 0.6460049846063627 0.266578947368421 0.04972877877144109 0.02999999999999998
0 0.23410057176367102 0.07263157894736842 0.04785222108195282 0.047368421052631574
0 0.6990177393344085 0.9465789473684211 0.05254361530567366 0.05
0 0.48462102331036505 0.3313157894736842 0.04972877877144109 0.024736842105263168
0 0.39689195132678495 0.8126315789473685 0.043160826858231985 0.02526315789473692
0 0.3143234129892977 0.39789473684210525 0.06755607682158038 0.027368421052631577
0 0.23316229291892684 0.32394736842105265 0.03846943263451107 0.04578947368421051
0 0.8003518545667789 0.6794736842105263 0.05817328837413863 0.024210526315789415
0 0.16279137956311393 0.16473684210526315 0.03659287494502272 0.0336842105263158
0 0.571411816449201 0.5318421052631579 0.043160826858231985 0.031052631578947398
0 0.15716170649464886 0.2773684210526316 0.04409910570297612 0.026315789473684247
0 0.8144260372379416 0.483421052631579 0.04503738454772042 0.028947368421052565
0 0.23879196598739189 0.9102631578947369 0.0534818941504178 0.03210526315789473
0 0.47758393197478377 0.2789473684210526 0.039407711479255286 0.024210526315789505
0 0.22002638909250843 0.5665789473684211 0.03846943263451107 0.028947368421052565
0 0.7501539363729658 0.4436842105263158 0.05348189415041795 0.02947368421052623
0 0.60941210966134 0.835 0.04972877877144109 0.028947368421052742
0 0.3260518985485999 0.8539473684210526 0.060988124908371195 0.026842105263157733
0 0.15763084591702095 0.9805263157894737 0.0450373845477203 0.03894736842105253
0 0.15340859111567218 0.8710526315789474 0.03846943263451107 0.03157894736842089
0 0.2115818794898109 0.019210526315789473 0.049728778771441176 0.038421052631578946
0 0.7356106142794311 0.6034210526315789 0.0525436153056735 0.03736842105263154
0 0.18202609588036947 0.06789473684210526 0.05254361530567366 0.032631578947368414
0 0.22847089869520595 0.9539473684210525 0.03659287494502272 0.030000000000000072
0 0.6070664125494795 0.28078947368421053 0.04503738454772026 0.04157894736842103
0 0.9162292918926843 0.6073684210526316 0.03846943263451115 0.032631578947368386
0 0.24535991790060108 0.22736842105263158 0.04597566339246447 0.028421052631578902
0 0.7098079460489664 0.7981578947368421 0.07600058642427784 0.030000000000000072
0 0.1900014660606949 0.3 0.07037091335581296 0.024210526315789505
0 0.5859551385427356 0.3036842105263158 0.04409910570297612 0.03578947368421055
0 0.5427943116845038 0.8731578947368421 0.05911156721888293 0.026315789473684247
0 0.5001026242486439 0.10026315789473683 0.05629673068465036 0.028947368421052656
0 0.22753261985046183 0.15210526315789474 0.0572350095293945 0.03052631578947369
0 0.788623369007477 0.7692105263157895 0.051605336460929366 0.02789473684210524
0 0.9514147485705908 0.3676315789473684 0.05442017299516209 0.03315789473684214
0 0.18812490837120657 0.5223684210526316 0.0684943556663246 0.0405263157894737
0 0.29461955724967015 0.10105263157894737 0.05817328837413871 0.034736842105263135
0 0.37062014367394813 0.8373684210526315 0.037531153789766854 0.03368421052631589
0 0.7140302008503152 0.696578947368421 0.05442017299516209 0.028947368421052565
0 0.7271661046767336 0.6439473684210526 0.05817328837413863 0.025789473684210584
0 0.7388945902360358 0.6713157894736842 0.055358451839906224 0.02789473684210524
0 0.8139568978155696 0.006842105263157895 0.045975663392464554 0.01368421052631579
0 0.7975370180325466 0.6410526315789473 0.06943263451106889 0.027368421052631577
0 0.6403753115378976 0.04894736842105263 0.0684943556663246 0.035789473684210524
0 0.6938572056883154 0.6694736842105262 0.06849435566632445 0.028421052631578902
0 0.6736842105263158 0.6139473684210526 0.06192640375311533 0.022631578947368426