0 0.32175925925925924 0.2911458333333333 0.08425925925925928 0.060416666666666695
0 0.5236111111111111 0.035677083333333325 0.043518518518518574 0.04531249999999999
0 0.12083333333333333 0.16614583333333333 0.04722222222222222 0.0375
0 0.4606481481481481 0.5598958333333333 0.041666666666666664 0.025
0 0.4152777777777778 0.32890625 0.04722222222222222 0.034895833333333307
0 0.22175925925925924 0.6234375 0.04351851851851849 0.03229166666666661
0 0.6129629629629629 0.7263020833333333 0.037037037037036986 0.02864583333333339
0 0.5439814814814814 0.35703125 0.049074074074074124 0.041145833333333305
0 0.6037037037037036 0.3768229166666667 0.08148148148148143 0.030729166666666696
0 0.4847222222222222 0.4091145833333333 0.050925925925925875 0.0265625
0 0.3675925925925925 0.2645833333333333 0.06851851851851853 0.065625
0 0.7421296296296295 0.6231770833333333 0.062037037037037064 0.025520833333333392
0 0.21064814814814814 0.4619791666666666 0.06018518518518516 0.02604166666666661
0 0.7796296296296296 0.6822916666666666 0.03703703703703714 0.03125
0 0.2824074074074074 0.6546875 0.06111111111111111 0.025
0 0.4629629629629629 0.5317708333333333 0.04629629629629635 0.028125
0 0.7731481481481481 0.3083333333333333 0.051851851851851746 0.025
0 0.26296296296296295 0.36588541666666663 0.05555555555555555 0.025520833333333305
0 0.9027777777777778 0.17447916666666666 0.0574074074074073 0.03229166666666665
0 0.7314814814814814 0.53984375 0.048148148148148176 0.030729166666666606
0 0.3504629629629629 0.20182291666666666 0.050925925925925916 0.0265625
0 0.6222222222222222 0.6036458333333333 0.03888888888888889 0.044791666666666605
0 0.3310185185185185 0.05703125 0.04722222222222222 0.03802083333333332
0 0.14583333333333334 0.27682291666666664 0.056481481481481466 0.027604166666666697
0 0.3023148148148148 0.24010416666666665 0.039814814814814845 0.028125
0 0.29444444444444445 0.3333333333333333 0.04629629629629627 0.039583333333333304
0 0.7652777777777777 0.4890625 0.06018518518518508 0.033333333333333395
0 0.8833333333333333 0.7299479166666666 0.0574074074074073 0.024479166666666607
0 0.6129629629629629 0.5481770833333333 0.051851851851851906 0.031770833333333394
0 0.3972222222222222 0.2203125 0.04814814814814809 0.030208333333333302
0 0.1921296296296296 0.30338541666666663 0.054629629629629604 0.021354166666666695
0 0.28055555555555556 0.48046875 0.04629629629629627 0.03385416666666661
0 0.6851851851851851 0.56875 0.055555555555555476 0.03229166666666661
0 0.46435185185185185 0.09401041666666665 0.04537037037037032 0.039062499999999986
0 0.13518518518518519 0.4802083333333333 0.05925925925925925 0.03541666666666661
0 0.5564814814814815 0.2692708333333333 0.07407407407407413 0.029166666666666695
0 0.5800925925925925 0.06744791666666666 0.05648148148148143 0.0296875
0 0.1560185185185185 0.3184895833333333 0.04537037037037036 0.0265625
0 0.2546296296296296 0.20494791666666665 0.06851851851851849 0.0265625
0 0.7925925925925925 0.5822916666666667 0.042592592592592696 0.030208333333333393
0 0.1796296296296296 0.2192708333333333 0.0425925925925926 0.029166666666666695
0 0.8879629629629628 0.6247395833333333 0.05370370370370381 0.025520833333333392
0 0.1398148148148148 0.12395833333333332 0.06111111111111111 0.03645833333333335
0 0.15462962962962962 0.62890625 0.05555555555555554 0.022395833333333393
0 0.2787037037037037 0.6729166666666666 0.05925925925925928 0.02083333333333339
0 0.2060185185185185 0.2596354166666667 0.05092592592592595 0.0338541666666667
0 0.25925925925925924 0.24166666666666664 0.05 0.027083333333333303
0 0.5680555555555555 0.5609375 0.04722222222222222 0.033333333333333395
0 0.6648148148148147 0.5361979166666666 0.05 0.0359375
0 0.7189814814814814 0.68828125 0.039814814814814845 0.04427083333333339
0 0.7462962962962962 0.68359375 0.03703703703703714 0.0359375
0 0.6537037037037037 0.5809895833333333 0.06296296296296301 0.0265625
0 0.5958333333333333 0.007291666666666666 0.06203703703703699 0.013541666666666669
0 0.5263888888888889 0.0049479166666666664 0.04722222222222222 0.009895833333333333
0 0.5773148148148147 0.5809895833333333 0.06018518518518524 0.0140625