0 0.31366408190920725 0.8783783783783784 0.04721824888955808 0.043243243243243155
0 0.5030188963336596 0.01891891891891892 0.04432733569223822 0.03783783783783784
0 0.31944590830384706 0.7786486486486487 0.04336369795979827 0.02864864864864867
0 0.7063464578784915 0.34702702702702704 0.04818188662199802 0.033513513513513525
0 0.5685462621395769 0.894054054054054 0.042400060227358316 0.018378378378378458
0 0.13346382594293457 0.7027027027027027 0.04914552435443802 0.036756756756756735
0 0.22308213505985094 0.7986486486486486 0.049145524354437975 0.03837837837837839
0 0.6099826846344952 0.17216216216216218 0.059745539411277596 0.04162162162162164
0 0.27608221034404884 0.781891891891892 0.049145524354437975 0.029729729729729648
0 0.763682902958669 0.08891891891891893 0.0491455243544379 0.03837837837837839
0 0.9390649702627418 0.7245945945945946 0.05685462621395782 0.03513513513513509
0 0.5444553188285779 0.5362162162162163 0.05203643755175783 0.029189189189189158
0 0.15273658059173378 0.6591891891891892 0.06070917714371755 0.03297297297297295
0 0.6249190694873147 0.5413513513513514 0.06649100353835734 0.03189189189189197
0 0.36859143265828503 0.7440540540540541 0.04914552435443806 0.027567567567567508
0 0.4543551908454415 0.875945945945946 0.047218248889558154 0.0372972972972974
0 0.5242189264473387 0.04432432432432433 0.05396371301663789 0.038918918918918924
0 0.7800647444101483 0.05378378378378379 0.045290973424678097 0.03621621621621622
0 0.640819092072574 0.00837837837837838 0.05396371301663789 0.01675675675675676
0 0.6273281638184145 0.04621621621621622 0.04432733569223822 0.03081081081081081
0 0.3411277572837461 0.8375675675675677 0.07709101859519688 0.05567567567567551
0 0.48711887374840024 0.6354054054054055 0.047218248889558154 0.04054054054054053
0 0.419182413611383 0.7589189189189189 0.04432733569223822 0.034594594594594595
0 0.5473462320258978 0.5797297297297297 0.046254611157118125 0.04270270270270267
0 0.9636377324399609 0.0827027027027027 0.05203643755175783 0.039999999999999994
0 0.940028607995182 0.3754054054054054 0.054927350749077765 0.04378378378378382
0 0.5830008281261764 0.8186486486486487 0.07323646766543707 0.03189189189189179
0 0.6726191372430927 0.3716216216216216 0.05203643755175783 0.03513513513513518
0 0.34931867800948585 0.5964864864864865 0.051072799819317956 0.03081081081081081
0 0.46929157569826097 0.29567567567567565 0.0693819167356771 0.030270270270270228
0 0.27270947828050895 0.7437837837837838 0.06938191673567719 0.029189189189189158
0 0.27560039147782883 0.3924324324324325 0.04818188662199802 0.035675675675675665
0 0.3883460061733042 0.8191891891891891 0.0674546412707972 0.06324324324324308
0 0.17056387864187306 0.8575675675675676 0.04432733569223822 0.028648648648648488
0 0.1609275013174735 0.8154054054054054 0.059745539411277596 0.03297297297297312
0 0.8060829631860273 0.862972972972973 0.054927350749077765 0.028648648648648488
0 0.8475193856809456 0.0032432432432432435 0.06649100353835717 0.006486486486486487
0 0.20525483700971167 0.8370270270270271 0.059745539411277596 0.027567567567567508
0 0.6066099525709554 0.6110810810810812 0.05878190167883757 0.024324324324324388
0 0.4837461416848604 0.3216216216216216 0.05203643755175783 0.033513513513513525
0 0.19320936535421215 0.7564864864864865 0.04336369795979827 0.029729729729729648
0 0.2828276744711285 0.9070270270270271 0.06070917714371755 0.028108108108107998
0 0.6509372882631936 0.9248648648648649 0.03950914703003839 0.031351351351351295