0 0.6037037037037036 0.7302083333333333 0.05740740740740746 0.04270833333333339
0 0.26296296296296295 0.9018229166666666 0.03703703703703706 0.0296875
0 0.2657407407407407 0.7171875 0.027777777777777776 0.025
0 0.524537037037037 0.8244791666666667 0.049074074074074124 0.03125
0 0.40231481481481474 0.7263020833333333 0.030555555555555555 0.030729166666666606
0 0.26805555555555555 0.8265625 0.03611111111111111 0.035416666666666784
0 0.24537037037037035 0.9286458333333332 0.03888888888888889 0.028125
0 0.7810185185185184 0.6911458333333333 0.03796296296296286 0.030208333333333393
0 0.20648148148148146 0.8723958333333333 0.05740740740740738 0.033333333333333215
0 0.6893518518518518 0.6950520833333333 0.04537037037037032 0.024479166666666607
0 0.48657407407407405 0.8510416666666666 0.034259259259259205 0.023958333333333214
0 0.5606481481481481 0.878125 0.034259259259259205 0.033333333333333215
0 0.687037037037037 0.9421875 0.029629629629629683 0.023958333333333214
0 0.6662037037037036 0.76875 0.06018518518518524 0.034375
0 0.18564814814814815 0.9299479166666667 0.04351851851851851 0.027604166666666784
0 0.6856481481481481 0.8447916666666666 0.07129629629629627 0.029166666666666785
0 0.8939814814814814 0.75546875 0.05277777777777778 0.0234375
0 0.7273148148148147 0.8098958333333333 0.04351851851851849 0.026041666666666696
0 0.9032407407407407 0.8255208333333333 0.05462962962962952 0.029166666666666785
0 0.5555555555555556 0.7880208333333333 0.04814814814814809 0.04166666666666661
0 0.38240740740740736 0.7578125 0.035185185185185236 0.033333333333333395
0 0.3810185185185185 0.65390625 0.050925925925925916 0.025520833333333392
0 0.46111111111111114 0.7192708333333333 0.03888888888888889 0.034375
0 0.4166666666666667 0.8138020833333333 0.03888888888888889 0.0265625
0 0.7171296296296296 0.9799479166666666 0.039814814814814845 0.031770833333333214
0 0.2986111111111111 0.7627604166666666 0.03425925925925929 0.024479166666666607
0 0.2388888888888889 0.81015625 0.040740740740740716 0.0359375
0 0.6439814814814814 0.7916666666666666 0.04722222222222222 0.038541666666666696
0 0.21666666666666667 0.7203125 0.03888888888888889 0.03125
0 0.8472222222222222 0.8244791666666667 0.04814814814814825 0.03229166666666679
0 0.8587962962962962 0.7807291666666666 0.058333333333333334 0.033333333333333395
0 0.735185185185185 0.8713541666666667 0.05370370370370373 0.0375
0 0.2652777777777778 0.6809895833333333 0.039814814814814845 0.030729166666666606
0 0.46111111111111114 0.8638020833333332 0.05 0.0265625
0 0.5962962962962963 0.7575520833333333 0.04814814814814809 0.019270833333333393
0 0.6092592592592592 0.8651041666666666 0.037037037037036986 0.028125
0 0.812037037037037 0.7953125 0.059259259259259366 0.026041666666666696
0 0.8180555555555555 0.83359375 0.056481481481481584 0.03385416666666678
0 0.7703703703703704 0.7619791666666667 0.04814814814814825 0.021875
0 0.8217592592592592 0.7067708333333333 0.04537037037037048 0.03645833333333339
0 0.3037037037037037 0.80859375 0.05185185185185182 0.024479166666666698
0 0.40694444444444444 0.79296875 0.06018518518518524 0.022395833333333302
0 0.3467592592592592 0.8083333333333332 0.04166666666666663 0.0322916666666667
0 0.887037037037037 0.7309895833333333 0.05 0.031770833333333394
0 0.6023148148148147 0.78203125 0.05648148148148143 0.0265625
0 0.6546296296296296 0.7286458333333333 0.05555555555555555 0.046875
0 0.9189814814814814 0.7848958333333333 0.041666666666666664 0.029166666666666608
0 0.16898148148148145 0.95546875 0.03425925925925927 0.028645833333333214
0 0.7504629629629629 0.9895833333333333 0.041666666666666664 0.019791666666666784
0 0.7333333333333333 0.6984375 0.05 0.039583333333333394
0 0.3046296296296296 0.82890625 0.044444444444444446 0.021354166666666785
0 0.7425925925925926 0.7841145833333333 0.044444444444444446 0.027604166666666607
0 0.7282407407407406 0.7583333333333333 0.04722222222222222 0.029166666666666608
0 0.6342592592592592 0.74296875 0.03333333333333333 0.022395833333333393