0 0.5231481481481481 0.2830729166666667 0.044444444444444446 0.0421875
0 0.887037037037037 0.8721354166666666 0.05370370370370381 0.0296875
0 0.1560185185185185 0.5604166666666666 0.04537037037037036 0.02604166666666661
0 0.4629629629629629 0.7744791666666666 0.04259259259259254 0.029166666666666608
0 0.36666666666666664 0.5145833333333333 0.06851851851851853 0.06354166666666661
0 0.1796296296296296 0.4625 0.04074074074074074 0.028125
0 0.31990740740740736 0.5390625 0.08425925925925924 0.055208333333333394
0 0.7782407407407407 0.9283854166666666 0.03796296296296286 0.0359375
0 0.9004629629629629 0.0796875 0.05277777777777778 0.04583333333333334
0 0.14583333333333334 0.5203125 0.054629629629629604 0.02604166666666661
0 0.2222222222222222 0.8645833333333333 0.03888888888888889 0.034375
0 0.46342592592592585 0.3395833333333333 0.04537037037037032 0.039583333333333304
0 0.7425925925925926 0.86875 0.0574074074074073 0.025
0 0.4810185185185185 0.6515625 0.050925925925925875 0.027083333333333393
0 0.8810185185185184 0.97578125 0.056481481481481584 0.0296875
0 0.33055555555555555 0.3020833333333333 0.04629629629629627 0.033333333333333305
0 0.43194444444444446 0.5747395833333333 0.04722222222222222 0.031770833333333394
0 0.5435185185185185 0.6033854166666666 0.05 0.04010416666666661
0 0.6856481481481481 0.8153645833333332 0.05277777777777778 0.0338541666666667
0 0.7305555555555555 0.7869791666666666 0.04629629629629627 0.0322916666666667
0 0.7916666666666666 0.828125 0.042592592592592696 0.033333333333333215
0 0.6041666666666666 0.62265625 0.08240740740740746 0.031770833333333394
0 0.7185185185185184 0.9330729166666666 0.03703703703703706 0.0484375
0 0.7731481481481481 0.5580729166666666 0.051851851851851746 0.024479166666666607
0 0.20972222222222223 0.70546875 0.06018518518518516 0.0265625
0 0.7449074074074074 0.92734375 0.03611111111111111 0.03802083333333321
0 0.3518518518518518 0.4473958333333333 0.05 0.022916666666666606
0 0.2759259259259259 0.8955729166666666 0.04259259259259262 0.025520833333333215
0 0.6453703703703704 0.07760416666666667 0.051851851851851906 0.039583333333333325
0 0.2949074074074074 0.578125 0.045370370370370394 0.039583333333333394
0 0.2634259259259259 0.60859375 0.05648148148148151 0.024479166666666607
0 0.3032407407407407 0.4833333333333333 0.041666666666666664 0.023958333333333394
0 0.27824074074074073 0.7229166666666667 0.045370370370370394 0.038541666666666606
0 0.19120370370370368 0.54375 0.05648148148148149 0.021875
0 0.11990740740740741 0.409375 0.04722222222222222 0.034375
0 0.399074074074074 0.4627604166666666 0.044444444444444446 0.031770833333333394
0 0.5569444444444445 0.5169270833333333 0.0731481481481481 0.027604166666666607
0 0.7638888888888888 0.73671875 0.06111111111111111 0.03489583333333339
0 0.6222222222222222 0.84765625 0.03888888888888889 0.0484375
0 0.46018518518518514 0.8015625 0.037037037037036986 0.027083333333333303
0 0.9027777777777778 0.4208333333333333 0.05 0.030208333333333393
0 0.5106481481481481 0.06197916666666666 0.05648148148148143 0.04166666666666667
0 0.5652777777777778 0.8046875 0.041666666666666664 0.033333333333333305
0 0.15555555555555556 0.8684895833333333 0.05555555555555555 0.0234375
0 0.5199074074074074 0.2411458333333333 0.05277777777777778 0.030208333333333302
0 0.5791666666666667 0.3143229166666667 0.058333333333333334 0.025520833333333305
0 0.20833333333333334 0.5020833333333333 0.05 0.0375
0 0.137037037037037 0.7216145833333333 0.05925925925925925 0.036979166666666605
0 0.26157407407407407 0.4859375 0.05092592592592595 0.025
0 0.6518518518518518 0.825 0.059259259259259206 0.030208333333333216
0 0.2550925925925926 0.4489583333333333 0.06759259259259262 0.02604166666666661
0 0.13935185185185184 0.3671875 0.060185185185185196 0.0322916666666667
0 0.5976851851851852 0.24479166666666666 0.06388888888888888 0.029166666666666695
0 0.6643518518518519 0.7822916666666666 0.04722222222222222 0.03541666666666661
0 0.26296296296296295 0.9125 0.025925925925925953 0.015625
0 0.6129629629629629 0.7934895833333333 0.04814814814814809 0.030729166666666606
0 0.45648148148148143 0.03125 0.05 0.038541666666666655
0 0.44490740740740736 0.0109375 0.06388888888888888 0.021875
0 0.5789166666666666 0.8264010416666666 0.06093518518518519 0.019593749999999945