0 0.18935209228396518 0.36299435028248583 0.05035959901169284 0.03898305084745761
0 0.7463292573532884 0.9675141242937852 0.04633083109075753 0.037853107344632875
0 0.18683411233338054 0.32401129943502827 0.05539555891286214 0.0231638418079096
0 0.6944588703712447 0.0064971751412429375 0.049352407031458934 0.012994350282485875
0 0.5947468643280928 0.11242937853107345 0.049352407031458934 0.03389830508474576
0 0.12136663361817981 0.10649717514124293 0.07352501455707157 0.041242937853107356
0 0.6405740994287333 0.56045197740113 0.0725178225768377 0.03163841807909602
0 0.699494830272414 0.5090395480225989 0.047338023070991275 0.04293785310734464
0 0.1732370206002235 0.8330508474576271 0.04431644713028971 0.033333333333333215
0 0.5524448011582708 0.3553672316384181 0.05539555891286222 0.024858757062146887
0 0.23618651936483956 0.40790960451977404 0.04935240703145901 0.024858757062146887
0 0.3021575940701572 0.34350282485875705 0.07050343861637004 0.030508474576271195
0 0.811293140078372 0.5562146892655366 0.047338023070991435 0.045762711864406745
0 0.7669766929480824 0.4192090395480226 0.05136679099192675 0.029378531073446366
0 0.26992745070267377 0.3887005649717515 0.0584171348535637 0.024858757062146887
0 0.46280471491745745 0.005932203389830509 0.0533811749523944 0.011864406779661017
0 0.5116535259587995 0.020903954802259882 0.09266166218151489 0.0384180790960452
0 0.7362573375509498 0.16864406779661018 0.054388366932628156 0.041242937853107356
0 0.46280471491745745 0.47909604519774013 0.03928048722912049 0.029378531073446366
0 0.12388461356876447 0.4101694915254237 0.046330831090757446 0.029378531073446366
0 0.3142438978329635 0.4248587570621469 0.04834521505122518 0.03276836158192094
0 0.5972648442786774 0.3073446327683616 0.054388366932628315 0.024858757062146887
0 0.1682010606990542 0.8624293785310735 0.04230206316982202 0.03107344632768374
0 0.5489196292274523 0.5186440677966102 0.04834521505122518 0.025988700564971802
0 0.40186960011330913 0.25819209039548024 0.06446028673496691 0.024858757062146887
0 0.4315817635302079 0.10649717514124293 0.043309255150055806 0.04350282485875705
0 0.7639551170073808 0.8864406779661017 0.06546747871520082 0.04067796610169481
0 0.35503517303243476 0.3861581920903955 0.06143871079426535 0.029943502824858737
0 0.11532348173677667 0.8449152542372881 0.04330925515005588 0.029943502824858824
0 0.5484160332373353 0.03785310734463277 0.063453094754733 0.03954802259887006
0 0.1576255449065987 0.02937853107344633 0.06143871079426527 0.0327683615819209
0 0.6451064633397857 0.3282485875706215 0.03928048722912049 0.03728813559322033
0 0.1943880521851345 0.2940677966101695 0.04028767920935432 0.03446327683615822
0 0.15913633287694948 0.2231638418079096 0.04230206316982198 0.02146892655367232
0 0.24071888327589194 0.005367231638418079 0.06043151881403144 0.010734463276836158
0 0.6043151881403144 0.39745762711864413 0.04834521505122518 0.03898305084745761
0 0.5776246006641172 0.8378531073446327 0.05136679099192675 0.03502824858757059
0 0.5871929244763389 0.17598870056497176 0.0725178225768377 0.02768361581920904
0 0.10575515792455502 0.5483050847457627 0.040287679209354284 0.033333333333333395
0 0.2845317344160647 0.49350282485875707 0.05740994287332988 0.031073446327683562
0 0.6571927671025919 0.6468926553672316 0.08762570228034568 0.04293785310734464
0 0.2951072502085202 0.5875706214689266 0.052373982972160574 0.024858757062146887
0 0.6627323229938782 0.6203389830508474 0.08057535841870864 0.025988700564971802
0 0.48445934249248546 0.8313559322033898 0.04431644713028971 0.04011299435028235
0 0.11733786569724439 0.0440677966101695 0.0856113183198779 0.031638418079096044
0 0.1546039689658971 0.4564971751412429 0.06949624663613617 0.027118644067796537
0 0.8274082117621139 0.4610169491525424 0.05539555891286206 0.027118644067796537
0 0.09870481406291802 0.3121468926553672 0.0684890546559023 0.03446327683615822
0 0.8087751601277875 0.13502824858757062 0.04633083109075753 0.0361581920903955
0 0.07755378247800701 0.5384180790960451 0.05640275089309601 0.03841807909604515
0 0.5398549014053475 0.8 0.04431644713028971 0.047457627118643944
0 0.6702862628456321 0.5923728813559321 0.06748186267566848 0.033333333333333395
0 0.24222967124624273 0.31610169491525425 0.059424326833797614 0.045762711864406745
0 0.7115811340352203 0.3954802259887006 0.07956816643847474 0.03389830508474576
0 0.36107832491383784 0.47711864406779664 0.06143871079426535 0.04689265536723166
0 0.6158978959130038 0.771186440677966 0.04935240703145909 0.03728813559322042
0 0.5383441134349968 0.49689265536723165 0.08762570228034552 0.029943502824858824
0 0.22107863966133168 0.14378531073446327 0.05740994287332988 0.03220338983050848
0 0.5620131249704924 0.7655367231638418 0.062445902774499094 0.02146892655367232
0 0.39582644823190594 0.22796610169491527 0.04230206316982205 0.029943502824858737
0 0.26086272288056905 0.18361581920903955 0.0584171348535637 0.027118644067796627
0 0.40640196402436146 0.006214689265536723 0.0533811749523944 0.012429378531073445
0 0.7231638418079096 0.9887005649717514 0.04834521505122503 0.022598870056497234
0 0.07805737846812395 0.0615819209039548 0.063453094754733 0.03502824858757063
0 0.9432352894890075 0.02514124293785311 0.05338117495239456 0.03898305084745762
0 0.6118691279920684 0.3573446327683616 0.047338023070991275 0.02429378531073443
0 0.7151063059660386 0.19661016949152543 0.05237398297216066 0.04180790960451981
0 0.32532300961553595 0.21610169491525424 0.054388366932628315 0.03220338983050848
0 0.6108619360118345 0.8954802259887005 0.03928048722912049 0.04067796610169481
0 0.28856050233700015 0.20395480225988702 0.06546747871520074 0.0361581920903955
0 0.9230914498843303 0.9898305084745763 0.05136679099192675 0.020338983050847404
0 0.20999952787875925 0.3889830508474576 0.059424326833797614 0.02655367231638426