0 0.4849791835145416 0.5026881720430108 0.15718692904423878 0.0591397849462366
0 0.5827417857249828 0.6379032258064516 0.047922844220804464 0.03387096774193541
0 0.680504387935424 0.6551075268817205 0.06709198190912641 0.0370967741935484
0 0.1998382604007548 0.19784946236559142 0.04504747356755627 0.021505376344086048
0 0.796956899391979 0.8553763440860216 0.054632042411717166 0.0258064516129032
0 0.2645341000988409 0.5790322580645162 0.040255189145475746 0.037634408602150594
0 0.2506364752748076 0.3287634408602151 0.045047473567556194 0.028494623655913997
0 0.17443915296372842 0.4852150537634409 0.05942432683379757 0.0327956989247312
0 0.159583071255279 0.9766129032258066 0.03929673226105966 0.0327956989247312
0 0.22715428160661338 0.6696236559139785 0.03833827537664357 0.03172043010752681
0 0.8170844939647169 0.7876344086021506 0.05846586994938152 0.0258064516129032
0 0.223320454068949 0.0239247311827957 0.06517506814029415 0.031720430107526884
0 0.21709048432024441 0.1131720430107527 0.05271512864288499 0.0467741935483871
0 0.4878545541677899 0.3817204301075269 0.03833827537664357 0.022580645161290304
0 0.2400934495462306 0.17123655913978494 0.046964387336388455 0.0446236559139785
0 0.8012699553718514 0.7653225806451613 0.04408901668314026 0.029569892473118208
0 0.3661305298469464 0.2989247311827957 0.0440890166831401 0.027956989247311805
0 0.2678886991942972 0.061290322580645165 0.05846586994938152 0.033333333333333326
0 0.8635696528588973 0.09086021505376345 0.04983975798963664 0.03978494623655915
0 0.1614999850241112 0.37795698924731186 0.045047473567556194 0.026881720430107503
0 0.9507892293407615 0.8704301075268818 0.055590499296133335 0.044086021505376397
0 0.808458382004972 0.5163978494623656 0.07188426633120662 0.034946236559139796
0 0.8314613472309582 0.5895161290322581 0.046964387336388455 0.029569892473118208
0 0.23002965225986166 0.771236559139785 0.040255189145475746 0.028494623655913997
0 0.6210800611016265 0.3841397849462366 0.0440890166831401 0.039247311827957
0 0.2400934495462306 0.4241935483870968 0.03929673226105966 0.04516129032258061
0 0.76484859376404 0.55 0.053673585527301 0.031182795698924792
0 0.8142091233114686 0.7483870967741936 0.06996735256237459 0.027956989247311805
0 0.8036660975828916 0.8776881720430108 0.05271512864288483 0.02634408602150522
0 0.5985563243178483 0.4064516129032258 0.04504747356755627 0.0365591397849462
0 0.658459879593854 0.37043010752688177 0.04983975798963664 0.027956989247311805
0 0.2942462635157397 0.2045698924731183 0.059424326833797614 0.0338709677419355
0 0.9340162338634798 0.7150537634408602 0.0373798184922274 0.033333333333333395
0 0.1955252044208824 0.9470430107526882 0.04792284422080454 0.029569892473118385
0 0.21565279899362028 0.9720430107526882 0.051756671758468896 0.031182795698924792
0 0.5137328900470243 0.2043010752688172 0.05750741306496535 0.027956989247311805
0 0.3215622847215982 0.5005376344086022 0.06996735256237459 0.026881720430107593
0 0.7509509689400067 0.710483870967742 0.054632042411717166 0.03817204301075261
0 0.1868990924611376 0.16505376344086023 0.053673585527301074 0.032258064516129045
0 0.9704375954712914 0.4733870967741936 0.054632042411717166 0.0327956989247312
0 0.19360829065205024 0.6250000000000001 0.07092580944679068 0.0413978494623656
0 0.2329050229131099 0.2510752688172043 0.057507413064965436 0.032258064516129004
0 0.16629226944619163 0.2634408602150538 0.035462904723395305 0.031182795698924702
0 0.49456375235870254 0.4330645161290323 0.05175667175846882 0.02526881720430101
0 0.5142121184892324 0.02741935483870968 0.06805043879354242 0.03333333333333334
0 0.25015724683259954 0.04327956989247313 0.06134124060262979 0.027419354838709675
0 0.19504597597867435 0.4002688172043011 0.07380118010003896 0.02311827956989241
0 0.7241141761763562 0.9061827956989248 0.07571809386887098 0.03064516129032242
0 0.776829304819241 0.07956989247311828 0.06038278371821355 0.029032258064516127
0 0.6522299098451493 0.1467741935483871 0.06996735256237459 0.03548387096774195
0 0.7289064605984366 0.8043010752688172 0.05846586994938152 0.029032258064516016
0 0.6876928145685446 0.7198924731182796 0.06229969748704588 0.023655913978494602
0 0.4883337826099979 0.055913978494623665 0.06613352502471023 0.037634408602150546
0 0.7413664000958458 0.7508064516129033 0.06229969748704588 0.02741935483870961
0 0.7073411806990747 0.7774193548387097 0.06900889567795843 0.029032258064516193
0 0.4600593045197233 0.4717741935483871 0.04983975798963664 0.019892473118279595
0 0.6776290172821757 0.002150537634408602 0.06517506814029407 0.004301075268817204
0 0.7528678827088389 0.7790322580645161 0.05846586994938152 0.030107526881720404