0 0.2222222222222222 0.596875 0.03888888888888889 0.023958333333333394
0 0.35787037037037034 0.86015625 0.03611111111111111 0.022395833333333216
0 0.18472222222222223 0.5442708333333333 0.05092592592592593 0.019791666666666607
0 0.3935185185185185 0.09739583333333332 0.06666666666666667 0.036458333333333336
0 0.5175925925925925 0.5252604166666666 0.07407407407407413 0.024479166666666607
0 0.22175925925925924 0.5325520833333333 0.054629629629629604 0.021354166666666608
0 0.21296296296296294 0.9598958333333332 0.03518518518518516 0.023958333333333214
0 0.3810185185185185 0.82890625 0.041666666666666664 0.031770833333333214
0 0.8231481481481481 0.9609375 0.04074074074074063 0.033333333333333215
0 0.2222222222222222 0.4677083333333333 0.040740740740740716 0.03125
0 0.16759259259259257 0.69609375 0.048148148148148155 0.0234375
0 0.25277777777777777 0.79609375 0.044444444444444446 0.021354166666666695
0 0.3277777777777778 0.14140625 0.044444444444444446 0.0359375
0 0.24861111111111112 0.7739583333333333 0.03611111111111111 0.023958333333333394
0 0.23518518518518516 0.07083333333333333 0.048148148148148176 0.03229166666666665
0 0.33611111111111114 0.01015625 0.05555555555555555 0.01927083333333333
0 0.32546296296296295 0.4333333333333333 0.037962962962962934 0.027083333333333393
0 0.6791666666666667 0.1484375 0.04722222222222222 0.030208333333333347
0 0.5375 0.50546875 0.041666666666666664 0.027604166666666607
0 0.6787037037037037 0.06223958333333333 0.04629629629629635 0.046354166666666655
0 0.22314814814814812 0.01145833333333333 0.05740740740740738 0.021875
0 0.46574074074074073 0.014583333333333332 0.06111111111111111 0.029166666666666664
0 0.5532407407407407 0.5442708333333333 0.06388888888888888 0.025
0 0.29953703703703705 0.6184895833333333 0.04351851851851849 0.022395833333333393
0 0.4476851851851852 0.16276041666666666 0.06203703703703699 0.04010416666666665
0 0.4583333333333333 0.5020833333333333 0.037037037037036986 0.025
0 0.8587962962962962 0.91796875 0.04722222222222222 0.0328125
0 0.18611111111111112 0.6528645833333333 0.03888888888888889 0.031770833333333394
0 0.21157407407407405 0.8888020833333332 0.041666666666666664 0.027604166666666784
0 0.9467592592592592 0.83359375 0.05462962962962952 0.04010416666666679
0 0.42916666666666664 0.7200520833333333 0.06388888888888888 0.027604166666666607
0 0.40694444444444444 0.8036458333333332 0.06018518518518524 0.025
0 0.9199074074074073 0.8552083333333332 0.043518518518518415 0.03645833333333322
0 0.22546296296296295 0.6205729166666666 0.075 0.0265625
0 0.19305555555555556 0.946875 0.05092592592592593 0.028125
0 0.6041666666666666 0.009895833333333331 0.05462962962962968 0.01875
0 0.4888888888888889 0.0421875 0.04629629629629635 0.030208333333333327
0 0.18379629629629626 0.4372395833333333 0.05277777777777778 0.0328125
0 0.2787037037037037 0.24609375 0.025925925925925953 0.0203125
0 0.1523148148148148 0.7143229166666666 0.04722222222222222 0.03385416666666661
0 0.30416666666666664 0.12369791666666666 0.037962962962962934 0.03385416666666665
0 0.6412037037037036 0.07369791666666667 0.03796296296296302 0.0328125
0 0.28194444444444444 0.5260416666666666 0.062037037037037064 0.02604166666666661
0 0.4263888888888889 0.03723958333333333 0.050925925925925875 0.03072916666666666
0 0.35509259259259257 0.6421875 0.04907407407407405 0.029166666666666608
0 0.7759259259259259 0.83984375 0.027777777777777776 0.022395833333333216
0 0.8564814814814814 0.8796875 0.04814814814814825 0.030208333333333216
0 0.18518518518518515 0.5947916666666666 0.04074074074074074 0.03645833333333339
0 0.18703703703703703 0.4765625 0.03888888888888889 0.033333333333333395
0 0.3861111111111111 0.56796875 0.04259259259259254 0.021354166666666608
0 0.19305555555555556 0.1265625 0.06388888888888888 0.027083333333333348
0 0.20694444444444443 0.7067708333333333 0.06018518518518516 0.027083333333333393
0 0.7476851851851851 0.8325520833333332 0.041666666666666664 0.0359375
0 0.8671296296296295 0.35026041666666663 0.06018518518518508 0.030729166666666696
0 0.6212962962962962 0.63046875 0.051851851851851906 0.027604166666666607
0 0.23796296296296293 0.55234375 0.04259259259259262 0.027604166666666607
0 0.2787037037037037 0.5666666666666667 0.05 0.027083333333333393
0 0.9263888888888889 0.95546875 0.06388888888888888 0.0328125
0 0.20185185185185184 0.3466145833333333 0.05740740740740738 0.027604166666666697
0 0.3634259259259259 0.5455729166666666 0.0398148148148148 0.027604166666666607
0 0.39166666666666666 0.5317708333333333 0.035185185185185236 0.034375
0 0.18935185185185183 0.9799479166666666 0.04351851851851851 0.030729166666666786
0 0.2916666666666667 0.59140625 0.06296296296296294 0.027604166666666607
0 0.6699074074074074 0.7942708333333333 0.04537037037037032 0.02812499999999991
0 0.6337962962962963 0.1546875 0.04537037037037032 0.02291666666666665
0 0.17685185185185184 0.5203125 0.051851851851851864 0.029166666666666608
0 0.6083333333333333 0.8486979166666666 0.04074074074074079 0.018229166666666786
0 0.5185185185185185 0.004166666666666667 0.035185185185185236 0.008333333333333333
0 0.7583333333333333 0.95625 0.05370370370370381 0.028125
0 0.8097222222222222 0.8760416666666666 0.06203703703703714 0.035416666666666784
0 0.8083333333333333 0.83828125 0.04074074074074063 0.022395833333333216
0 0.8736111111111111 0.007552083333333332 0.05462962962962952 0.0140625
0 0.2435185185185185 0.033854166666666664 0.05925925925925928 0.033333333333333326
0 0.4962962962962963 0.8880208333333333 0.04259259259259254 0.022916666666666786