0 0.7800925925925926 0.3723958333333333 0.03796296296296286 0.033333333333333305
0 0.2175925925925926 0.32135416666666666 0.04259259259259262 0.033333333333333305
0 0.7949074074074073 0.27291666666666664 0.041666666666666664 0.03125
0 0.2777777777777778 0.3703125 0.05740740740740738 0.022916666666666696
0 0.461574074074074 0.225 0.04722222222222222 0.029166666666666695
0 0.48194444444444445 0.07473958333333333 0.058333333333333334 0.031770833333333325
0 0.6152777777777778 0.2390625 0.049074074074074124 0.035416666666666693
0 0.7337962962962962 0.2296875 0.04722222222222222 0.033333333333333305
0 0.6546296296296296 0.27421875 0.06296296296296301 0.0265625
0 0.15555555555555556 0.01484375 0.044444444444444446 0.0296875
0 0.15185185185185185 0.3278645833333333 0.05370370370370369 0.022395833333333302
0 0.4597222222222222 0.25390625 0.041666666666666664 0.030729166666666696
0 0.2773148148148148 0.17239583333333333 0.04722222222222222 0.03541666666666665
0 0.6143518518518518 0.42109375 0.03796296296296302 0.027604166666666607
0 0.600462962962963 0.061197916666666664 0.08611111111111111 0.03489583333333333
0 0.6671296296296296 0.22395833333333331 0.05277777777777778 0.035416666666666693
0 0.4666666666666667 0.028385416666666663 0.05555555555555555 0.0390625
0 0.7444444444444445 0.315625 0.059259259259259366 0.025
0 0.7203703703703703 0.3807291666666667 0.03888888888888889 0.039583333333333304
0 0.20740740740740737 0.15963541666666664 0.06111111111111111 0.031770833333333345
0 0.886574074074074 0.4200520833333333 0.06018518518518508 0.024479166666666607
0 0.6226851851851851 0.2966145833333333 0.03796296296296302 0.0453125
0 0.2935185185185185 0.024739583333333332 0.05 0.04635416666666666
0 0.1148148148148148 0.15677083333333333 0.06111111111111111 0.0375
0 0.8898148148148147 0.3125 0.05370370370370381 0.026041666666666696
0 0.5689814814814814 0.2536458333333333 0.049074074074074124 0.033333333333333305
0 0.7476851851851851 0.3739583333333333 0.03611111111111111 0.034375
0 0.5347222222222222 0.0453125 0.05462962962962968 0.039583333333333325
0 0.7611111111111111 0.18463541666666666 0.059259259259259366 0.03385416666666667
0 0.687037037037037 0.2606770833333333 0.05370370370370373 0.0359375
0 0.2638888888888889 0.059375 0.06481481481481484 0.032291666666666656
0 0.2810185185185185 0.3515625 0.06018518518518516 0.023958333333333304
0 0.3388888888888889 0.00859375 0.05740740740740742 0.01614583333333333
0 0.7703703703703704 0.004166666666666667 0.042592592592592696 0.008333333333333333
0 0.18796296296296294 0.005989583333333333 0.044444444444444446 0.0109375
0 0.5810185185185185 0.2755208333333333 0.0657407407407408 0.016666666666666698