0 0.22268518518518515 0.6981770833333333 0.04351851851851849 0.027604166666666607
0 0.21990740740740738 0.7247395833333333 0.039814814814814845 0.0296875
0 0.23796296296296293 0.2583333333333333 0.048148148148148176 0.038541666666666696
0 0.23657407407407405 0.22135416666666666 0.05092592592592595 0.022916666666666696
0 0.48796296296296293 0.7734375 0.04074074074074079 0.03541666666666661
0 0.35138888888888886 0.31510416666666663 0.04722222222222222 0.033333333333333305
0 0.12962962962962962 0.17942708333333332 0.0351851851851852 0.021354166666666653
0 0.49166666666666664 0.36588541666666663 0.037037037037036986 0.028645833333333304
0 0.5078703703703703 0.8018229166666666 0.043518518518518574 0.031770833333333304
0 0.6032407407407407 0.8005208333333332 0.03981481481481476 0.028125
0 0.6134259259259258 0.0203125 0.04722222222222222 0.035416666666666666
0 0.7111111111111111 0.390625 0.044444444444444446 0.038541666666666655
0 0.7453703703703703 0.07135416666666666 0.05 0.038541666666666675
0 0.17777777777777778 0.3026041666666667 0.0425925925925926 0.028125
0 0.8143518518518518 0.4333333333333333 0.04537037037037048 0.044791666666666605
0 0.4351851851851852 0.16119791666666666 0.06296296296296301 0.025520833333333347
0 0.3138888888888889 0.28229166666666666 0.05185185185185182 0.027083333333333303
0 0.5967592592592592 0.69921875 0.050925925925925875 0.0328125
0 0.6560185185185184 0.4385416666666666 0.06759259259259254 0.028125
0 0.7324074074074073 0.8481770833333332 0.04259259259259262 0.0328125
0 0.18425925925925923 0.024739583333333332 0.07037037037037037 0.0390625
0 0.3074074074074074 0.07760416666666667 0.05370370370370373 0.029166666666666674
0 0.6152777777777778 0.2036458333333333 0.05277777777777778 0.025
0 0.7722222222222223 0.3065104166666667 0.05 0.0296875
0 0.9157407407407406 0.8510416666666666 0.042592592592592696 0.0375
0 0.33518518518518514 0.11197916666666666 0.06666666666666667 0.038541666666666655
0 0.5699074074074074 0.40078125 0.043518518518518574 0.025520833333333347
0 0.325 0.3807291666666667 0.05 0.029166666666666695
0 0.6712962962962963 0.51875 0.08148148148148143 0.038541666666666606
0 0.2810185185185185 0.3 0.045370370370370394 0.026041666666666696
0 0.337037037037037 0.46796875 0.04629629629629627 0.019270833333333393
0 0.6217592592592592 0.2872395833333333 0.04537037037037032 0.036979166666666695
0 0.2435185185185185 0.19296875 0.03888888888888889 0.031770833333333325
0 0.6601851851851852 0.22265625 0.03888888888888889 0.034895833333333307
0 0.3972222222222222 0.3645833333333333 0.05555555555555555 0.04375
0 0.561574074074074 0.6651041666666666 0.043518518518518574 0.04375
0 0.2652777777777778 0.06041666666666666 0.04722222222222222 0.03854166666666667
0 0.3884259259259259 0.28229166666666666 0.058333333333333334 0.029166666666666695
0 0.4314814814814814 0.12864583333333332 0.03888888888888889 0.030208333333333347
0 0.5759259259259258 0.2458333333333333 0.05370370370370365 0.025
0 0.6231481481481481 0.7541666666666667 0.05 0.040625
0 0.561574074074074 0.38046875 0.08055555555555556 0.0265625
0 0.6833333333333333 0.4690104166666666 0.06111111111111111 0.02864583333333339
0 0.35462962962962963 0.221875 0.05740740740740742 0.029166666666666695
0 0.1537037037037037 0.21119791666666665 0.05925925925925927 0.03489583333333333
0 0.6337962962962963 0.6364583333333333 0.049074074074074124 0.03541666666666661
0 0.8291666666666667 0.3450520833333333 0.05277777777777778 0.0265625
0 0.7699074074074073 0.7432291666666666 0.06018518518518508 0.034375
0 0.7555555555555555 0.81953125 0.044444444444444446 0.03385416666666678
0 0.724537037037037 0.09791666666666665 0.04907407407407405 0.04374999999999999
0 0.5111111111111111 0.6953125 0.044444444444444446 0.03541666666666661
0 0.2060185185185185 0.3442708333333333 0.06388888888888888 0.027083333333333303
0 0.16944444444444445 0.7091145833333333 0.044444444444444446 0.0265625
0 0.6763888888888889 0.49453125 0.075 0.022395833333333393
0 0.15925925925925924 0.43203125 0.04074074074074074 0.0296875
0 0.6296296296296297 0.25 0.04814814814814809 0.023958333333333304
0 0.7208333333333333 0.284375 0.075 0.0322916666666667
0 0.2935185185185185 0.21171875 0.06851851851851849 0.036979166666666674
0 0.13657407407407407 0.4229166666666666 0.054629629629629646 0.038541666666666606
0 0.2564814814814815 0.2830729166666667 0.05740740740740738 0.027604166666666697
0 0.5837962962962963 0.6317708333333333 0.06203703703703699 0.023958333333333394