0 0.4703703703703703 0.4916666666666666 0.1518518518518519 0.05729166666666661
0 0.5648148148148148 0.62265625 0.04629629629629635 0.0328125
0 0.6592592592592592 0.6393229166666666 0.06481481481481476 0.0359375
0 0.1949074074074074 0.19635416666666666 0.04351851851851851 0.020833333333333325
0 0.7717592592592593 0.8333333333333333 0.05277777777777778 0.025
0 0.25740740740740736 0.565625 0.03888888888888889 0.03645833333333339
0 0.24398148148148147 0.3231770833333333 0.04351851851851849 0.027604166666666697
0 0.17037037037037037 0.4747395833333333 0.05740740740740738 0.031770833333333394
0 0.1560185185185185 0.95078125 0.037962962962962976 0.031770833333333214
0 0.22129629629629627 0.6533854166666666 0.03703703703703706 0.030729166666666606
0 0.7912037037037036 0.7677083333333333 0.056481481481481584 0.025
0 0.2175925925925926 0.02786458333333333 0.06296296296296294 0.03072916666666666
0 0.21157407407407405 0.11432291666666665 0.05092592592592595 0.0453125
0 0.4731481481481481 0.37447916666666664 0.037037037037036986 0.021875
0 0.23379629629629628 0.17057291666666666 0.045370370370370394 0.04322916666666665
0 0.7759259259259259 0.74609375 0.042592592592592696 0.02864583333333339
0 0.35555555555555557 0.2942708333333333 0.04259259259259258 0.027083333333333303
0 0.26064814814814813 0.0640625 0.05648148148148151 0.032291666666666656
0 0.8361111111111111 0.09270833333333332 0.04814814814814825 0.038541666666666655
0 0.15787037037037036 0.3708333333333333 0.04351851851851851 0.026041666666666696
0 0.9203703703703703 0.8479166666666667 0.05370370370370381 0.042708333333333216
0 0.7828703703703703 0.5049479166666666 0.06944444444444445 0.03385416666666661
0 0.8050925925925926 0.57578125 0.04537037037037048 0.02864583333333339
0 0.22407407407407404 0.7518229166666666 0.03888888888888889 0.027604166666666607
0 0.6018518518518519 0.3768229166666667 0.04259259259259254 0.0380208333333333
0 0.23379629629629628 0.415625 0.037962962962962934 0.04375
0 0.7407407407407406 0.5375 0.051851851851851746 0.030208333333333393
0 0.7884259259259259 0.7296875 0.0675925925925927 0.027083333333333393
0 0.7782407407407407 0.8549479166666666 0.050925925925926034 0.025520833333333215
0 0.5800925925925925 0.3984375 0.043518518518518574 0.03541666666666665
0 0.637962962962963 0.36354166666666665 0.04814814814814809 0.027083333333333303
0 0.2861111111111111 0.2028645833333333 0.05740740740740738 0.0328125
0 0.9041666666666667 0.6973958333333333 0.03611111111111111 0.03229166666666661
0 0.1907407407407407 0.9221354166666667 0.04629629629629627 0.028645833333333214
0 0.21018518518518517 0.9463541666666666 0.05 0.030208333333333216
0 0.4981481481481481 0.20260416666666664 0.05555555555555555 0.027083333333333327
0 0.3125 0.4895833333333333 0.06759259259259262 0.02604166666666661
0 0.7273148148148147 0.69296875 0.05277777777777778 0.036979166666666605
0 0.18240740740740738 0.16458333333333333 0.05185185185185182 0.03125
0 0.9393518518518518 0.46328125 0.05277777777777778 0.031770833333333394
0 0.18888888888888888 0.61015625 0.06851851851851849 0.04010416666666661
0 0.22685185185185183 0.24791666666666665 0.05555555555555555 0.03125
0 0.1625 0.2598958333333333 0.03425925925925927 0.030208333333333302
0 0.47962962962962963 0.42421875 0.05 0.024479166666666607
0 0.4986111111111111 0.03125 0.0657407407407408 0.03229166666666666
0 0.2435185185185185 0.04661458333333333 0.05925925925925928 0.026562499999999996
0 0.19027777777777777 0.3924479166666667 0.07129629629629627 0.022395833333333302
0 0.7013888888888888 0.8825520833333332 0.07314814814814817 0.0296875
0 0.7523148148148148 0.08177083333333332 0.058333333333333334 0.028125
0 0.6319444444444444 0.146875 0.06759259259259254 0.034375
0 0.7060185185185185 0.7838541666666666 0.05648148148148143 0.028125
0 0.6662037037037036 0.7020833333333333 0.06018518518518524 0.022916666666666606
0 0.4736111111111111 0.058854166666666666 0.06388888888888888 0.03645833333333333
0 0.7180555555555556 0.73203125 0.06018518518518516 0.0265625
0 0.6851851851851851 0.7578125 0.06666666666666658 0.028125
0 0.44629629629629625 0.46171875 0.04814814814814809 0.019270833333333393
0 0.6564814814814814 0.0046875 0.06296296296296301 0.008333333333333331
0 0.7291666666666666 0.759375 0.05648148148148151 0.029166666666666608