0 0.3226851851851852 0.18984375 0.08981481481481476 0.061979166666666675
0 0.12268518518518517 0.06614583333333332 0.04907407407407409 0.038541666666666655
0 0.2791666666666667 0.3794270833333333 0.045370370370370394 0.034895833333333307
0 0.7740740740740739 0.20546875 0.05 0.024479166666666673
0 0.4638888888888889 0.4307291666666666 0.04259259259259254 0.02604166666666661
0 0.22083333333333333 0.52421875 0.04351851851851849 0.0328125
0 0.461574074074074 0.45859375 0.03981481481481476 0.024479166666666607
0 0.12962962962962962 0.37760416666666663 0.05740740740740742 0.0375
0 0.39629629629629626 0.11822916666666665 0.05 0.03229166666666665
0 0.5578703703703703 0.16614583333333333 0.075 0.03229166666666665
0 0.3675925925925925 0.16276041666666666 0.07222222222222222 0.06822916666666665
0 0.5458333333333333 0.25416666666666665 0.050925925925925875 0.040625
0 0.8837962962962962 0.628125 0.056481481481481584 0.022916666666666606
0 0.6134259259259258 0.6255208333333333 0.041666666666666664 0.029166666666666608
0 0.2796296296296296 0.5729166666666666 0.05925925925925928 0.02083333333333339
0 0.6046296296296296 0.278125 0.08148148148148143 0.030208333333333302
0 0.7310185185185184 0.43828125 0.04722222222222222 0.030729166666666606
0 0.29444444444444445 0.2328125 0.048148148148148176 0.040625
0 0.3023148148148148 0.14010416666666664 0.039814814814814845 0.030208333333333347
0 0.7407407407407406 0.521875 0.06481481481481484 0.025
0 0.3509259259259259 0.10078125 0.05185185185185182 0.028645833333333336
0 0.7800925925925926 0.5802083333333333 0.03611111111111111 0.03229166666666661
0 0.20740740740740737 0.35885416666666664 0.06111111111111111 0.027083333333333303
0 0.14629629629629629 0.17994791666666665 0.05555555555555555 0.027604166666666652
0 0.9328703703703703 0.08333333333333333 0.05462962962962952 0.042708333333333334
0 0.2828703703703704 0.5549479166666667 0.062037037037037064 0.024479166666666607
0 0.1560185185185185 0.21875 0.04537037037037036 0.027083333333333303
0 0.6222222222222222 0.5028645833333333 0.03888888888888889 0.04427083333333339
0 0.2550925925925926 0.10442708333333332 0.06759259259259262 0.027604166666666652
0 0.7935185185185184 0.4802083333333333 0.042592592592592696 0.03125
0 0.26435185185185184 0.2645833333333333 0.058333333333333334 0.027083333333333303
0 0.1537037037037037 0.5296875 0.05555555555555555 0.022916666666666606
0 0.4509259259259259 0.23307291666666666 0.04629629629629635 0.031770833333333304
0 0.48796296296296293 0.30963541666666666 0.05 0.028645833333333304
0 0.1925925925925926 0.20338541666666665 0.05370370370370371 0.022395833333333327
0 0.6861111111111111 0.4671875 0.05555555555555555 0.033333333333333395
0 0.7657407407407406 0.3864583333333333 0.059259259259259366 0.03333333333333335
0 0.7467592592592592 0.5822916666666667 0.03796296296296286 0.03645833333333339
0 0.5685185185185185 0.46015625 0.04814814814814809 0.03385416666666661
0 0.8907407407407406 0.52265625 0.0574074074074073 0.027604166666666607
0 0.14027777777777778 0.024479166666666663 0.06203703703703702 0.0375
0 0.6138888888888889 0.4466145833333333 0.04814814814814809 0.031770833333333394
0 0.6648148148148147 0.4346354166666666 0.05 0.0359375
0 0.18148148148148147 0.11953125 0.044444444444444446 0.03072916666666665
0 0.25879629629629625 0.14166666666666666 0.05277777777777778 0.029166666666666653
0 0.20879629629629626 0.15963541666666664 0.05277777777777778 0.03489583333333335
0 0.7199074074074073 0.5872395833333333 0.039814814814814845 0.04322916666666661
0 0.46203703703703697 0.00625 0.03888888888888889 0.01145833333333333
0 0.6532407407407407 0.4799479166666666 0.06203703703703699 0.025520833333333392
0 0.5791111111111111 0.48215104166666667 0.0625 0.01923437500000009