0 0.5930813401596614 0.7254189944134078 0.04680910661209748 0.03966480446927374
0 0.33015359238107095 0.27430167597765365 0.03684972222654488 0.02681564245810053
0 0.45514386641975696 0.8502793296089386 0.15536639641462158 0.06703910614525128
0 0.16432984236161904 0.5298882681564245 0.04382129129643173 0.01955307262569832
0 0.3241779617497394 0.3100558659217877 0.042825352857876454 0.03910614525139664
0 0.42825352857876475 0.8069832402234637 0.05178879880487386 0.02513966480446932
0 0.7823096434851621 0.01983240223463687 0.05079286036631874 0.03966480446927374
0 0.45613980485831224 0.7187150837988827 0.04182941441932126 0.02402234636871512
0 0.9902506963788301 0.0109375 0.019498607242339833 0.021875
0 0.20466534912310733 0.755586592178771 0.04083347598076591 0.04972067039106154
0 0.289320116400305 0.2790502793296089 0.04880098348920811 0.03631284916201114
0 0.8684583184201926 0.17793296089385477 0.05178879880487402 0.04860335195530725
0 0.13743950452062684 0.8173184357541899 0.057764429436205474 0.03687150837988824
0 0.20964504131588366 0.013128491620111732 0.052784737243429136 0.026256983240223464
0 0.3645134685112276 0.22234636871508381 0.049796921927763305 0.04916201117318435
0 0.620967616439209 0.054469273743016765 0.04680910661209748 0.024022346368715076
0 0.6946670608922986 0.3039106145251397 0.044817229734987085 0.04134078212290504
0 0.2310577177448219 0.9086592178770949 0.041829414419321184 0.039664804469273916
0 0.3973794369835515 0.2053072625698324 0.0458131681735422 0.02737430167597763
0 0.23055974852554426 0.18687150837988828 0.052784737243429136 0.03966480446927374
0 0.4919935886463018 0.10921787709497206 0.05577255255909496 0.026256983240223474
0 0.4302454054558753 0.23156424581005589 0.04780504505065276 0.02849162011173183
0 0.21412676428938238 0.6614525139664804 0.045813168173542286 0.02793296089385482
0 0.2310577177448219 0.3980446927374302 0.059756306313315986 0.02737430167597763
0 0.8281228116587044 0.4410614525139665 0.04880098348920819 0.03743016759776534
0 0.2664135323135339 0.16899441340782123 0.04481722973498701 0.034078212290502785
0 0.8037223199141004 0.9315642458100559 0.049796921927763464 0.03184357541899452
0 0.664290938516363 0.18715083798882678 0.049796921927763305 0.04134078212290504
0 0.1638318731423414 0.1304469273743017 0.04880098348920807 0.03631284916201118
0 0.3331414076967368 0.05251396648044693 0.048800983489208034 0.036871508379888264
0 0.5442803566704533 0.22234636871508381 0.054776614120539684 0.03575418994413404
0 0.15835421173028744 0.9539106145251397 0.0657319369446476 0.04525139664804456
0 0.12748012013507415 0.7089385474860335 0.045813168173542286 0.030167597765363218
0 0.334137346135292 0.635195530726257 0.046809106612097556 0.030167597765363218
0 0.7369944445308975 0.8930167597765364 0.053780675681984566 0.03407821229050292
0 0.33164750003890386 0.08770949720670392 0.049796921927763305 0.042458100558659194
0 0.19719581083394283 0.5840782122905028 0.057764429436205515 0.028491620111731918
0 0.21462473350866001 0.379608938547486 0.060752244751871264 0.02513966480446932
0 0.5671869407572245 0.7435754189944135 0.04481722973498693 0.04469273743016764
0 0.9092917944009586 0.11145251396648045 0.0557725525590948 0.03966480446927374
0 0.1877343956676678 0.3611731843575419 0.06274412162898181 0.02737430167597763
0 0.2828465165496958 0.23882681564245808 0.047805045050652833 0.04413407821229054
0 0.6214655856584865 0.12653631284916203 0.05178879880487386 0.03072625698324023
0 0.1623379654845085 0.7318435754189945 0.07369944445308972 0.02458100558659222
0 0.1404273198362926 0.2346368715083799 0.05378067568198441 0.03240223463687153
0 0.1802648573785033 0.4474860335195531 0.049796921927763305 0.04022346368715084
0 0.9058060098660151 0.06927374301675979 0.06274412162898173 0.03575418994413408
0 0.20516331834238496 0.505586592178771 0.049796921927763305 0.03910614525139664
0 0.853021272622586 0.023463687150837992 0.05079286036631874 0.029050279329608943
0 0.1894150417827298 0.98984375 0.033426183844011144 0.0203125
0 0.17628110362428223 0.3081005586592179 0.05975630631331602 0.04301675977653634
0 0.9436516705311153 0.8198324022346369 0.054776614120539524 0.03407821229050292
0 0.8106938889839872 0.028770949720670392 0.03784566066510016 0.02960893854748603
0 0.8555111187189742 0.062011173184357546 0.07170756757597921 0.042458100558659215
0 0.14291716593268078 0.19720670391061454 0.060752244751871264 0.02905027932960893
0 0.7942609047478254 0.17541899441340783 0.06274412162898173 0.034636871508379886
0 0.23454350227976536 0.2927374301675978 0.042825352857876454 0.02458100558659222
0 0.4601235586125333 0.2994413407821229 0.039837537542210706 0.03128491620111733
0 0.48203420426074917 0.5360335195530727 0.05378067568198441 0.02290502793296092
0 0.48402608113785967 0.3706703910614525 0.06174818319042662 0.03296089385474863
0 0.7494436750128383 0.4282122905027933 0.06075224475187118 0.02402234636871512
0 0.15735827329173216 0.2807262569832402 0.05378067568198441 0.02178770949720672
0 0.6090163551765456 0.1564245810055866 0.08067101352297669 0.04022346368715084
0 0.2888221471810274 0.8329608938547487 0.06573193694464764 0.027932960893854643
0 0.4621154354896438 0.7687150837988826 0.049796921927763305 0.02905027932960902
0 0.13046793545073995 0.593854748603352 0.03386190691087906 0.02793296089385482
0 0.14839482734473478 0.4966480446927375 0.05178879880487386 0.03240223463687144
0 0.6214655856584865 0.4921787709497207 0.06772381382175811 0.031284916201117244
0 0.5089245421017413 0.1388268156424581 0.06772381382175811 0.03966480446927374
0 0.9763231197771588 0.16484375 0.04735376044568245 0.0359375
0 0.4566377740775898 0.3974860335195531 0.06075224475187134 0.03296089385474863
0 0.38891396025583175 0.014525139664804471 0.05079286036631858 0.029050279329608943
0 0.7813137050466068 0.8597765363128491 0.07071162913742393 0.03575418994413404
0 0.9777158774373259 0.03359375 0.04456824512534819 0.0484375
0 0.6513437388151445 0.3363128491620112 0.063740060067537 0.02346368715083802
0 0.2609358709014799 0.5393854748603352 0.057764429436205515 0.03184357541899434
0 0.13992935061701497 0.31201117318435756 0.05079286036631862 0.03184357541899443
0 0.6299310623862063 0.7131284916201117 0.05079286036631858 0.02960893854748612