0 0.2532407407407407 0.0609375 0.04722222222222222 0.04270833333333333
0 0.49351851851851847 0.12526041666666665 0.04814814814814809 0.02864583333333335
0 0.6152777777777778 0.4083333333333333 0.049074074074074124 0.02291666666666665
0 0.6597222222222222 0.4278645833333333 0.034259259259259205 0.03489583333333339
0 0.7722222222222223 0.5114583333333333 0.04814814814814825 0.027083333333333393
0 0.33379629629629626 0.3125 0.058333333333333334 0.033333333333333305
0 0.35462962962962963 0.515625 0.044444444444444446 0.03125
0 0.798148148148148 0.2515625 0.042592592592592696 0.033333333333333305
0 0.39861111111111114 0.10338541666666665 0.04722222222222222 0.03072916666666665
0 0.17453703703703702 0.8994791666666666 0.039814814814814824 0.027083333333333216
0 0.15879629629629627 0.4122395833333333 0.06388888888888887 0.03072916666666665
0 0.31527777777777777 0.48203125 0.05648148148148151 0.0234375
0 0.710185185185185 0.59375 0.04444444444444436 0.03645833333333339
0 0.16574074074074072 0.6276041666666666 0.03888888888888887 0.03229166666666661
0 0.6375 0.10729166666666665 0.043518518518518574 0.028125
0 0.537962962962963 0.11223958333333332 0.04074074074074079 0.03385416666666665
0 0.21203703703703702 0.15260416666666665 0.05370370370370373 0.028125
0 0.7689814814814814 0.9393229166666666 0.06018518518518508 0.0390625
0 0.4263888888888889 0.07708333333333332 0.05277777777777778 0.028125
0 0.575462962962963 0.4536458333333333 0.050925925925925875 0.021875
0 0.32916666666666666 0.5776041666666666 0.05277777777777778 0.029166666666666608
0 0.6125 0.23046875 0.041666666666666664 0.0328125
0 0.6217592592592592 0.4916666666666666 0.04537037037037032 0.034375
0 0.2601851851851852 0.25885416666666666 0.05 0.03125
0 0.7439814814814815 0.28125 0.050925925925926034 0.035416666666666693
0 0.3592592592592592 0.029166666666666664 0.0648148148148148 0.04270833333333333
0 0.43657407407407406 0.3611979166666667 0.058333333333333334 0.021354166666666695
0 0.49351851851851847 0.5651041666666666 0.03333333333333333 0.02604166666666661
0 0.18287037037037035 0.22421875 0.06574074074074071 0.036979166666666695
0 0.5768518518518518 0.11640625 0.05 0.031770833333333345
0 0.5712962962962963 0.6020833333333333 0.04259259259259254 0.025
0 0.39444444444444443 0.47890625 0.05555555555555555 0.025520833333333392
0 0.374537037037037 0.3380208333333333 0.050925925925925916 0.027083333333333303
0 0.5125 0.8877604166666666 0.043518518518518574 0.036979166666666785
0 0.3472222222222222 0.43671875 0.06111111111111111 0.024479166666666607
0 0.20694444444444443 0.32421875 0.03425925925925929 0.019270833333333303
0 0.46203703703703697 0.2075520833333333 0.03888888888888889 0.027604166666666673
0 0.20972222222222223 0.5432291666666667 0.06388888888888888 0.02604166666666661
0 0.18148148148148147 0.50078125 0.044444444444444446 0.0265625
0 0.22407407407407404 0.915625 0.03888888888888889 0.030208333333333216
0 0.7212962962962962 0.4895833333333333 0.07407407407407404 0.030208333333333393
0 0.28703703703703703 0.12708333333333333 0.05740740740740738 0.02395833333333335
0 0.33935185185185185 0.6645833333333333 0.04537037037037036 0.02083333333333339
0 0.6555555555555556 0.6401041666666666 0.06666666666666667 0.028125
0 0.6143518518518518 0.30104166666666665 0.06388888888888888 0.023958333333333304
0 0.24166666666666667 0.421875 0.05370370370370373 0.021875
0 0.1398148148148148 0.6184895833333333 0.05185185185185182 0.0359375
0 0.5736111111111111 0.16276041666666666 0.06018518518518524 0.03489583333333335
0 0.28379629629629627 0.4994791666666666 0.045370370370370394 0.022916666666666606
0 0.21203703703703702 0.04479166666666666 0.05 0.035416666666666666
0 0.537962962962963 0.14270833333333333 0.08333333333333333 0.03125
0 0.4305555555555556 0.3338541666666667 0.037037037037036986 0.028125
0 0.8282407407407406 0.5494791666666666 0.04907407407407397 0.023958333333333394
0 0.13425925925925924 0.07552083333333333 0.05 0.04270833333333333
0 0.2273148148148148 0.8885416666666666 0.041666666666666664 0.03125
0 0.6763888888888889 0.6940104166666666 0.07314814814814817 0.0234375
0 0.4125 0.025 0.0657407407407408 0.039583333333333325
0 0.8125 0.6359375 0.04537037037037048 0.04270833333333339
0 0.6708333333333333 0.7200520833333333 0.07870370370370365 0.04010416666666661
0 0.5837962962962963 0.8276041666666666 0.05648148148148143 0.020833333333333214
0 0.3143518518518518 0.0953125 0.04722222222222222 0.036458333333333336
0 0.3972222222222222 0.5640625 0.05370370370370365 0.040625
0 0.23564814814814813 0.09296875 0.062037037037037064 0.0296875
0 0.17453703703703702 0.16458333333333333 0.07685185185185182 0.027083333333333348
0 0.6333333333333333 0.8328125 0.044444444444444446 0.035416666666666784
0 0.5625 0.5809895833333333 0.07870370370370365 0.0265625
0 0.30833333333333335 0.2934895833333333 0.05370370370370373 0.024479166666666698
0 0.9342592592592592 0.15078125 0.04814814814814825 0.0359375
0 0.28703703703703703 0.08046875 0.05185185185185182 0.0421875
0 0.29953703703703705 0.018229166666666668 0.06388888888888888 0.029166666666666664
0 0.137037037037037 0.18125 0.05740740740740738 0.028125
0 0.2912037037037037 0.41484375 0.05648148148148151 0.04114583333333335
0 0.724074074074074 0.30729166666666663 0.048148148148148176 0.039583333333333304
0 0.5629629629629629 0.8596354166666667 0.03888888888888889 0.0421875
0 0.6828703703703703 0.66953125 0.06018518518518516 0.030729166666666606
0 0.24675925925925923 0.39401041666666664 0.03611111111111111 0.030729166666666696
0 0.6291666666666667 0.45390625 0.043518518518518574 0.0203125
0 0.26157407407407407 0.4833333333333333 0.054629629629629604 0.023958333333333394
0 0.4324074074074074 0.12239583333333333 0.04629629629629635 0.030208333333333347
0 0.6592592592592592 0.0703125 0.05 0.034375
0 0.699074074074074 0.0140625 0.04999999999999992 0.027083333333333327
0 0.2421296296296296 0.46015625 0.04722222222222222 0.03802083333333339
0 0.4212962962962963 0.05390625 0.051851851851851906 0.0265625
0 0.38703703703703696 0.008854166666666666 0.059259259259259206 0.01666666666666667
0 0.649074074074074 0.01145833333333333 0.06481481481481476 0.021875
0 0.21712962962962962 0.007291666666666666 0.062037037037037064 0.013541666666666669
0 0.6217592592592592 0.084375 0.058333333333333334 0.03541666666666665