0 0.9818941504178273 0.009375 0.036211699164345405 0.01875
0 0.8897163566657682 0.03203225806451613 0.04845958007607746 0.050881720430107524
0 0.8070494503848804 0.029838709677419355 0.06486836193728088 0.034059139784946235
0 0.6690412435978076 0.03882795698924731 0.05481414921975621 0.04391397849462366
0 0.6325815437146195 0.015322580645161291 0.07859346452211947 0.030645161290322583
0 0.5391319974840507 0.006989247311827958 0.0603827837182137 0.013978494623655916
0 0.5694575733069758 0.07727419354838709 0.051862102015754495 0.03528494623655913
0 0.45915835504837216 0.08647311827956991 0.0502327253122472 0.028817204301075282
0 0.4233983286908078 0.06029032258064517 0.049648066612753436 0.026177419354838704
0 0.3967340581663522 0.07391935483870968 0.050970737113247545 0.0472956989247312
0 0.2969970347740139 0.026516129032258067 0.037676940126396434 0.03404838709677419
0 0.26493665199029565 0.04420430107526882 0.04743403120975231 0.03710752688172042
0 0.17753496870039237 0.05518817204301076 0.06619103243777523 0.028397849462365586
0 0.17398867822805286 0.09089784946236559 0.04728067810824571 0.03186559139784946
0 0.3016551352322761 0.09640860215053763 0.05437325905292482 0.03874193548387095
0 0.35949800820678707 0.12520430107526884 0.03560667325605767 0.02754301075268817
0 0.3213801779135592 0.13121505376344086 0.04801868990924614 0.035413978494623646
0 0.2792655824123162 0.16145698924731183 0.04359061910324379 0.024629032258064544
0 0.3545523706832001 0.16348924731182796 0.040782340431904596 0.03846236559139782
0 0.47541378380806903 0.15076881720430108 0.047280678108245634 0.028112903225806417
0 0.1931961541917513 0.13722043010752688 0.05732530625692638 0.020080645161290357
0 0.21004582621978618 0.1639032258064516 0.06028693802977202 0.04360215053763441
0 0.17236888609338966 0.16912365591397852 0.05881091442777132 0.032494623655913955
0 0.7144050079372212 0.15437096774193548 0.04211459550124302 0.03946236559139784
0 0.6694917183334832 0.18652688172043014 0.06457124030311184 0.024204301075268785
0 0.5052601311887861 0.2207043010752688 0.05969269476143411 0.03205913978494621
0 0.48257345673465724 0.2473494623655914 0.060133584928265586 0.029811827956989313
0 0.21536526192829544 0.2120483870967742 0.0650121304699434 0.02883333333333331
0 0.2484607781471831 0.23210215053763444 0.06028693802977202 0.022526881720430138
0 0.26020187498128017 0.2507849462365591 0.06752328750711357 0.03088709677419361
0 0.21248030670620302 0.3004408602150538 0.04594842303890737 0.035709677419354866
0 0.1819726240752389 0.348747311827957 0.05732530625692638 0.031215053763440803
0 0.23656632821157939 0.3554623655913979 0.04388774073741275 0.042978494623655904
0 0.1977104861173511 0.38177419354838715 0.04004432863090424 0.020177419354838654
0 0.29241561086650497 0.38939247311827957 0.06102494983077245 0.03210752688172045
0 0.23102644741965436 0.4351505376344086 0.05496750232126281 0.027483870967741807
0 0.16667565219995809 0.4453870967741936 0.031178602450055475 0.025569892473118295
0 0.24461736604067455 0.509747311827957 0.0466864348399078 0.027483870967741807
0 0.3631209752298799 0.482483870967742 0.047280678108245794 0.02766129032258071
0 0.16150956959295534 0.5572688172043011 0.041520352232905025 0.0272150537634408
0 0.19496929942792107 0.5800322580645161 0.06560637373828139 0.022188172043010823
0 0.2353107496929943 0.6008709677419355 0.03693892832539608 0.04811290322580639
0 0.16992482103812864 0.6626075268817205 0.05777578099260193 0.034005376344086
0 0.31265822026537277 0.6789086021505377 0.07491299008596156 0.025994623655913963
0 0.44815527001527544 0.6516451612903226 0.06279809506694227 0.022854838709677593
0 0.48723155719291944 0.612741935483871 0.05319435708509307 0.027096774193548435
0 0.4851612903225807 0.5644301075268817 0.04905382334441553 0.024962365591397705
0 0.5918471261269357 0.5901612903225807 0.049648066612753436 0.03912365591397844
0 0.6140066492946357 0.5686559139784947 0.03723604995956496 0.04169892473118271
0 0.6513864677868633 0.555731182795699 0.06176296163177288 0.029107526881720424
0 0.9542875969688802 0.6561612903225807 0.05052984694641623 0.03437096774193549
0 0.7957492437176147 0.7000806451612904 0.0791972923593017 0.029381720430107627
0 0.7535579716656184 0.7318172043010753 0.05245634528409272 0.0315215053763442
0 0.816729864917483 0.7700161290322581 0.05023272531224751 0.030016129032257942
0 0.4847970767065025 0.6891666666666667 0.15381316081109422 0.059268817204300994
0 0.2606523497169557 0.7521612903225807 0.03590379489022678 0.03408602150537643
0 0.18898852846916467 0.7985645161290323 0.07284272321562286 0.03738172043010764
0 0.22578368826189835 0.8410752688172044 0.031178602450055395 0.03123118279569894
0 0.22075178961871386 0.9406774193548388 0.03885584209422834 0.03815053763440872
0 0.5760325875340702 0.8162150537634411 0.03871207356156598 0.03455913978494642
0 0.6686770299817294 0.8332849462365592 0.055552161020756566 0.03223118279569874
0 0.6753287207595772 0.8941881720430109 0.05998981639560299 0.023091397849462326
0 0.7395932548596759 0.889258064516129 0.05674064755743255 0.03891935483870945
0 0.9208949591158235 0.8913709677419355 0.04285260730224336 0.03402688172043007
0 0.8051229520472041 0.9231290322580646 0.06989067601162138 0.029575268817204403
0 0.7904298080091055 0.9417688172043011 0.044913289603737985 0.028736559139784745
0 0.8001006379728637 0.9643118279569892 0.05393236888609342 0.02409139784946248
0 0.730363315062749 0.9288870967741936 0.06220385179860436 0.031973118279569945
0 0.6985233773624465 0.9505537634408603 0.06796417767394504 0.02641397849462379
0 0.7413664000958458 0.9527096774193549 0.05319435708509307 0.0340376344086021
0 0.71898643184473 0.976779569892473 0.054229490520262456 0.024994623655913983
0 0.7643501961841436 0.27591397849462374 0.05806331805792681 0.02378494623655918
0 0.8429532452751071 0.2870537634408602 0.04506664270524442 0.037951612903225754
0 0.6442938868421841 0.3393440860215054 0.06294186359960471 0.03146236559139783
0 0.5020109623506155 0.38048924731182804 0.057919549525264374 0.02340860215053766