0 0.5730964534659008 0.30771531100478466 0.047980168197145116 0.04844497607655507
0 0.17805973530940544 0.35107655502392343 0.05117884607695489 0.029904306220095656
0 0.6157454918633631 0.3447966507177033 0.056509975876637676 0.04246411483253585
0 0.6717223547600325 0.8232655502392344 0.05970865375644729 0.042464114832536023
0 0.9818941504178273 0.51484375 0.036211699164345405 0.0390625
0 0.9633351548026815 0.834031100478469 0.06077487971638404 0.0508373205741627
0 0.48619903773107115 0.43690191387559807 0.04691394223720869 0.03887559808612444
0 0.6445335927816502 0.4105861244019139 0.0586424277965107 0.046052631578947435
0 0.8801695299276299 0.026614832535885168 0.05224507203689132 0.053229665071770335
0 0.7719475949940691 0.5188397129186603 0.05117884607695473 0.036483253588516715
0 0.31133798030147536 0.07834928229665071 0.05544374991670109 0.02870813397129186
0 0.7053084724980342 0.7900717703349281 0.0543775239567645 0.03947368421052637
0 0.5139209126894216 0.3418062200956938 0.05117884607695489 0.04007177033492822
0 0.5107222348096121 0.4680023923444976 0.05331129799682791 0.03409090909090917
0 0.6024176673641561 0.6022727272727273 0.06184110567632047 0.04186602870813392
0 0.6834508403193347 0.031100478468899524 0.08316562487505164 0.03708133971291866
0 0.6210766216630459 0.4677033492822966 0.0458477162772721 0.029904306220095656
0 0.7015766816382561 0.12021531100478469 0.09382788447441738 0.061004784688995214
0 0.17326171848969094 0.3824760765550239 0.05224507203689144 0.04007177033492822
0 0.8076661646519439 0.3839712918660287 0.07356959123562248 0.03827751196172251
0 0.5837587130652663 0.005382775119617225 0.0543775239567645 0.01076555023923445
0 0.08849675467473445 0.8107057416267942 0.051178846076954845 0.0400717703349283
0 0.4488811291332916 0.7338516746411483 0.07676826911543225 0.03229665071770338
0 0.79647079207261 0.48205741626794263 0.04904639415708187 0.03947368421052637
0 0.46594074449227657 0.7616626794258373 0.05757620183657427 0.03289473684210531
0 0.10608948301368769 0.035287081339712915 0.0501126201170183 0.049043062200956944
0 0.6578614172808572 0.27003588516746413 0.05757620183657427 0.04246411483253585
0 0.11408617771321188 0.36572966507177035 0.051178846076954845 0.03528708133971294
0 0.716503845077368 0.06638755980861244 0.07463581719555908 0.03827751196172249
0 0.5976196505444415 0.2652511961722488 0.06930468739587645 0.02691387559808609
0 0.7207687489171143 0.09898325358851676 0.05331129799682791 0.02452153110047848
0 0.07623515613546401 0.031399521531100476 0.0607748797163839 0.049641148325358854