0 0.4427276504716908 0.6472375690607735 0.05023161329044773 0.035911602209944785
0 0.27824374028532295 0.8030386740331492 0.048261746102587 0.04033149171270729
0 0.5382662090829344 0.3378453038674033 0.048261746102586926 0.04475138121546962
0 0.35605349420582033 0.5116022099447514 0.05023161329044773 0.024309392265193353
0 0.49542159774696437 0.7292817679558011 0.055156281260099436 0.029834254143646356
0 0.47572292586835746 0.8577348066298341 0.041367210945074576 0.03038674033149178
0 0.33340002154542236 0.35801104972375686 0.048261746102587 0.03535911602209944
0 0.20732852152233797 0.7853591160220994 0.060080949229751136 0.03038674033149178
0 0.5747087520583574 0.5859116022099446 0.07780975392049745 0.03038674033149178
0 0.12804136721094506 0.8022099447513812 0.0610658828236815 0.03867403314917119
0 0.32502808599701444 0.6085635359116022 0.08864402345373125 0.0569060773480663
0 0.7716954708444267 0.9580110497237568 0.060080949229751296 0.028729281767955684
0 0.6894535157512427 0.8668508287292818 0.051216546884377975 0.03867403314917119
0 0.4717831914926361 0.888121546961326 0.039397343757213925 0.028176795580110436
0 0.14823250588651718 0.6312154696132597 0.04826174610258697 0.028176795580110436
0 0.10982009572323365 0.47127071823204414 0.04826174610258697 0.03646408839779003
0 0.8046907462410932 0.6298342541436464 0.055156281260099436 0.025414364640884025
0 0.823896951322735 0.9157458563535912 0.04432201172686547 0.03480662983425411
0 0.6170608965973622 0.2980662983425414 0.06599055079333324 0.032596685082872945
0 0.21865525785253698 0.9530386740331492 0.041367210945074576 0.0375690607734807
0 0.18713738284676587 0.6146408839779005 0.055156281260099436 0.02154696132596694
0 0.7583988673263669 0.8715469613259668 0.04924667969651733 0.03480662983425411
0 0.9253451114975607 0.9629834254143645 0.058111082041890486 0.034254143646408865
0 0.3747672324904969 0.5850828729281767 0.07190015235691534 0.06629834254143638
0 0.13789070315024854 0.5886740331491713 0.059096015635820814 0.02707182320441994
0 0.7121069884116407 0.9022099447513812 0.055156281260099436 0.034254143646408865
0 0.9396266486095507 0.12348066298342542 0.055156281260099436 0.046961325966850834
0 0.4776927930562181 0.39779005524861877 0.04727681250865668 0.03867403314917119
0 0.5988396251096508 0.37044198895027625 0.06106588282368154 0.027071823204419854
0 0.6342972344911433 0.8781767955801104 0.051216546884377975 0.032596685082872764
0 0.30385201372751197 0.5505524861878452 0.0423521445390049 0.02707182320441994
0 0.6672925098878099 0.12127071823204419 0.05417134766616903 0.0403314917127072
0 0.6264177657397005 0.030662983425414365 0.04924667969651733 0.03591160220994475
0 0.2949876113821388 0.6505524861878452 0.05023161329044765 0.04254143646408846
0 0.483109927822835 0.13977900552486186 0.05220148047830838 0.03204419889502761
0 0.1723633789378107 0.5265193370165746 0.045306945320795954 0.029834254143646356
0 0.2014189199587559 0.5698895027624309 0.05220148047830838 0.03701657458563527
0 0.6254328321457702 0.6977900552486187 0.0847042890780098 0.0320441988950277
0 0.6431616368365164 0.93646408839779 0.041367210945074576 0.05082872928176805
0 0.13050370119577093 0.42569060773480666 0.06402068360547256 0.03480662983425411
0 0.9366718478277597 0.48259668508287296 0.05712614844796024 0.032596685082872945
0 0.2536204004370643 0.5129834254143646 0.073870019544776 0.02707182320441994
0 0.40628510749626806 0.5284530386740331 0.046291878914726275 0.033701657458563614
0 0.5845580879976607 0.8903314917127071 0.046291878914726275 0.035911602209944604
0 0.7948414103017898 0.8196132596685082 0.06500561719940284 0.03812154696132595
0 0.5372812754890042 0.2950276243093922 0.058111082041890486 0.03314917127071819
0 0.5604272149463673 0.6776243093922651 0.053186414072238786 0.04364640883977895
0 0.2634697363763677 0.6828729281767956 0.060080949229751136 0.025414364640884025
0 0.47030579110174053 0.0723756906077348 0.05614121485402968 0.03977900552486189
0 0.147740039089552 0.9563535911602209 0.05712614844796012 0.02762430939226519
0 0.6756644454362178 0.9116022099447514 0.06303575001154219 0.030939226519337025
0 0.25903753520368117 0.5527624309392265 0.05318641407223871 0.028176795580110436
0 0.45553178719278536 0.04640883977900552 0.06599055079333324 0.030939226519337015
0 0.6077040274550239 0.9104972375690608 0.053186414072238786 0.016574585635359185