0 0.2519278698138103 0.05947368421052631 0.04785222108195282 0.0431578947368421
0 0.495411230024923 0.12447368421052632 0.048790499926696956 0.02894736842105261
0 0.6187948981087816 0.41052631578947374 0.04972877877144109 0.02315789473684209
0 0.663832282656502 0.4302631578947368 0.034716317255534444 0.035263157894736885
0 0.7778331622929189 0.5147368421052632 0.048790499926696956 0.027368421052631577
0 0.33355812930655326 0.3136842105263158 0.059111567218882846 0.0336842105263158
0 0.35466940331329716 0.5189473684210526 0.04503738454772026 0.03157894736842106
0 0.8041049699457556 0.2521052631578947 0.043160826858231825 0.0336842105263158
0 0.39923764843864534 0.10236842105263158 0.04785222108195282 0.031052631578947353
0 0.17217416801055563 0.9068421052631578 0.04034599032399942 0.027368421052631577
0 0.15622342764990468 0.41447368421052627 0.0647412402873479 0.031052631578947398
0 0.31479255241166987 0.485 0.0572350095293945 0.023684210526315752
0 0.7149684796950593 0.5978947368421053 0.04503738454772042 0.03684210526315788
0 0.163260518985486 0.6321052631578947 0.0394077114792552 0.032631578947368386
0 0.6413135903826418 0.10631578947368421 0.04409910570297612 0.028421052631578948
0 0.5404486145726434 0.11131578947368422 0.04128426916874356 0.03421052631578947
0 0.2101744612226946 0.15210526315789474 0.05442017299516201 0.028421052631578948
0 0.7745491863363143 0.9471052631578948 0.060988124908371355 0.03947368421052637
0 0.4273860137809705 0.07578947368421053 0.0534818941504178 0.028421052631578948
0 0.5784489077847822 0.45631578947368423 0.051605336460929525 0.02210526315789476
0 0.32886673508283243 0.5815789473684211 0.0534818941504178 0.02947368421052623
0 0.6159800615745492 0.23078947368421052 0.04222254801348769 0.03315789473684214
0 0.6253628500219909 0.4947368421052632 0.045975663392464394 0.03473684210526322
0 0.2589649611493916 0.2594736842105263 0.05066705761618531 0.03157894736842106
0 0.7492156575282217 0.28210526315789475 0.051605336460929366 0.03578947368421055
0 0.359360797537018 0.02736842105263158 0.06567951913209204 0.0431578947368421
0 0.4377070810731564 0.36289473684210527 0.05911156721888293 0.02157894736842101
0 0.495411230024923 0.5689473684210526 0.033778038410790155 0.026315789473684247
0 0.18061867761325318 0.2244736842105263 0.06661779797683624 0.03736842105263154
0 0.5798563260518985 0.11552631578947367 0.05066705761618523 0.03210526315789473
0 0.5742266529834334 0.6063157894736843 0.043160826858231985 0.02526315789473692
0 0.3950153936372966 0.4818421052631579 0.05629673068465036 0.025789473684210584
0 0.3748423984752969 0.3394736842105263 0.051605336460929525 0.027368421052631577
0 0.5146459463421785 0.8949999999999999 0.04409910570297612 0.03736842105263172
0 0.3471631725553438 0.43921052631578944 0.061926403753115415 0.024736842105263078
0 0.20501392757660167 0.32552631578947366 0.03471631725553437 0.019473684210526355
0 0.4635097493036212 0.20763157894736844 0.039407711479255286 0.02789473684210524
0 0.20782876411083417 0.5468421052631578 0.0647412402873479 0.026315789473684247
0 0.17921125934613694 0.5039473684210527 0.04503738454772026 0.02684210526315791
0 0.22237208620436885 0.9231578947368421 0.0394077114792552 0.030526315789473558
0 0.7262278258319894 0.4926315789473684 0.07506230757953371 0.030526315789473735
0 0.28617504764697255 0.12631578947368421 0.05817328837413871 0.02421052631578946
0 0.33918780237501833 0.6694736842105262 0.04597566339246447 0.021052631578947434
0 0.6596100278551531 0.6447368421052632 0.06755607682158046 0.028421052631578902
0 0.6178566192640376 0.30210526315789477 0.0647412402873479 0.024210526315789505
0 0.24019938425450812 0.4242105263157895 0.05442017299516201 0.02210526315789476
0 0.13698871133264917 0.6228947368421053 0.05254361530567366 0.03631578947368421
0 0.576572350095294 0.16236842105263158 0.060988124908371195 0.035263157894736843
0 0.282891071690368 0.5026315789473684 0.04597566339246447 0.02315789473684209
0 0.2101744612226946 0.0431578947368421 0.05066705761618531 0.035789473684210524
0 0.5404486145726434 0.14210526315789473 0.08444509602697554 0.03157894736842106
0 0.4316082685823193 0.3352631578947368 0.037531153789766854 0.028421052631578993
0 0.8345990323999414 0.5531578947368421 0.04972877877144109 0.024210526315789415
0 0.13135903826418413 0.07421052631578948 0.05066705761618531 0.0431578947368421
0 0.22565606216097348 0.8957894736842105 0.04222254801348777 0.03157894736842089
0 0.680721301861897 0.6992105263157894 0.07412402873478957 0.023684210526315752
0 0.41331183110980796 0.023157894736842106 0.06661779797683617 0.04
0 0.8186482920392905 0.6405263157894737 0.045975663392464554 0.043157894736842194
0 0.675091628793432 0.7255263157894737 0.07975370180325471 0.0405263157894737
0 0.5868934173874799 0.8342105263157894 0.0572350095293945 0.021052631578947257
0 0.3138542735669257 0.09421052631578947 0.04785222108195282 0.0368421052631579
0 0.3978302301715291 0.5678947368421052 0.054420172995161935 0.04105263157894736
0 0.23410057176367102 0.09184210526315789 0.06286468259785954 0.030000000000000006
0 0.17217416801055563 0.16421052631578947 0.07787714411376627 0.027368421052631577
0 0.637091335581293 0.8394736842105264 0.04503738454772026 0.03578947368421055
0 0.5653130039583639 0.585 0.07975370180325471 0.02684210526315791
0 0.30775546107608853 0.29447368421052633 0.05442017299516201 0.024736842105263168
0 0.942031960123149 0.15026315789473682 0.048790499926696956 0.03631578947368421
0 0.28617504764697255 0.07921052631578948 0.05254361530567366 0.04263157894736842
0 0.2988418120510189 0.01631578947368421 0.0647412402873479 0.029473684210526308
0 0.13417387479841666 0.18105263157894735 0.058173288374138675 0.028421052631578948
0 0.29039730244832135 0.4171052631578947 0.0572350095293945 0.04157894736842103
0 0.729042662366222 0.30842105263157893 0.048790499926696956 0.040000000000000036
0 0.565782143380736 0.866578947368421 0.039407711479255286 0.042631578947368354
0 0.6872892537751063 0.6744736842105263 0.060988124908371195 0.031052631578947398
0 0.24535991790060108 0.3960526315789473 0.03659287494502272 0.031052631578947398
0 0.6328690807799443 0.4565789473684211 0.04409910570297612 0.02052631578947377
0 0.2603723794165078 0.4863157894736842 0.05535845183990615 0.024210526315789415
0 0.4334848262718077 0.12157894736842105 0.04691394223720869 0.03052631578947369
0 0.6633631432341298 0.06894736842105263 0.05066705761618539 0.034736842105263156
0 0.7037091335581293 0.012894736842105261 0.05066705761618539 0.025789473684210522
0 0.24066852367688019 0.4628947368421053 0.04785222108195282 0.03842105263157887
0 0.42222548013487754 0.05236842105263158 0.05254361530567366 0.02684210526315789
0 0.38750916287934317 0.0076315789473684215 0.060049846063627066 0.015263157894736843
0 0.653042075941944 0.010263157894736842 0.06567951913209204 0.020526315789473684
0 0.21533499486878754 0.0060526315789473685 0.06286468259785954 0.012105263157894737
0 0.6253628500219909 0.08315789473684211 0.05911156721888293 0.035789473684210524