0 0.5835955647244114 0.11234357224118316 0.049689283529967224 0.04835039817974973
0 0.9777158774373259 0.3078125 0.04456824512534819 0.040625
0 0.10951923716809112 0.606655290102389 0.05881588662730817 0.03469852104664391
0 0.20179933515231605 0.18629124004550626 0.04664708249752032 0.03924914675767921
0 0.6626927915680327 0.0733788395904437 0.05374555157322981 0.04436860068259385
0 0.11306847170594593 0.9445392491467576 0.049689283529967265 0.0392491467576793
0 0.1835461289576342 0.14590443686006827 0.05273148456241421 0.03128555176336745
0 0.6566083895031388 0.2090443686006826 0.06185808765975515 0.04721274175199088
0 0.5475961858404556 0.8202502844141069 0.04664708249752032 0.04778156996587022
0 0.6287215467057082 0.26763367463026166 0.04664708249752032 0.029010238907849838
0 0.3371772810962064 0.8358930602957907 0.04360488146507326 0.029010238907849838
0 0.6231441781462221 0.14704209328782708 0.059829953638123774 0.04379977246871447
0 0.7732260957469396 0.3128555176336746 0.04766114950833585 0.03754266211604094
0 0.6089472399948028 0.8535267349260524 0.06185808765975515 0.029010238907849838
0 0.9567722247045738 0.6140500568828214 0.0578018196164924 0.04607508532423203
0 0.48269589714825345 0.8737201365187713 0.04461894847588895 0.04778156996587022
0 0.5019631703537509 0.2360637087599545 0.04867521651915154 0.04209328782707624
0 0.6104683405110264 0.39761092150170646 0.06084402064893946 0.04095563139931748
0 0.5420188172809695 0.7747440273037542 0.05780181961649256 0.03185437997724687
0 0.6768897297194519 0.6069397042093287 0.05374555157322997 0.03526734926052324
0 0.8229153792769067 0.19226393629124003 0.06794248972464927 0.03754266211604094
0 0.4791466626103986 0.5517633674630262 0.05374555157322997 0.030716723549488022
0 0.9547440906829424 0.9752559726962458 0.06185808765975515 0.04152445961319664
0 0.17746172689274023 0.9917519908987484 0.04664708249752025 0.016496018202502682
0 0.4639356574481637 0.5244596131968146 0.0719987577679117 0.028441410693970503
0 0.5217374770646562 0.267349260523322 0.05374555157322981 0.03526734926052333
0 0.1333498119222591 0.8984641638225256 0.06388622168138648 0.03469852104664391
0 0.7970566705011076 0.277872582480091 0.04664708249752032 0.04152445961319682
0 0.7139031756142236 0.5753697383390216 0.048675216519151694 0.03356086461888506
0 0.145518616052047 0.17064846416382254 0.049689283529967265 0.03868031854379979
0 0.6256793456732612 0.7807167235494881 0.07706909282198998 0.03583617747440275
0 0.5298500131511815 0.1430602957906712 0.05780181961649256 0.04152445961319682
0 0.6069191059731716 0.0810580204778157 0.06794248972464911 0.029010238907849838
0 0.24946048466065196 0.9857792946530148 0.05475961858404558 0.028441410693970326