0 0.5629629629629629 0.2169270833333333 0.044444444444444446 0.04322916666666667
0 0.9273148148148148 0.3973958333333333 0.04722222222222222 0.03541666666666665
0 0.5291666666666667 0.82109375 0.04722222222222222 0.0296875
0 0.33611111111111114 0.0171875 0.04629629629629631 0.027083333333333327
0 0.5310185185185184 0.86171875 0.041666666666666664 0.04427083333333322
0 0.6782407407407407 0.63984375 0.04722222222222222 0.03489583333333339
0 0.6254629629629629 0.3067708333333333 0.050925925925925875 0.040625
0 0.48657407407407405 0.3309895833333333 0.041666666666666664 0.034895833333333307
0 0.6037037037037036 0.8260416666666666 0.06111111111111111 0.03125
0 0.7365740740740739 0.4 0.043518518518518415 0.03229166666666665
0 0.21388888888888888 0.284375 0.04629629629629627 0.0364583333333333
0 0.637962962962963 0.18333333333333332 0.05 0.039583333333333345
0 0.46898148148148144 0.61640625 0.050925925925925875 0.0296875
0 0.6046296296296296 0.3578125 0.04074074074074079 0.026041666666666696
0 0.3402777777777778 0.87109375 0.041666666666666664 0.024479166666666784
0 0.7583333333333333 0.36875 0.042592592592592696 0.0364583333333333
0 0.2157407407407407 0.2559895833333333 0.044444444444444446 0.0265625
0 0.6 0.24947916666666664 0.051851851851851906 0.0375
0 0.9032407407407407 0.6765625 0.05277777777777778 0.04375
0 0.5078703703703703 0.3575520833333333 0.04722222222222222 0.030729166666666696
0 0.7671296296296295 0.2848958333333333 0.06388888888888888 0.0364583333333333
0 0.5115740740740741 0.24739583333333331 0.04537037037037032 0.0364583333333333
0 0.14027777777777778 0.6614583333333333 0.041666666666666664 0.03125
0 0.675 0.051041666666666666 0.08333333333333333 0.05625
0 0.8972222222222223 0.9911458333333332 0.04629629629629619 0.016666666666666784
0 0.15416666666666667 0.93046875 0.05648148148148149 0.03385416666666678
0 0.5893518518518518 0.4763020833333333 0.05462962962962968 0.036979166666666605
0 0.6861111111111111 0.01145833333333333 0.06481481481481484 0.021875
0 0.13564814814814813 0.971875 0.04537037037037036 0.0375
0 0.45509259259259255 0.59140625 0.06759259259259254 0.027604166666666607
0 0.649074074074074 0.66875 0.05370370370370365 0.034375
0 0.16203703703703703 0.26979166666666665 0.044444444444444446 0.03125
0 0.5842592592592593 0.184375 0.06111111111111111 0.02395833333333335
0 0.4777777777777778 0.8994791666666666 0.029629629629629683 0.017708333333333215