0 0.6111111111111112 0.22291666666666665 0.04259259259259254 0.033333333333333305
0 0.2148148148148148 0.125 0.044444444444444446 0.03541666666666665
0 0.6523148148148148 0.07604166666666666 0.06388888888888888 0.028125
0 0.27361111111111114 0.17395833333333333 0.06018518518518516 0.025
0 0.7782407407407407 0.1734375 0.03981481481481492 0.03645833333333335
0 0.7300925925925925 0.0296875 0.04907407407407405 0.0375
0 0.798148148148148 0.07421875 0.04074074074074063 0.0359375
0 0.8810185185185184 0.21979166666666666 0.058333333333333334 0.025
0 0.15 0.13098958333333333 0.05555555555555555 0.025520833333333347
0 0.7439814814814815 0.11588541666666666 0.05277777777777778 0.0265625
0 0.8861111111111111 0.11328125 0.051851851851851746 0.03072916666666665
0 0.5652777777777778 0.05546875 0.050925925925925875 0.03697916666666666
0 0.6138888888888889 0.04036458333333333 0.051851851851851906 0.03906249999999999
0 0.4592592592592592 0.02630208333333333 0.04629629629629635 0.03177083333333334
0 0.7175925925925926 0.18255208333333334 0.040740740740740716 0.03802083333333335
0 0.46435185185185185 0.06015625 0.043518518518518574 0.03489583333333333
0 0.2791666666666667 0.15442708333333333 0.06388888888888888 0.0265625
0 0.6847222222222222 0.061197916666666664 0.05648148148148151 0.041145833333333326
0 0.7453703703703703 0.17473958333333334 0.03518518518518508 0.0359375
0 0.6634259259259259 0.0234375 0.05462962962962968 0.039583333333333325
0 0.6194444444444445 0.10052083333333332 0.03888888888888889 0.04166666666666665
0 0.5742685185185186 0.079046875 0.06864814814814824 0.01764583333333334