0 0.3169174092973078 0.36892901618929014 0.07215282523406304 0.04171855541718559
0 0.4950793854521866 0.49470734744707345 0.046621825535856164 0.029265255292652625
0 0.7848007298535782 0.1229763387297634 0.062162434047808114 0.03300124533001245
0 0.5433662761857518 0.5090286425902864 0.05439212979183214 0.03300124533001245
0 0.15429604165438104 0.8925902864259028 0.05106199939641387 0.045454545454545324
0 0.259750170842627 0.725093399750934 0.07326286869920248 0.04420921544209211
0 0.3357881482046781 0.48754669987546695 0.049951955931274473 0.031133250311332537
0 0.5444763196508914 0.8922789539227894 0.05883230365238989 0.028642590286425927
0 0.601643558105572 0.3312577833125778 0.046621825535856164 0.04109589041095889
0 0.9665738161559888 0.1328125 0.06685236768802229 0.046875
0 0.29915671385507686 0.22104607721046077 0.0499519559312744 0.03362391033623906
0 0.9662928364038754 0.5575965130759651 0.05883230365238989 0.035491905354919064
0 0.3030418659830649 0.7425280199252802 0.05550217325697158 0.03300124533001245
0 0.38074490854282517 0.7848692403486923 0.06882269483864474 0.026774595267746015
0 0.15152093299153246 0.848692403486924 0.05883230365238989 0.023661270236612707
0 0.8075566208889366 0.03704856787048568 0.06993273830378409 0.03798256537982565
0 0.2830610836105551 0.2556039850560398 0.05106199939641383 0.040473225404732284
0 0.37463966948455824 0.45049813200498134 0.05661221672211102 0.024283935242839404
0 0.10989430304880377 0.0510585305105853 0.05328208632669271 0.037359900373599
0 0.20757812798107375 0.45859277708592777 0.05994234711752932 0.042963885429638894
0 0.33134797434412033 0.9159402241594021 0.06327247751294764 0.036114570361145584
0 0.1148894986419312 0.9850560398505603 0.06993273830378421 0.029887920298879322
0 0.11655456383964034 0.5429638854296388 0.06438252097808707 0.03486924034869236
0 0.0804781512226088 0.6192403486924035 0.0765929990946208 0.037982565379825674
0 0.7881308602489966 0.015877957658779578 0.05106199939641391 0.031755915317559155
0 0.032746282221613236 0.5678704856787048 0.06549256444322647 0.031133250311332537
0 0.5389261023251941 0.5607098381070983 0.06771265137350538 0.03300124533001245
0 0.6071937754312692 0.8944582814445828 0.05328208632669278 0.029265255292652625
0 0.5983134277101537 0.9364881693648817 0.05328208632669278 0.04234122042341219
0 0.28417112707569453 0.9604607721046078 0.05106199939641383 0.040473225404732104
0 0.38574010413595256 0.26992528019925277 0.06327247751294764 0.04919053549190533
0 0.16928162843376338 0.4392901618929016 0.05661221672211102 0.04420921544209211
0 0.056612216722111024 0.8353051058530511 0.0732628686992025 0.03922789539227907
0 0.5872129930587594 0.6372976338729763 0.046621825535856164 0.03673723536737228
0 0.7909059689118453 0.672478206724782 0.05439212979183214 0.04234122042341219
0 0.7748103386673234 0.9645080946450809 0.055502173256971654 0.03362391033623915
0 0.8391928596454106 0.9965753424657533 0.05772226018725037 0.006849315068493312
0 0.23199908421414123 0.2839352428393524 0.08214321642031797 0.029887920298879232
0 0.451232668579179 0.5171232876712328 0.05661221672211102 0.028019925280199233
0 0.10489910745567632 0.6653175591531755 0.04107160821015898 0.023038605230386013
0 0.20813314971364347 0.8396637608966376 0.0654925644432265 0.04669987546699872
0 0.4290317992763904 0.6223536737235367 0.04551178207071665 0.037982565379825674
0 0.24198947540039611 0.9174968866749689 0.05772226018725045 0.03922789539227907
0 0.7187531436777821 0.0062266500622665 0.06993273830378409 0.012453300124533
0 0.3529938219143393 0.4003735990037359 0.07326286869920248 0.03611457036114576
0 0.16040128071264792 0.816002490660025 0.03885152127988011 0.037982565379825674
0 0.6038636450358509 0.4782067247820672 0.0710427817689236 0.031133250311332537
0 0.5034047114407324 0.33374844333748444 0.06993273830378426 0.028642590286425927
0 0.43735712526493614 0.04234122042341219 0.06882269483864474 0.033623910336239106
0 0.17372180229432108 0.6674968866749689 0.06105239058266876 0.03486924034869236
0 0.5877680147913292 0.7185554171855542 0.07881308602489974 0.028642590286425927
0 0.36797940869372164 0.4287048567870485 0.06105239058266876 0.025529265255292623
0 0.061607412315238474 0.5501245330012453 0.05883230365238989 0.026774595267746015
0 0.06049736885009904 0.27303860523038603 0.05883230365238989 0.028019925280199233
0 0.2053580410507949 0.5118306351183064 0.06882269483864481 0.023661270236612707
0 0.2769558445522882 0.8692403486924034 0.0677126513735053 0.036114570361145584
0 0.11599954210707061 0.41687422166874216 0.05439212979183214 0.035491905354919064
0 0.02497597796563722 0.45143212951432127 0.04995195593127444 0.043586550435865415
0 0.7398439695154313 0.7004981320049813 0.05883230365238989 0.04234122042341219
0 0.6121889710243966 0.25965130759651306 0.05439212979183214 0.029887920298879232
0 0.08658339028087568 0.3001245330012453 0.06438252097808705 0.031133250311332537
0 0.5772226018725046 0.24221668742216687 0.05772226018725053 0.03985056039850558
0 0.589988101721608 0.8424657534246576 0.05883230365238989 0.027397260273972535
0 0.642715166315731 0.8645703611457035 0.03996156474501955 0.0417185554171855
0 0.12265980289790722 0.35896637608966375 0.06993273830378421 0.03922789539227898
0 0.2314440624815715 0.7042341220423411 0.0654925644432265 0.028642590286425927
0 0.3740846477519885 0.7543586550435866 0.04218165167529842 0.03300124533001245
0 0.7159780350149335 0.9399128268991281 0.08436330335059684 0.03922789539227907
0 0.02164584757021892 0.3110211706102117 0.04329169514043784 0.037982565379825674
0 0.6848968179910294 0.3795143212951432 0.062162434047808114 0.052926525529265335
0 0.5028496897081626 0.5382938978829389 0.09990391186254895 0.030510585305105843
0 0.37352962601941875 0.5140099626400996 0.05217204286155327 0.029265255292652625
0 0.6316147316643367 0.386052303860523 0.06882269483864474 0.029887920298879232
0 0.08325325988545738 0.9392901618929017 0.05106199939641387 0.03424657534246585
0 0.2264488668884441 0.3857409713574097 0.07326286869920248 0.029265255292652538
0 0.20036284545766747 0.9402241594022416 0.0477318690009956 0.03237858032378575
0 0.22533882342330466 0.34277708592777084 0.05994234711752932 0.045454545454545414
0 0.6982173395727025 0.1917808219178082 0.08880347721115459 0.03486924034869241
0 0.7176431002126425 0.7306973848069738 0.05661221672211117 0.042963885429638894
0 0.17538686749203022 0.9199875466998755 0.05550217325697158 0.028019925280199233
0 0.28528117054083396 0.40348692403486924 0.0710427817689236 0.04358655043586559
0 0.6799016223979021 0.028953922789539226 0.08769343374601507 0.04047322540473225
0 0.26363532297061504 0.33499377334993774 0.0477318690009956 0.029887920298879232
0 0.14874582432868388 0.47198007471980075 0.07548295562948135 0.028642590286425927
0 0.589988101721608 0.5071606475716065 0.05217204286155327 0.029265255292652625
0 0.7925710341095543 0.14757160647571604 0.0710427817689236 0.04109589041095889
0 0.6343898403271853 0.4576587795765878 0.06993273830378426 0.031133250311332537
0 0.7348487739223039 0.025840597758405977 0.0688226948386449 0.04047322540473225
0 0.24087943193525668 0.47727272727272724 0.04884191246613496 0.03424657534246567
0 0.6982173395727027 0.06102117061021171 0.0710427817689236 0.04732254047322541
0 0.6205142970129424 0.36457036114570357 0.06660260790836586 0.021793275217932707