0 0.5268518518518518 0.5255208333333333 0.029629629629629683 0.027083333333333393
0 0.4212962962962963 0.5346354166666666 0.027777777777777776 0.022395833333333393
0 0.2648148148148148 0.3203125 0.029629629629629603 0.025
0 0.28148148148148144 0.8947916666666667 0.025925925925925953 0.020833333333333214
0 0.1986111111111111 0.98515625 0.037962962962962934 0.027604166666666784
0 0.8337962962962961 0.38359375 0.056481481481481584 0.021354166666666695
0 0.3703703703703703 0.6700520833333333 0.05 0.025520833333333392
0 0.5907407407407407 0.66640625 0.04074074074074079 0.0359375
0 0.6162037037037037 0.31979166666666664 0.058333333333333334 0.04375
0 0.2638888888888889 0.5177083333333333 0.03888888888888889 0.023958333333333394
0 0.4106481481481481 0.3958333333333333 0.0657407407407408 0.02083333333333335
0 0.5782407407407407 0.696875 0.03240740740740746 0.025
0 0.46759259259259256 0.3138020833333333 0.04074074074074079 0.0359375
0 0.624074074074074 0.7619791666666667 0.03148148148148143 0.03229166666666661
0 0.42407407407407405 0.4153645833333333 0.04259259259259254 0.027604166666666607
0 0.16759259259259257 0.57734375 0.03518518518518518 0.0359375
0 0.28379629629629627 0.6830729166666666 0.039814814814814845 0.030729166666666606
0 0.9208333333333333 0.3364583333333333 0.05277777777777778 0.028125
0 0.8430555555555556 0.7106770833333333 0.04537037037037048 0.0234375
0 0.461574074074074 0.5375 0.03981481481481476 0.030208333333333393
0 0.2148148148148148 0.3231770833333333 0.040740740740740716 0.0328125
0 0.7300925925925925 0.6197916666666666 0.041666666666666664 0.028125
0 0.7527777777777778 0.2809895833333333 0.05 0.0401041666666667
0 0.38657407407407407 0.2466145833333333 0.05462962962962968 0.0338541666666667
0 0.7347222222222223 0.5854166666666666 0.043518518518518415 0.028125
0 0.44166666666666665 0.8401041666666667 0.05370370370370365 0.039583333333333214
0 0.4986111111111111 0.5364583333333333 0.043518518518518574 0.03541666666666661
0 0.5449074074074074 0.5661458333333333 0.050925925925925875 0.02083333333333339
0 0.49351851851851847 0.67734375 0.05370370370370365 0.0390625
0 0.6824074074074074 0.3578125 0.06111111111111103 0.029166666666666695
0 0.30787037037037035 0.7919270833333333 0.03425925925925929 0.025520833333333392
0 0.6888888888888889 0.58515625 0.05925925925925928 0.024479166666666607
0 0.4921296296296296 0.6260416666666666 0.049074074074074124 0.040625
0 0.8972222222222223 0.6989583333333333 0.05 0.030208333333333393
0 0.4810185185185185 0.7283854166666666 0.043518518518518574 0.024479166666666607
0 0.35092592592592586 0.4143229166666666 0.044444444444444405 0.0296875
0 0.4046296296296296 0.51328125 0.04074074074074079 0.0328125
0 0.4222222222222222 0.7229166666666667 0.04629629629629635 0.022916666666666606
0 0.4083333333333333 0.32526041666666666 0.029629629629629683 0.0296875
0 0.4523148148148148 0.6044270833333333 0.03240740740740746 0.0265625
0 0.3907407407407407 0.7723958333333333 0.06296296296296301 0.030208333333333393
0 0.574537037037037 0.4822916666666666 0.03981481481481476 0.028125
0 0.18240740740740738 0.5494791666666666 0.04629629629629627 0.022916666666666606
0 0.6166666666666667 0.8341145833333332 0.04259259259259254 0.021354166666666785
0 0.8453703703703703 0.28515625 0.044444444444444446 0.036979166666666695
0 0.7541666666666667 0.4690104166666666 0.05462962962962952 0.0359375
0 0.24814814814814815 0.7481770833333333 0.03888888888888889 0.0328125
0 0.5652777777777778 0.3856770833333333 0.049074074074074124 0.04114583333333335
0 0.23101851851851848 0.6916666666666667 0.058333333333333334 0.023958333333333394
0 0.6226851851851851 0.47135416666666663 0.03611111111111111 0.034375
0 0.8837962962962962 0.36484375 0.058333333333333334 0.031770833333333304
0 0.7467592592592592 0.4028645833333333 0.043518518518518415 0.025520833333333347
0 0.46944444444444444 0.4703125 0.05370370370370365 0.022916666666666606
0 0.5342592592592592 0.4268229166666666 0.04814814814814809 0.027604166666666607
0 0.7643518518518517 0.3747395833333333 0.041666666666666664 0.030729166666666696
0 0.43981481481481477 0.6653645833333333 0.05555555555555555 0.024479166666666607
0 0.8018518518518517 0.2723958333333333 0.03888888888888889 0.035416666666666693
0 0.2685185185185185 0.4346354166666666 0.03888888888888889 0.0328125
0 0.5643518518518518 0.5184895833333333 0.049074074074074124 0.0328125
0 0.6083333333333333 0.6924479166666666 0.04814814814814809 0.03489583333333339
0 0.2657407407407407 0.28046875 0.040740740740740716 0.031770833333333304
0 0.7912037037037036 0.35 0.04537037037037048 0.020833333333333304
0 0.29907407407407405 0.3653645833333333 0.03888888888888889 0.0265625
0 0.9296296296296295 0.4114583333333333 0.05555555555555555 0.028125
0 0.45879629629629626 0.7013020833333333 0.058333333333333334 0.0265625
0 0.23703703703703702 0.4190104166666666 0.044444444444444446 0.0328125
0 0.49583333333333335 0.45859375 0.034259259259259205 0.0234375
0 0.7717592592592593 0.6072916666666666 0.04907407407407397 0.038541666666666606
0 0.6611111111111111 0.8328125 0.04259259259259254 0.027083333333333216
0 0.7041666666666667 0.4411458333333333 0.07129629629629627 0.025
0 0.32916666666666666 0.8075520833333332 0.03611111111111111 0.0265625
0 0.20277777777777778 0.48984375 0.05370370370370371 0.031770833333333394
0 0.6847222222222222 0.55234375 0.06388888888888888 0.027604166666666607
0 0.7472222222222222 0.34791666666666665 0.044444444444444446 0.029166666666666695
0 0.25046296296296294 0.5458333333333333 0.05092592592592595 0.027083333333333393
0 0.624537037037037 0.59375 0.04722222222222222 0.034375
0 0.7523148148148148 0.6901041666666666 0.04722222222222222 0.028125
0 0.610648148148148 0.34869791666666666 0.050925925925925875 0.022395833333333302
0 0.6564814814814814 0.75625 0.04074074074074079 0.03645833333333339
0 0.7074074074074074 0.28072916666666664 0.04629629629629635 0.022916666666666696
0 0.7171296296296296 0.64453125 0.05648148148148151 0.0296875
0 0.8421296296296296 0.42447916666666663 0.058333333333333334 0.033333333333333395
0 0.6601851851851852 0.3841145833333333 0.04814814814814809 0.03802083333333335
0 0.8717592592592592 0.4135416666666666 0.04722222222222222 0.03229166666666665
0 0.24814814814814815 0.7104166666666666 0.05185185185185182 0.02604166666666661
0 0.6921296296296295 0.67578125 0.047222222222222145 0.04010416666666661
0 0.3856481481481481 0.3598958333333333 0.03796296296296302 0.0364583333333333
0 0.9134259259259259 0.30963541666666666 0.050925925925926034 0.031770833333333304
0 0.9069444444444444 0.6684895833333333 0.05277777777777778 0.03489583333333339
0 0.3375 0.6885416666666666 0.04537037037037036 0.021875
0 0.8009259259259258 0.6932291666666666 0.044444444444444446 0.030208333333333393
0 0.30972222222222223 0.4356770833333333 0.04907407407407405 0.0203125
0 0.9467592592592592 0.3690104166666667 0.04537037037037048 0.0338541666666667
0 0.6708333333333333 0.31953125 0.04722222222222222 0.0390625
0 0.2023148148148148 0.7875 0.058333333333333334 0.025
0 0.7569444444444444 0.6403645833333333 0.05277777777777778 0.027604166666666607
0 0.30648148148148147 0.4174479166666666 0.05370370370370373 0.021354166666666608
0 0.5407407407407407 0.3161458333333333 0.025925925925925873 0.01875
0 0.6138888888888889 0.37734375 0.05555555555555555 0.0265625