0 0.35648148148148145 0.4796875 0.03333333333333333 0.019791666666666607
0 0.39629629629629626 0.0390625 0.04259259259259254 0.033333333333333326
0 0.41805555555555557 0.4203125 0.041666666666666664 0.021875
0 0.19814814814814813 0.4833333333333333 0.04629629629629627 0.02083333333333339
0 0.46944444444444444 0.8817708333333332 0.035185185185185236 0.023958333333333214
0 0.20324074074074072 0.7065104166666666 0.041666666666666664 0.01822916666666661
0 0.3518518518518518 0.51328125 0.03703703703703702 0.031770833333333394
0 0.17916666666666667 0.023697916666666666 0.041666666666666664 0.034895833333333334
0 0.5532407407407407 0.4377604166666666 0.04537037037037032 0.027604166666666607
0 0.6898148148148148 0.5130208333333333 0.04074074074074079 0.0375
0 0.5050925925925925 0.3356770833333333 0.049074074074074124 0.024479166666666698
0 0.17453703703703702 0.76328125 0.0324074074074074 0.027604166666666607
0 0.24583333333333332 0.2138020833333333 0.041666666666666664 0.0265625
0 0.2388888888888889 0.9109375 0.03703703703703706 0.046875
0 0.8467592592592592 0.4013020833333333 0.043518518518518415 0.03802083333333335
0 0.21898148148148147 0.02421875 0.037962962962962934 0.02239583333333333
0 0.26620370370370366 0.40078125 0.045370370370370394 0.03385416666666665
0 0.7972222222222223 0.2674479166666667 0.03333333333333333 0.022395833333333302
0 0.43101851851851847 0.15104166666666666 0.06759259259259254 0.03125
0 0.5666666666666667 0.02317708333333333 0.07592592592592587 0.0328125
0 0.22916666666666666 0.4359375 0.041666666666666664 0.019791666666666607
0 0.21898148148148147 0.63359375 0.045370370370370394 0.036979166666666605
0 0.6375 0.04401041666666666 0.05648148148148143 0.0359375
0 0.20277777777777778 0.3481770833333333 0.04259259259259262 0.028645833333333304
0 0.6606481481481481 0.40625 0.043518518518518574 0.034375
0 0.7694444444444445 0.25729166666666664 0.044444444444444446 0.038541666666666696
0 0.2652777777777778 0.5911458333333333 0.05277777777777778 0.021875
0 0.6231481481481481 0.3552083333333333 0.04814814814814809 0.026041666666666696
0 0.2152777777777778 0.5083333333333333 0.05092592592592595 0.03541666666666661
0 0.24768518518518515 0.2421875 0.04907407407407405 0.023958333333333304
0 0.24861111111111112 0.82734375 0.037962962962962934 0.024479166666666784
0 0.44953703703703696 0.44401041666666663 0.043518518518518574 0.022395833333333393
0 0.23518518518518516 0.75703125 0.05 0.0265625
0 0.18194444444444444 0.51328125 0.04537037037037038 0.02864583333333339
0 0.39259259259259255 0.4338541666666666 0.04814814814814809 0.04270833333333339
0 0.686574074074074 0.2203125 0.04722222222222222 0.027083333333333303
0 0.8828703703703703 0.3065104166666667 0.05462962962962952 0.0296875
0 0.17824074074074073 0.08645833333333333 0.04537037037037038 0.03541666666666665
0 0.18194444444444444 0.4434895833333333 0.04722222222222222 0.025520833333333392
0 0.49444444444444446 0.5692708333333333 0.05555555555555555 0.030208333333333393
0 0.29953703703703705 0.38541666666666663 0.037962962962962934 0.028125
0 0.5208333333333334 0.36354166666666665 0.06203703703703699 0.0322916666666667
0 0.35833333333333334 0.31197916666666664 0.04259259259259258 0.035416666666666693
0 0.35833333333333334 0.8059895833333333 0.03703703703703702 0.028645833333333304
0 0.24027777777777778 0.6848958333333333 0.041666666666666664 0.034375
0 0.1796296296296296 0.9669270833333332 0.05370370370370371 0.041145833333333215
0 0.8342592592592593 0.30026041666666664 0.06666666666666667 0.034895833333333307
0 0.41018518518518515 0.24401041666666665 0.06666666666666667 0.0265625
0 0.2935185185185185 0.01536458333333333 0.06481481481481484 0.03072916666666666
0 0.18564814814814815 0.4083333333333333 0.05648148148148149 0.02395833333333335
0 0.7370370370370369 0.625 0.05925925925925928 0.028125
0 0.8861111111111111 0.34453125 0.05 0.031770833333333304
0 0.8097222222222222 0.63828125 0.04537037037037048 0.03802083333333339
0 0.49351851851851847 0.7171875 0.05 0.022916666666666606
0 0.3574074074074074 0.06588541666666667 0.05370370370370369 0.03489583333333333
0 0.3189814814814815 0.4854166666666666 0.041666666666666664 0.028125
0 0.14537037037037034 0.15234375 0.05370370370370369 0.04114583333333335
0 0.6226851851851851 0.2869791666666667 0.043518518518518574 0.01875
0 0.4736111111111111 0.50703125 0.03611111111111111 0.027604166666666607
0 0.2916666666666667 0.7177083333333333 0.05185185185185182 0.03125
0 0.16944444444444445 0.8690104166666666 0.0425925925925926 0.030729166666666786
0 0.22129629629629627 0.04765625 0.07777777777777778 0.03489583333333333
0 0.19120370370370368 0.6768229166666666 0.04907407407407405 0.0328125
0 0.25277777777777777 0.5734375 0.05555555555555555 0.021875
0 0.15879629629629627 0.13723958333333333 0.041666666666666644 0.019270833333333348
0 0.6212962962962962 0.6807291666666666 0.06296296296296301 0.028125
0 0.9537037037037036 0.2755208333333333 0.044444444444444446 0.039583333333333304
0 0.20046296296296293 0.88984375 0.06388888888888888 0.0265625
0 0.32129629629629625 0.446875 0.040740740740740716 0.034375
0 0.9768518518518517 0.2515625 0.04629629629629619 0.035416666666666693
0 0.22824074074074072 0.55625 0.06018518518518516 0.023958333333333394
0 0.30092592592592593 0.0453125 0.04629629629629627 0.029166666666666657
0 0.3842592592592592 0.26875 0.04629629629629635 0.034375
0 0.20509259259259258 0.14375 0.058333333333333334 0.03333333333333335
0 0.8342592592592593 0.2630208333333333 0.044444444444444446 0.022916666666666696
0 0.9129629629629629 0.9799479166666666 0.05 0.03385416666666678
0 0.7796296296296296 0.3973958333333333 0.0574074074074073 0.030208333333333347
0 0.9578703703703704 0.38776041666666666 0.06388888888888888 0.030729166666666696
0 0.6129629629629629 0.37916666666666665 0.07222222222222222 0.030208333333333302
0 0.649074074074074 0.5416666666666666 0.05740740740740746 0.021875
0 0.6337962962962963 0.8794270833333332 0.030555555555555555 0.0265625
0 0.47129629629629627 0.59375 0.05740740740740746 0.028125