0 0.4629629629629629 0.14375 0.15370370370370365 0.06875
0 0.3861111111111111 0.6916666666666667 0.06111111111111111 0.03541666666666661
0 0.5333333333333333 0.79609375 0.037037037037036986 0.027604166666666697
0 0.4324074074074074 0.7591145833333333 0.044444444444444446 0.0203125
0 0.7754629629629629 0.4119791666666666 0.041666666666666664 0.03125
0 0.5990740740740741 0.03046875 0.04629629629629635 0.04322916666666666
0 0.14629629629629629 0.75390625 0.04629629629629631 0.0359375
0 0.6527777777777778 0.3028645833333333 0.059259259259259206 0.034895833333333307
0 0.922685185185185 0.5130208333333333 0.05462962962962952 0.040625
0 0.19027777777777777 0.8893229166666666 0.06203703703703704 0.03385416666666678
0 0.6199074074074074 0.6640625 0.03981481481481476 0.03229166666666661
0 0.7902777777777777 0.4328125 0.056481481481481584 0.025
0 0.15879629629629627 0.140625 0.06388888888888887 0.040625
0 0.32129629629629625 0.7768229166666666 0.040740740740740716 0.031770833333333394
0 0.7203703703703703 0.35546875 0.05 0.0390625
0 0.4 0.78515625 0.03888888888888889 0.0338541666666667
0 0.7388888888888889 0.19401041666666666 0.051851851851851746 0.03489583333333333
0 0.175 0.8322916666666667 0.04629629629629627 0.023958333333333214
0 0.2648148148148148 0.7447916666666666 0.044444444444444446 0.03541666666666661
0 0.24537037037037035 0.23671875 0.040740740740740716 0.0380208333333333
0 0.662962962962963 0.36953125 0.05740740740740746 0.022395833333333302
0 0.5666666666666667 0.8513020833333332 0.05370370370370365 0.0296875
0 0.2148148148148148 0.9286458333333332 0.03518518518518516 0.021875
0 0.7875 0.39401041666666664 0.0675925925925927 0.024479166666666698
0 0.7754629629629629 0.94609375 0.041666666666666664 0.0359375
0 0.17731481481481481 0.28229166666666666 0.06759259259259259 0.042708333333333307
0 0.22175925925925924 0.7263020833333333 0.04351851851851849 0.031770833333333394
0 0.7814814814814814 0.16067708333333333 0.07037037037037047 0.03697916666666665
0 0.4444444444444444 0.61171875 0.05 0.041145833333333395
0 0.14814814814814814 0.03411458333333333 0.044444444444444446 0.0265625
0 0.6351851851851852 0.016666666666666666 0.05 0.03333333333333333
0 0.2222222222222222 0.08229166666666667 0.04259259259259262 0.04791666666666668
0 0.47638888888888886 0.08307291666666666 0.05277777777777778 0.025520833333333326
0 0.35833333333333334 0.6 0.044444444444444446 0.034375
0 0.3018518518518518 0.15234375 0.06666666666666667 0.0328125
0 0.1759259259259259 0.6098958333333333 0.04629629629629627 0.025
0 0.7319444444444444 0.9658854166666666 0.04907407407407405 0.036979166666666785
0 0.8217592592592592 0.23307291666666666 0.043518518518518415 0.030729166666666696
0 0.34305555555555556 0.6611979166666666 0.0398148148148148 0.025520833333333392
0 0.20879629629629626 0.3278645833333333 0.03611111111111111 0.028645833333333304
0 0.3148148148148148 0.6205729166666666 0.06851851851851849 0.025520833333333392
0 0.6888888888888889 0.7080729166666666 0.05370370370370373 0.046354166666666606
0 0.21296296296296294 0.4325520833333333 0.04259259259259262 0.0265625
0 0.599537037037037 0.5953125 0.04722222222222222 0.028125
0 0.18148148148148147 0.05703125 0.07037037037037037 0.028645833333333325
0 0.6282407407407408 0.6088541666666666 0.043518518518518574 0.022916666666666606
0 0.9046296296296296 0.35885416666666664 0.03518518518518508 0.03125
0 0.19675925925925924 0.6325520833333333 0.05092592592592593 0.025520833333333392
0 0.46203703703703697 0.0328125 0.04074074074074079 0.030208333333333327
0 0.7157407407407407 0.3989583333333333 0.05925925925925928 0.02604166666666665
0 0.7050925925925925 0.4515625 0.054629629629629604 0.03229166666666661
0 0.6439814814814814 0.76875 0.06203703703703699 0.028125
0 0.5143518518518518 0.31354166666666666 0.05277777777777778 0.029166666666666695
0 0.41481481481481475 0.7171875 0.059259259259259206 0.027083333333333393
0 0.22777777777777777 0.6809895833333333 0.05740740740740738 0.0296875
0 0.4962962962962963 0.8125 0.04074074074074079 0.021875
0 0.2949074074074074 0.80234375 0.05092592592592595 0.021354166666666695
0 0.22083333333333333 0.82734375 0.04907407407407405 0.0296875
0 0.14166666666666666 0.63984375 0.04074074074074075 0.0296875
0 0.312037037037037 0.70390625 0.06111111111111111 0.024479166666666607
0 0.7708333333333334 0.503125 0.05277777777777778 0.023958333333333394
0 0.537037037037037 0.8317708333333332 0.07962962962962969 0.027083333333333216
0 0.43101851851851847 0.8083333333333332 0.03796296296296302 0.025
0 0.3597222222222222 0.7205729166666666 0.056481481481481466 0.03489583333333339
0 0.6782407407407407 0.4236979166666666 0.06203703703703699 0.02864583333333339
0 0.5347222222222222 0.6411458333333333 0.06018518518518524 0.023958333333333394
0 0.6425925925925925 0.7104166666666666 0.05370370370370365 0.022916666666666606
0 0.42731481481481476 0.7403645833333333 0.050925925925925875 0.021354166666666608
0 0.5712962962962963 0.8078125 0.04259259259259254 0.028125
0 0.9356481481481481 0.11354166666666665 0.05462962962962952 0.036458333333333336
0 0.7777777777777778 0.5231770833333333 0.05 0.02864583333333339
0 0.9162037037037036 0.8549479166666666 0.04537037037037048 0.030729166666666786
0 0.38657407407407407 0.5770833333333333 0.043518518518518574 0.023958333333333394
0 0.5759259259259258 0.054947916666666666 0.04629629629629635 0.03802083333333332
0 0.30972222222222223 0.6692708333333333 0.045370370370370394 0.034375
0 0.6361111111111111 0.6932291666666666 0.059259259259259206 0.019791666666666607
0 0.15138888888888888 0.84609375 0.050925925925925916 0.025520833333333215
0 0.699074074074074 0.5559895833333333 0.07222222222222215 0.0265625
0 0.24583333333333332 0.7703125 0.054629629629629604 0.025
0 0.6222222222222222 0.7864583333333333 0.05555555555555555 0.02812499999999991
0 0.7134259259259259 0.9859375 0.04722222222222222 0.027083333333333216
0 0.47638888888888886 0.8942708333333332 0.03611111111111111 0.026041666666666786
0 0.29537037037037034 0.7619791666666667 0.05 0.0375
0 0.6087962962962963 0.8083333333333332 0.03981481481481476 0.023958333333333304
0 0.2634259259259259 0.9263020833333332 0.037962962962962934 0.015104166666666785
0 0.7277777777777777 0.42421875 0.05555555555555555 0.0296875