0 0.3037851037851038 0.7060439560439561 0.08791208791208792 0.058241758241758215
0 0.42246642246642246 0.7447802197802198 0.0498168498168498 0.03681318681318686
0 0.13137973137973138 0.7266483516483517 0.04786324786324785 0.03021978021978029
0 0.3975579975579976 0.2708791208791209 0.04688644688644688 0.038461538461538505
0 0.6681318681318682 0.9618131868131868 0.05665445665445661 0.03901098901098905
0 0.12161172161172161 0.6851648351648352 0.05763125763125762 0.028571428571428647
0 0.2847374847374847 0.6464285714285715 0.04395604395604396 0.0280219780219781
0 0.7355311355311356 0.9673076923076923 0.05079365079365093 0.03681318681318686
0 0.2774114774114774 0.7458791208791209 0.048840048840048826 0.04340659340659343
0 0.09328449328449329 0.5686813186813187 0.049816849816849834 0.036263736263736315
0 0.5387057387057388 0.7755494505494507 0.051770451770451746 0.04450549450549453
0 0.3550671550671551 0.6843406593406594 0.06935286935286934 0.06318681318681314
0 0.3853479853479854 0.6258241758241759 0.045909645909645906 0.036263736263736315
0 0.6036630036630037 0.7950549450549451 0.08009768009768013 0.034065934065934125
0 0.1557997557997558 0.6236263736263736 0.04395604395604396 0.029670329670329742
0 0.31501831501831506 0.457967032967033 0.04786324786324785 0.03021978021978029
0 0.9157509157509158 0.5846153846153846 0.0556776556776558 0.034065934065934125
0 0.9167277167277168 0.2263736263736264 0.0556776556776558 0.04615384615384617
0 0.7972222222222223 0.99609375 0.044444444444444446 0.0078125
0 0.47521367521367525 0.8241758241758242 0.051770451770451746 0.03076923076923066
0 0.5177045177045178 0.4384615384615385 0.048840048840048826 0.04395604395604398
0 0.168986568986569 0.7090659340659341 0.058608058608058594 0.024725274725274814
0 0.23345543345543346 0.6115384615384616 0.07228327228327226 0.027472527472527552
0 0.7794871794871796 0.7285714285714286 0.05665445665445677 0.026373626373626457
0 0.18656898656898657 0.6662087912087913 0.05470085470085474 0.04010989010989015
0 0.3355311355311356 0.6101648351648352 0.051770451770451746 0.026923076923077004
0 0.5142857142857143 0.393956043956044 0.05567765567765564 0.030769230769230837
0 0.7711843711843713 0.9162087912087913 0.06544566544566553 0.03901098901098905
0 0.19242979242979247 0.8791208791208792 0.06837606837606837 0.031868131868131755
0 0.5958485958485958 0.3991758241758242 0.06642246642246634 0.03241758241758239
0 0.45518925518925524 0.49642857142857144 0.048840048840048826 0.03791208791208796
0 0.26031746031746034 0.8986263736263738 0.0498168498168498 0.04230769230769234
0 0.24468864468864474 0.7782967032967034 0.061538461538461556 0.026923076923077004
0 0.11135531135531135 0.8969780219780221 0.06056166056166058 0.04120879120879124
0 0.2407814407814408 0.6502747252747254 0.05372405372405369 0.0280219780219781
0 0.6456654456654457 0.22280219780219782 0.05274725274725272 0.03791208791208796
0 0.5533577533577534 0.6840659340659341 0.07716727716727721 0.031868131868131935
0 0.5851037851037851 0.020329670329670334 0.06251526251526245 0.04065934065934067
0 0.4376068376068376 0.14807692307692308 0.07228327228327235 0.032417582417582434
0 0.6417582417582418 0.18296703296703298 0.048840048840048826 0.0395604395604396
0 0.6875 0.9890625 0.058333333333333334 0.021875
0 0.4522588522588523 0.17500000000000002 0.05665445665445661 0.036813186813186814
0 0.11330891330891332 0.5244505494505495 0.06446886446886448 0.03241758241758248
0 0.5777777777777778 0.47087912087912087 0.05958485958485953 0.026373626373626457