0 0.18914073546748 0.7857561547479485 0.041799057561874006 0.027549824150058556
0 0.7863447703827553 0.019050410316529896 0.04911389263520188 0.0369284876905041
0 0.49949873786439475 0.048651817116060966 0.06478853922090481 0.05041031652989449
0 0.1290545902222861 0.8950762016412661 0.05120384551329568 0.026963657678780707
0 0.8192615282127311 0.04923798358733881 0.06269858634281109 0.04572098475967175
0 0.5015886907424884 0.10932004689331772 0.07105839785518582 0.056858147713950744
0 0.9832869080779945 0.06875 0.033426183844011144 0.04375
0 0.2816211503231263 0.26582649472450176 0.04075408112282714 0.03692848769050414
0 0.2523618100298145 0.13071512309495897 0.04911389263520196 0.03985932004689334
0 0.37880395915448345 0.23681125439624853 0.07210337429423269 0.041031652989449
0 0.2528842982493379 0.7549824150058616 0.05433877483043627 0.030480656506447802
0 0.22257998151697922 0.9976553341148886 0.050158869074248824 0.004689331770222793
0 0.18757327080890976 0.7157092614302462 0.06165360990376423 0.024618991793669488
0 0.2053378702727062 0.21248534583821804 0.04911389263520196 0.03810082063305975
0 0.27587377990836864 0.8109613130128956 0.04806891619615518 0.02520515826494716
0 0.1128574554170599 0.015826494724501757 0.045978963318061415 0.031652989449003514
0 0.2513168335907676 0.3988862837045721 0.028214363854264957 0.021688159437280242
0 0.21892256398031526 0.9818288393903869 0.042844034000920864 0.026963657678780707
0 0.3772364944959131 0.7157092614302462 0.037619151805686556 0.03868698710433769
0 0.43836761618015396 0.31096131301289565 0.07210337429423269 0.04630715123094955
0 0.11076750253896618 0.9161781946072685 0.050158869074248824 0.03751465416178199
0 0.6996117259418667 0.20134818288393905 0.051203845513295605 0.05099648300117234
0 0.5407753072067453 0.6875732708089097 0.049113892635202036 0.0316529894490035
0 0.7032691434785306 0.2963071512309496 0.05224882195234262 0.03106682297772565
0 0.18914073546748 0.13921453692848768 0.06478853922090473 0.031066822977725693
0 0.1933206412236674 0.8121336459554513 0.0835981151237481 0.03106682297772565
0 0.15047660722274653 0.6541617819460728 0.045978963318061415 0.03985932004689339
0 0.35529198927592925 0.10697538100820633 0.06269858634281109 0.035756154747948396
0 0.34693217776355456 0.7318288393903869 0.04388901043996773 0.034583821805392746
0 0.6896844497709216 0.996189917936694 0.0501588690742489 0.007620164126612039
0 0.6348231867209619 0.8262016412661195 0.05747370414757678 0.029894490035169953
0 0.6196710283547826 0.08763188745603752 0.04597896331806145 0.041617819460726846
0 0.46031212140013783 0.14478311840562721 0.06792346853804523 0.0339976553341149
0 0.658335156599516 0.2130715123094959 0.041799057561874006 0.035756154747948445
0 0.665649991672844 0.008499413833528723 0.05224882195234247 0.016998827667057445
0 0.3720116123006789 0.7561547479484173 0.04597896331806145 0.024618991793669488
0 0.14995411900322309 0.8473036342321218 0.04493398687901459 0.03692848769050414
0 0.31662786103119583 0.1324736225087925 0.05851868058662364 0.0339976553341149
0 0.9190567781417053 0.13071512309495897 0.05747370414757678 0.0339976553341149
0 0.7393208306256469 0.09876905041031651 0.05747370414757678 0.0463071512309496
0 0.3030431673235867 0.6072684642438453 0.04388901043996773 0.0328253223915592
0 0.5585399066705418 0.7318288393903869 0.0741933271723264 0.028722157092614255
0 0.4185130638382638 0.9237983587338805 0.06792346853804523 0.0339976553341149
0 0.3067005848602507 0.2857561547479484 0.047023939757108314 0.03692848769050414
0 0.8736003030431673 0.11049237983587339 0.05433877483043619 0.04044548651817115
0 0.17189862422320698 0.9059202813599063 0.06583351565995159 0.03223915592028135
0 0.6416155335747664 0.11400937866354044 0.05851868058662364 0.035756154747948396
0 0.15674646585702764 0.2672919109026964 0.07105839785518582 0.028135990621336492
0 0.6489303686480944 0.3030480656506448 0.0501588690742489 0.0234466588511137
0 0.4185130638382638 0.1720398593200469 0.06165360990376423 0.031066822977725693
0 0.25601922756647844 0.708968347010551 0.0710583978551859 0.028722157092614255
0 0.19018571190652686 0.6444900351699883 0.04388901043996773 0.03692848769050414
0 0.8135141577979733 0.10990621336459554 0.05747370414757678 0.03927315357561549
0 0.9763231197771588 0.1109375 0.04735376044568245 0.046875
0 0.911219454848854 0.522274325908558 0.06687849209899853 0.0316529894490035
0 0.1478641661251294 0.7842907385697538 0.04702393975710827 0.04103165298944909
0 0.43889010439967735 0.09935521688159438 0.0689684449770921 0.035756154747948424
0 0.21108524068746387 0.16647127784290738 0.06478853922090473 0.035169988276670595
0 0.2696039212740875 0.7816529894490035 0.06478853922090473 0.029894490035169953
0 0.4524747981072864 0.6846424384525205 0.04388901043996773 0.030480656506447802
0 0.13689191351513746 0.7025205158264948 0.05851868058662364 0.035756154747948445
0 0.5188308019867615 0.7098475967174678 0.08464309156279487 0.030480656506447802
0 0.4874815088153559 0.1764361078546307 0.051203845513295765 0.0316529894490035
0 0.6154911225985952 0.13628370457209849 0.06269858634281109 0.029894490035169995
0 0.7717151002360993 0.055392731535756155 0.06583351565995167 0.0463071512309496
0 0.4540422627658567 0.021688159437280186 0.04075408112282714 0.03751465416178194
0 0.1661512538084493 0.511430246189918 0.06478853922090477 0.027549824150058556
0 0.14734167790560598 0.6110785463071513 0.060608633464717364 0.03692848769050414
0 0.33752738981213287 0.8373388042203986 0.05642872770852991 0.03341148886283705
0 0.20586035849222964 0.7391559202813599 0.048068916196155095 0.030480656506447802
0 0.8370261276765276 0.017291910902696366 0.06269858634281109 0.03458382180539273
0 0.14734167790560598 0.727432590855803 0.05433877483043623 0.024618991793669488