0 0.466976168368926 0.32166666666666666 0.1594552770040236 0.06444444444444448
0 0.3837821108016094 0.765 0.046549056019808105 0.026666666666666748
0 0.197090683998762 0.5041666666666667 0.04159702878365832 0.03166666666666664
0 0.640792324357784 0.8027777777777778 0.04753946146703806 0.02666666666666657
0 0.2114515629835964 0.918888888888889 0.046549056019808105 0.037777777777777646
0 0.14459919529557413 0.31 0.06536675951717735 0.03888888888888893
0 0.16094088517486846 0.7969444444444445 0.054472299597647794 0.02944444444444443
0 0.4456824512534819 0.7997222222222222 0.05150108325595788 0.04611111111111103
0 0.7576601671309192 0.3730555555555556 0.05744351593933778 0.03277777777777775
0 0.12974311358712473 0.9447222222222222 0.04952027236149797 0.04277777777777771
0 0.21640359021974623 0.8697222222222223 0.05645311049210766 0.032777777777777926
0 0.22234602290312597 0.1463888888888889 0.04852986691426801 0.0338888888888889
0 0.9512844320643764 0.7077777777777778 0.058433921386567576 0.04555555555555557
0 0.6071185391519653 0.1988888888888889 0.04753946146703806 0.04222222222222225
0 0.4763850201176107 0.25472222222222224 0.0534818941504178 0.026111111111111106
0 0.23571649644073042 0.4091666666666667 0.04159702878365832 0.03611111111111107
0 0.7432992881460848 0.6136111111111111 0.0623955431754874 0.03277777777777775
0 0.19907149489322193 0.6125 0.043577839678118235 0.02944444444444443
0 0.46202414113277623 0.010555555555555556 0.04456824512534819 0.021111111111111112
0 0.6477251624883937 0.18444444444444447 0.0534818941504178 0.032222222222222194
0 0.33772825750541624 0.8527777777777779 0.043577839678118235 0.028888888888888787
0 0.13023831631073973 0.1975 0.04852986691426801 0.027222222222222214
0 0.6279170535437945 0.8591666666666666 0.043577839678118235 0.032777777777777926
0 0.9329619312906221 0.5461111111111111 0.03961621788919825 0.035555555555555604
0 0.7938099659548129 0.6 0.046549056019808105 0.03111111111111118
0 0.9705973382853607 0.2908333333333334 0.05744351593933778 0.03722222222222227
0 0.6086041473228103 0.7891666666666667 0.05051067780872793 0.030555555555555537
0 0.7017022593624266 0.9066666666666666 0.05645311049210766 0.05222222222222221
0 0.16935933147632315 0.010277777777777778 0.04753946146703806 0.020555555555555556
0 0.8091612503868771 0.5819444444444445 0.07130919220055716 0.027222222222222214
0 0.6521819870009286 0.8886111111111111 0.046549056019808105 0.0216666666666665
0 0.20947075208913649 0.2477777777777778 0.040606623336428366 0.04888888888888889
0 0.7903435468895079 0.6950000000000001 0.055462705044877866 0.026666666666666748
0 0.3030640668523677 0.8602777777777778 0.04753946146703806 0.03833333333333329
0 0.16391210151655836 0.22055555555555556 0.07428040854224696 0.025555555555555554
0 0.8264933457134014 0.4147222222222222 0.046549056019808105 0.03166666666666664
0 0.7967811822965027 0.7166666666666667 0.05249148870318784 0.030000000000000072
0 0.12677189724543486 0.8283333333333334 0.04159702878365832 0.0344444444444445
0 0.6680284741566078 0.4838888888888889 0.06635716496440738 0.0344444444444445
0 0.46945218198700095 0.19833333333333333 0.04159702878365832 0.02777777777777777
0 0.1356855462705045 0.07916666666666668 0.03961621788919841 0.036111111111111115
0 0.3436706901887961 0.1125 0.04753946146703806 0.03166666666666664
0 0.7190343546889507 0.6413888888888889 0.05744351593933778 0.03166666666666664
0 0.29712163416898796 0.32472222222222225 0.06932838130609717 0.02944444444444443
0 0.1624264933457134 0.4575 0.07130919220055712 0.043888888888888825
0 0.26443825441039925 0.018055555555555554 0.059424326833797614 0.03611111111111111
0 0.7413184772516248 0.5411111111111111 0.05645311049210766 0.03888888888888893
0 0.18322500773754258 0.8216666666666667 0.0534818941504178 0.031111111111111
0 0.3842773135252244 0.8816666666666666 0.04952027236149797 0.0344444444444445
0 0.8101516558341071 0.6219444444444445 0.06338594862271751 0.026111111111111106
0 0.5382853605694832 0.8302777777777779 0.06041473228102749 0.027222222222222214
0 0.30900649953574744 0.8102777777777778 0.06338594862271743 0.0283333333333335
0 0.2050139275766017 0.06361111111111112 0.06140513772825752 0.03500000000000001
0 0.5833488084184463 0.2238888888888889 0.04753946146703806 0.040000000000000036
0 0.8022284122562674 0.3377777777777778 0.0772516248839369 0.036666666666666625
0 0.6759517177344476 0.5536111111111112 0.0623955431754874 0.022777777777777786
0 0.5665119158155371 0.4697222222222222 0.045558650572578144 0.03499999999999996
0 0.714082327452801 0.7491666666666668 0.07923243577839682 0.02833333333333332
0 0.6913030021665119 0.6127777777777779 0.061405137728257446 0.028888888888888964
0 0.2852367688022284 0.8944444444444445 0.027731352522438853 0.021111111111111212
0 0.3535747446610956 0.7897222222222222 0.04159702878365832 0.03500000000000014
0 0.7329000309501703 0.5852777777777778 0.06536675951717742 0.02833333333333332
0 0.43974001857010214 0.2908333333333334 0.04952027236149797 0.01722222222222225