0 0.4875 0.75625 0.030555555555555555 0.023958333333333394
0 0.262037037037037 0.62109375 0.029629629629629603 0.024479166666666607
0 0.6041666666666666 0.63125 0.058333333333333334 0.04166666666666661
0 0.41620370370370363 0.82734375 0.026851851851851904 0.0234375
0 0.5541666666666667 0.6908854166666666 0.049074074074074124 0.0390625
0 0.7842592592592592 0.5903645833333333 0.03703703703703714 0.030729166666666606
0 0.6884259259259259 0.746875 0.06944444444444445 0.028125
0 0.5333333333333333 0.8598958333333332 0.05 0.023958333333333214
0 0.7125 0.9153645833333333 0.039814814814814845 0.0296875
0 0.38009259259259254 0.6625 0.03611111111111111 0.034375
0 0.6907407407407407 0.5950520833333333 0.04444444444444436 0.0234375
0 0.7546296296296295 0.9041666666666666 0.04629629629629619 0.0375
0 0.8851851851851851 0.9658854166666666 0.0574074074074073 0.0421875
0 0.2962962962962963 0.6674479166666666 0.03703703703703706 0.0234375
0 0.4166666666666667 0.7182291666666666 0.04074074074074079 0.02604166666666661
0 0.8138888888888889 0.6953125 0.0574074074074073 0.022916666666666606
0 0.40185185185185185 0.6302083333333333 0.029629629629629683 0.030208333333333393
0 0.8958333333333334 0.6541666666666666 0.05462962962962952 0.022916666666666606
0 0.5166666666666667 0.82109375 0.029629629629629683 0.027604166666666784
0 0.23518518518518516 0.71484375 0.04259259259259262 0.0359375
0 0.6703703703703703 0.8505208333333332 0.06296296296296301 0.03125
0 0.21435185185185182 0.6239583333333333 0.039814814814814845 0.03229166666666661
0 0.6083333333333333 0.77265625 0.03888888888888889 0.03489583333333339
0 0.2625 0.5841145833333333 0.039814814814814845 0.031770833333333394
0 0.46111111111111114 0.6221354166666666 0.04074074074074079 0.03385416666666661
0 0.40509259259259256 0.69765625 0.06203703703703699 0.019270833333333393
0 0.525 0.7291666666666666 0.05 0.028125
0 0.18148148148148147 0.8372395833333333 0.0425925925925926 0.027604166666666784
0 0.7300925925925925 0.71171875 0.041666666666666664 0.0265625
0 0.9064814814814814 0.7255208333333333 0.05370370370370381 0.028125
0 0.38055555555555554 0.5557291666666666 0.04814814814814809 0.02604166666666661
0 0.7300925925925925 0.6588541666666666 0.04351851851851849 0.028125
0 0.772685185185185 0.6625 0.04907407407407397 0.021875
0 0.5990740740740741 0.6583333333333333 0.051851851851851906 0.019791666666666607
0 0.262037037037037 0.8083333333333332 0.03703703703703706 0.028125
0 0.6671296296296296 0.6684895833333333 0.06018518518518524 0.031770833333333394
0 0.2657407407407407 0.7322916666666666 0.03888888888888889 0.033333333333333395
0 0.39953703703703697 0.8091145833333332 0.03981481481481476 0.0338541666666667
0 0.24814814814814815 0.8375 0.048148148148148176 0.030208333333333216
0 0.3050925925925926 0.7338541666666666 0.04351851851851849 0.02083333333333339
0 0.8254629629629628 0.6041666666666666 0.043518518518518415 0.034375
0 0.4597222222222222 0.7684895833333333 0.049074074074074124 0.0234375
0 0.8912037037037036 0.6294270833333333 0.04907407407407397 0.0296875
0 0.7180555555555556 0.88359375 0.041666666666666664 0.030729166666666786
0 0.8629629629629628 0.6802083333333333 0.0574074074074073 0.03125
0 0.5537037037037037 0.8169270833333332 0.04629629629629635 0.0328125
0 0.6032407407407407 0.6848958333333333 0.05648148148148143 0.025
0 0.6990740740740741 0.9385416666666666 0.05370370370370365 0.03125
0 0.8504629629629629 0.7255208333333333 0.04722222222222222 0.03125
0 0.7370370370370369 0.77421875 0.05185185185185182 0.0359375
0 0.45185185185185184 0.8317708333333332 0.037037037037036986 0.029166666666666785
0 0.1662037037037037 0.8640625 0.0324074074074074 0.03125
0 0.7361111111111112 0.5979166666666667 0.05 0.0375
0 0.7347222222222223 0.9830729166666666 0.04537037037037048 0.031770833333333214
0 0.6453703703703704 0.6927083333333333 0.04814814814814809 0.0375
0 0.6555555555555556 0.6296875 0.051851851851851906 0.04375
0 0.8763888888888889 0.9890625 0.05462962962962952 0.020833333333333214
0 0.20324074074074072 0.7807291666666666 0.05277777777777778 0.030208333333333393
0 0.4888888888888889 0.8315104166666666 0.04074074074074079 0.03802083333333321
0 0.7379629629629628 0.93515625 0.051851851851851746 0.0296875
0 0.9236111111111112 0.6848958333333333 0.041666666666666664 0.029166666666666608
0 0.8222222222222222 0.7354166666666666 0.059259259259259366 0.033333333333333395
0 0.6347222222222222 0.64453125 0.03240740740740746 0.021354166666666608
0 0.5638888888888889 0.7817708333333333 0.037037037037036986 0.030208333333333393
0 0.3435185185185185 0.71328125 0.04259259259259258 0.031770833333333394
0 0.7847222222222222 0.9838541666666666 0.04722222222222222 0.03125
0 0.4439814814814814 0.8901041666666666 0.02870370370370365 0.016666666666666784
0 0.8208333333333333 0.9950520833333332 0.041666666666666664 0.008854166666666784
0 0.30092592592592593 0.71484375 0.05185185185185182 0.022395833333333393
0 0.7467592592592592 0.6846354166666666 0.03981481481481492 0.02864583333333339
0 0.6736111111111112 0.8817708333333332 0.06018518518518524 0.029166666666666785