0 0.6268518518518518 0.1296875 0.05 0.03645833333333335
0 0.33425925925925926 0.32135416666666666 0.04629629629629627 0.021875
0 0.24259259259259258 0.041666666666666664 0.03703703703703706 0.03125
0 0.4268518518518518 0.01536458333333333 0.05740740740740746 0.03072916666666666
0 0.7550925925925925 0.6736979166666666 0.041666666666666664 0.0359375
0 0.22129629629629627 0.5549479166666667 0.044444444444444446 0.025520833333333392
0 0.5611111111111111 0.5200520833333333 0.04074074074074079 0.0421875
0 0.49120370370370364 0.21510416666666665 0.03796296296296302 0.030208333333333327
0 0.6342592592592592 0.4893229166666666 0.04814814814814809 0.03489583333333339
0 0.30925925925925923 0.12630208333333331 0.05185185185185182 0.031770833333333345
0 0.7115740740740739 0.23932291666666666 0.04351851851851849 0.0401041666666667
0 0.5981481481481481 0.5541666666666666 0.04814814814814809 0.03229166666666661
0 0.774537037037037 0.15260416666666665 0.04907407407407397 0.03229166666666665
0 0.5111111111111111 0.54921875 0.04259259259259254 0.03489583333333339
0 0.4861111111111111 0.6307291666666666 0.04074074074074079 0.03541666666666661
0 0.5722222222222222 0.25026041666666665 0.04629629629629635 0.0265625
0 0.9208333333333333 0.7041666666666666 0.04537037037037048 0.0375
0 0.8962962962962961 0.9752604166666666 0.05555555555555555 0.04947916666666678
0 0.6643518518518519 0.06927083333333332 0.03981481481481476 0.0375
0 0.349537037037037 0.16276041666666666 0.04722222222222218 0.03385416666666665
0 0.6564814814814814 0.2880208333333333 0.06851851851851858 0.029166666666666695
0 0.1763888888888889 0.15390625 0.04537037037037038 0.0296875
0 0.15787037037037036 0.2859375 0.041666666666666664 0.035416666666666693
0 0.23796296296296293 0.10833333333333332 0.04629629629629627 0.040625
0 0.5731481481481481 0.09427083333333333 0.05370370370370365 0.029166666666666653
0 0.29305555555555557 0.06223958333333333 0.07129629629629627 0.041145833333333326
0 0.7342592592592592 0.7033854166666667 0.044444444444444446 0.031770833333333394
0 0.5069444444444444 0.6578125 0.04537037037037032 0.030208333333333393
0 0.6842592592592592 0.3171875 0.06111111111111111 0.029166666666666695
0 0.6023148148148147 0.65703125 0.041666666666666664 0.0265625
0 0.8180555555555555 0.28046875 0.04537037037037048 0.0484375
0 0.6143518518518518 0.05234375 0.050925925925925875 0.02760416666666666
0 0.8314814814814814 0.19140625 0.051851851851851746 0.027604166666666673
0 0.39629629629629626 0.21484375 0.05740740740740746 0.04427083333333333
0 0.20416666666666666 0.1973958333333333 0.06388888888888888 0.03124999999999998
0 0.672685185185185 0.3684895833333333 0.08055555555555548 0.0380208333333333
0 0.23379629629629628 0.0671875 0.05277777777777778 0.025
0 0.1527777777777778 0.06197916666666666 0.06111111111111111 0.0375
0 0.6296296296296297 0.09739583333333332 0.05 0.02395833333333334
0 0.4004629629629629 0.11770833333333333 0.058333333333333334 0.03125
0 0.45416666666666666 0.8833333333333332 0.06203703703703699 0.026041666666666786
0 0.1662037037037037 0.5669270833333333 0.04351851851851851 0.027604166666666607
0 0.3263888888888889 0.23177083333333331 0.054629629629629604 0.030208333333333302
0 0.14444444444444443 0.9473958333333332 0.04259259259259258 0.03645833333333322
0 0.27685185185185185 0.15182291666666664 0.044444444444444446 0.02864583333333335
0 0.6763888888888889 0.93515625 0.043518518518518574 0.0359375
0 0.624537037037037 0.60859375 0.050925925925925875 0.041145833333333395
0 0.6768518518518518 0.34479166666666666 0.07407407407407413 0.021875
0 0.5861111111111111 0.771875 0.05 0.034375
0 0.7722222222222223 0.5958333333333333 0.059259259259259366 0.033333333333333395
0 0.7231481481481481 0.13046875 0.07407407407407404 0.03072916666666665
0 0.21805555555555556 0.58125 0.041666666666666664 0.03229166666666661
0 0.561574074074074 0.2296875 0.08240740740740746 0.028125
0 0.5824074074074074 0.48515625 0.05740740740740746 0.0203125
0 0.25555555555555554 0.13359375 0.05555555555555555 0.0296875
0 0.1324074074074074 0.278125 0.051851851851851864 0.039583333333333304