0 0.5625 0.31796875 0.041666666666666664 0.0421875
0 0.7106481481481481 0.02890625 0.04351851851851849 0.03802083333333332
0 0.32129629629629625 0.03411458333333332 0.05925925925925928 0.042187499999999996
0 0.21944444444444444 0.35572916666666665 0.044444444444444446 0.026041666666666696
0 0.599537037037037 0.35026041666666663 0.049074074074074124 0.036979166666666695
0 0.6481481481481481 0.7669270833333333 0.051851851851851906 0.036979166666666605
0 0.9259259259259258 0.4994791666666666 0.04814814814814825 0.034375
0 0.9013888888888889 0.7763020833333333 0.05277777777777778 0.04427083333333339
0 0.487037037037037 0.43046875 0.04074074074074079 0.03385416666666661
0 0.624537037037037 0.4075520833333333 0.050925925925925875 0.04010416666666665
0 0.8291666666666667 0.06979166666666667 0.04537037037037048 0.053125
0 0.735185185185185 0.5018229166666666 0.044444444444444446 0.031770833333333394
0 0.3949074074074074 0.01484375 0.05462962962962968 0.0296875
0 0.33518518518518514 0.11822916666666665 0.048148148148148134 0.025
0 0.6773148148148148 0.7380208333333333 0.04722222222222222 0.034375
0 0.5111111111111111 0.34765625 0.044444444444444446 0.034895833333333307
0 0.5083333333333333 0.4575520833333333 0.04629629629629635 0.0296875
0 0.5879629629629629 0.5744791666666667 0.05370370370370365 0.03645833333333339
0 0.6583333333333333 0.07708333333333332 0.07222222222222222 0.03229166666666665
0 0.6041666666666666 0.4572916666666666 0.03981481481481476 0.02604166666666661
0 0.674074074074074 0.1546875 0.08148148148148143 0.053125
0 0.2152777777777778 0.38307291666666665 0.045370370370370394 0.034895833333333307
0 0.7662037037037036 0.384375 0.06388888888888888 0.03333333333333335
0 0.4921296296296296 0.011979166666666666 0.041666666666666664 0.02291666666666667
0 0.5717592592592592 0.043229166666666666 0.04722222222222222 0.03229166666666667
0 0.14166666666666666 0.7559895833333333 0.044444444444444446 0.03489583333333339
0 0.4546296296296296 0.6890625 0.06666666666666667 0.028125
0 0.7564814814814814 0.4697916666666666 0.042592592592592696 0.034375
0 0.46944444444444444 0.71328125 0.05 0.02864583333333339
0 0.15694444444444444 0.08072916666666666 0.04351851851851851 0.04270833333333333
0 0.6361111111111111 0.28515625 0.05 0.036979166666666695
0 0.1638888888888889 0.3684895833333333 0.044444444444444446 0.030729166666666696
0 0.687037037037037 0.1078125 0.06481481481481484 0.03333333333333334
0 0.5837962962962963 0.2809895833333333 0.06018518518518524 0.0234375
0 0.5638888888888889 0.018229166666666664 0.08518518518518524 0.02708333333333333
0 0.20787037037037034 0.004166666666666667 0.054629629629629604 0.008333333333333333
0 0.6907407407407408 0.13619791666666664 0.04629629629629635 0.021354166666666653
0 0.1310185185185185 0.07734375 0.05277777777777778 0.04322916666666665