0 0.2648148148148148 0.3731770833333333 0.027777777777777776 0.0234375
0 0.36944444444444446 0.7197916666666666 0.048148148148148134 0.02604166666666661
0 0.2648148148148148 0.5682291666666666 0.03888888888888889 0.025
0 0.5898148148148148 0.7174479166666666 0.03888888888888889 0.03489583333333339
0 0.4930555555555556 0.5106770833333333 0.03611111111111111 0.024479166666666607
0 0.42037037037037034 0.5854166666666666 0.025925925925925873 0.021875
0 0.5254629629629629 0.5776041666666666 0.02870370370370365 0.027083333333333393
0 0.6222222222222222 0.8119791666666666 0.03333333333333333 0.03125
0 0.4217592592592592 0.7721354166666666 0.043518518518518574 0.024479166666666607
0 0.5740740740740741 0.5348958333333333 0.04074074074074079 0.028125
0 0.2162037037037037 0.37604166666666666 0.039814814814814845 0.0322916666666667
0 0.6212962962962962 0.525 0.037037037037036986 0.03541666666666661
0 0.49120370370370364 0.6765625 0.049074074074074124 0.040625
0 0.7328703703703703 0.6377604166666666 0.04351851851851849 0.0296875
0 0.6569444444444444 0.4390625 0.04722222222222222 0.038541666666666606
0 0.35138888888888886 0.4671875 0.04351851851851853 0.029166666666666608
0 0.7995370370370369 0.3296875 0.03981481481481492 0.034375
0 0.3861111111111111 0.3015625 0.05370370370370365 0.0322916666666667
0 0.4513888888888889 0.6557291666666666 0.03240740740740746 0.02604166666666661
0 0.575462962962963 0.7466145833333333 0.025 0.025520833333333392
0 0.4810185185185185 0.7763020833333333 0.041666666666666664 0.027604166666666607
0 0.7541666666666667 0.6921875 0.05277777777777778 0.029166666666666608
0 0.3884259259259259 0.82265625 0.05462962962962968 0.027604166666666784
0 0.16759259259259257 0.6268229166666666 0.03518518518518518 0.03489583333333339
0 0.4925925925925925 0.72734375 0.05370370370370365 0.03802083333333339
0 0.6078703703703703 0.40390625 0.05462962962962968 0.021354166666666653
0 0.26944444444444443 0.48671875 0.03888888888888889 0.031770833333333394
0 0.4222222222222222 0.46953125 0.04259259259259254 0.0265625
0 0.28379629629629627 0.73203125 0.039814814814814845 0.030729166666666606
0 0.3074074074074074 0.8403645833333332 0.03333333333333333 0.027604166666666784
0 0.8398148148148148 0.7625 0.044444444444444446 0.023958333333333394
0 0.6805555555555556 0.4130208333333333 0.06111111111111111 0.03125
0 0.40509259259259256 0.5653645833333333 0.03981481481481476 0.0328125
0 0.8921296296296295 0.7513020833333333 0.04907407407407397 0.0296875
0 0.46759259259259256 0.36875 0.04074074074074079 0.034375
0 0.23703703703703702 0.4721354166666666 0.04629629629629627 0.03385416666666661
0 0.7699074074074073 0.6598958333333333 0.04907407407407397 0.038541666666666606
0 0.2648148148148148 0.3338541666666667 0.03888888888888889 0.03125
0 0.5430555555555555 0.6177083333333333 0.05277777777777778 0.021875
0 0.8416666666666667 0.34244791666666663 0.044444444444444446 0.0380208333333333
0 0.9032407407407407 0.7213541666666666 0.05462962962962952 0.03645833333333339
0 0.9273148148148148 0.46796875 0.05462962962962952 0.025520833333333392
0 0.6574074074074073 0.8822916666666666 0.044444444444444446 0.027083333333333216
0 0.4388888888888889 0.71484375 0.05555555555555555 0.024479166666666607
0 0.687037037037037 0.6385416666666666 0.05925925925925928 0.025
0 0.29953703703703705 0.4190104166666666 0.037962962962962934 0.025520833333333392
0 0.7449074074074074 0.40390625 0.04537037037037048 0.02864583333333335
0 0.9097222222222222 0.3669270833333333 0.04907407407407397 0.031770833333333304
0 0.18379629629629626 0.5997395833333333 0.04537037037037038 0.0234375
0 0.9166666666666666 0.3927083333333333 0.05555555555555555 0.02604166666666665
0 0.2037037037037037 0.54140625 0.05370370370370371 0.030729166666666606
0 0.40694444444444444 0.3796875 0.02870370370370365 0.029166666666666695
0 0.6162037037037037 0.37526041666666665 0.05648148148148143 0.0421875
0 0.24814814814814815 0.7966145833333332 0.03703703703703706 0.03281249999999991
0 0.2518518518518518 0.5966145833333333 0.05185185185185182 0.027604166666666607
0 0.3282407407407407 0.8565104166666666 0.037962962962962934 0.027604166666666784
0 0.23148148148148145 0.7401041666666666 0.05740740740740738 0.023958333333333394
0 0.30925925925925923 0.4877604166666666 0.05 0.0234375
0 0.4453703703703703 0.8825520833333332 0.044444444444444446 0.028645833333333214
0 0.7439814814814815 0.4580729166666666 0.043518518518518415 0.024479166666666607
0 0.6898148148148148 0.7270833333333333 0.04629629629629627 0.039583333333333394
0 0.4986111111111111 0.5880208333333333 0.041666666666666664 0.03541666666666661
0 0.8379629629629629 0.4807291666666666 0.059259259259259366 0.033333333333333395
0 0.9439814814814814 0.4255208333333333 0.043518518518518415 0.03229166666666661
0 0.5328703703703703 0.4807291666666666 0.050925925925925875 0.028125
0 0.7518518518518518 0.5231770833333333 0.05555555555555555 0.0359375
0 0.4111111111111111 0.45 0.06481481481481476 0.02083333333333339
0 0.5625 0.5700520833333333 0.049074074074074124 0.0328125
0 0.4606481481481481 0.5890625 0.03981481481481476 0.028125
0 0.6550925925925926 0.80625 0.03981481481481476 0.0364583333333333
0 0.7611111111111111 0.42890625 0.04074074074074063 0.0296875
0 0.3861111111111111 0.41328125 0.037037037037036986 0.03489583333333335
0 0.7884259259259259 0.4057291666666666 0.04722222222222222 0.02083333333333335
0 0.4699074074074074 0.52265625 0.05648148148148143 0.022395833333333393
0 0.6837962962962962 0.6044270833333333 0.0657407407407408 0.02864583333333339
0 0.33703703703703697 0.7377604166666666 0.044444444444444405 0.022395833333333393
0 0.7504629629629629 0.3377604166666667 0.04907407407407397 0.0390625
0 0.5643518518518518 0.4395833333333333 0.04722222222222222 0.039583333333333394
0 0.6236111111111111 0.6440104166666666 0.050925925925925875 0.0359375
0 0.8810185185185184 0.42057291666666663 0.058333333333333334 0.0296875
0 0.7273148148148147 0.671875 0.041666666666666664 0.028125
0 0.6041666666666666 0.7440104166666666 0.050925925925925875 0.03489583333333339
0 0.7013888888888888 0.49453125 0.07129629629629627 0.0265625
0 0.8300925925925925 0.4390625 0.05462962962962952 0.02083333333333339
0 0.24768518518518515 0.7588541666666666 0.04722222222222222 0.025
0 0.7990740740740739 0.74453125 0.044444444444444446 0.0296875
0 0.20324074074074072 0.8354166666666666 0.05648148148148149 0.025
0 0.4574074074074074 0.75078125 0.051851851851851906 0.024479166666666607
0 0.7148148148148148 0.6958333333333333 0.05370370370370373 0.029166666666666608
0 0.749537037037037 0.7416666666666666 0.04722222222222222 0.029166666666666608
0 0.8694444444444445 0.4692708333333333 0.04814814814814825 0.030208333333333393
0 0.7074074074074074 0.3364583333333333 0.04814814814814809 0.021875
0 0.6708333333333333 0.3768229166666667 0.043518518518518574 0.034895833333333307
0 0.6476851851851851 0.3895833333333333 0.03611111111111111 0.02395833333333335
0 0.30694444444444446 0.4692708333333333 0.05277777777777778 0.021875
0 0.6134259259259258 0.43203125 0.058333333333333334 0.024479166666666607
0 0.6564814814814814 0.35885416666666664 0.029629629629629683 0.015625