0 0.4132323069073808 0.016211604095563138 0.0517174175515986 0.032423208191126277
0 0.4426402502210349 0.002844141069397042 0.0517174175515986 0.005688282138794084
0 0.472048193534689 0.013936291240045506 0.0517174175515986 0.027872582480091012
0 0.5891729332838975 0.010523321956769055 0.0547596185840455 0.02104664391353811
0 0.1852294801955882 0.026154721274175202 0.053988927655825636 0.037337883959044374
0 0.30909776556672086 0.031063708759954494 0.0585319478642798 0.041905574516496
0 0.3333542484654314 0.06734357224118316 0.049577736158777565 0.03350967007963594
0 0.37157443410307356 0.061683731513083054 0.04049169574186917 0.027445961319681467
0 0.3687046244624652 0.10294084186575655 0.04944590744737148 0.04324232081911261
0 0.29045921390792906 0.10245164960182025 0.046636941827412105 0.025028441410693957
0 0.1995886690687379 0.0727019340159272 0.055185526728588175 0.020995449374288943
0 0.21442446943697097 0.10294084186575654 0.06294313936132787 0.046240045506257134
0 0.17720821014003632 0.1083731513083049 0.053988927655825636 0.03536973833902164
0 0.5015271215391002 0.08773606370875997 0.042489407753176056 0.02932309442548351
0 0.747803435785791 0.08885096700796359 0.05665592389427071 0.04804323094425482
0 0.7051112146304519 0.12523890784982936 0.07149172426250378 0.025620022753128514
0 0.5302556399555077 0.16476678043230947 0.06521464946555498 0.03946530147895335
0 0.5061411264383114 0.1909726962457338 0.06641124853831745 0.038663253697383396
0 0.23006138274374843 0.15590443686006825 0.07015315580822734 0.0278839590443686
0 0.2559809355401967 0.17602389078498293 0.06855092993113855 0.028998862343572275
0 0.2730882460126568 0.19539817974971557 0.06000234502996249 0.025022753128555175
0 0.2209753423268401 0.24759954493742886 0.057325208121409205 0.038731513083048966
0 0.8023298189573489 0.22084755403868034 0.06413973843409032 0.02569965870307165
0 0.8879880593609475 0.23444823663253697 0.04570400017746167 0.038657565415244656
0 0.6742430148212231 0.28715017064846415 0.06588393369269341 0.031626848691695034
0 0.5352651309889372 0.33901023890784987 0.055185526728588175 0.024408418657565444
0 0.19070544205399273 0.30009101251422066 0.05692972198719102 0.032775881683731446
0 0.24663123770047632 0.30725255972696247 0.044497260434591075 0.04244027303754257
0 0.30355081901755915 0.3416097838452787 0.06320679678414004 0.0318600682593857
0 0.23660211496350944 0.38980091012514223 0.05598663966713253 0.03079067121729242
0 0.16972439560021674 0.40259385665529007 0.03367716542918801 0.031638225255972686
0 0.3791900773542992 0.4427986348122867 0.042357579041770045 0.02435153583617744
0 0.25525080729240934 0.4723265073947668 0.05505369801718209 0.029436860068259386
0 0.16585065961890094 0.5230489192263936 0.044629089145997086 0.028191126279863532
0 0.1987875561301935 0.5462457337883959 0.07709951483231454 0.02135949943117179
0 0.2432239725441357 0.5698122866894197 0.0363441616676332 0.04974971558589303
0 0.5045997445818716 0.5306939704209329 0.04062352445327518 0.02548350398179746
0 0.6168468220090568 0.5556484641638225 0.0513117907472722 0.03791808873720139
0 0.6429793288777763 0.5339874857792946 0.040755353164681346 0.038077360637087665
0 0.6854687366309525 0.5203868031854381 0.050916304613054325 0.028117178612059136
0 0.5112824461831469 0.5813708759954493 0.05398892765582572 0.024897610921501646
0 0.4749382845155137 0.6191808873720136 0.05612860904864667 0.02480659840728112
0 0.32700618897772543 0.6506541524459613 0.0729621214281867 0.027792946530147945
0 0.1742674158086709 0.6356257110352674 0.05879560528709189 0.034465301478953415
0 0.2701474516812914 0.7290216154721273 0.03808835692623604 0.038356086461888414
0 0.5029975187047829 0.6604095563139932 0.16569854956727875 0.06288964732650744
0 0.19565408906677315 0.7789419795221845 0.07482800472808743 0.0422468714448236
0 0.2322010641365695 0.8246245733788395 0.037013445894771534 0.03242889647326521
0 0.23413793212722736 0.9314448236632537 0.039558754091918814 0.028686006825938647
0 0.6032887460744515 0.7955176336746302 0.04957773615877765 0.03493174061433439
0 0.9888579387186629 0.62734375 0.022284122562674095 0.0296875
0 0.842486872585649 0.6716439135381115 0.07603474447095801 0.03379408418657555
0 0.7917023966840009 0.7066439135381114 0.06294313936132787 0.02733219567690561
0 0.859452213676595 0.745164960182025 0.062142026422783596 0.03241751990898738
0 0.7047765725168826 0.8144709897610921 0.06147274219564518 0.03235494880546064
0 0.779340919822158 0.870113765642776 0.05559115353291442 0.04395335608646178
0 0.714329083758766 0.8799317406143345 0.060529659875586846 0.023111490329920416
0 0.966497127338296 0.8778555176336746 0.049040280643045234 0.036951080773606294
0 0.8468270793919401 0.9113594994311718 0.07028498451963311 0.027491467576791707
0 0.8333298474779837 0.929943117178612 0.04596765760027369 0.031683731513082944
0 0.8493014028983302 0.9520534698521047 0.057862663637141376 0.023430034129692957
0 0.7708633196117392 0.9143174061433447 0.06935204286968298 0.025170648464163746
0 0.7339107177376165 0.9389362912400456 0.07590291575955185 0.031678043230944294
0 0.7840867534327752 0.9443686006825939 0.06000234502996249 0.02980091012514201
0 0.7568894762026993 0.9690273037542662 0.058795605287091816 0.027241183162684736