0 0.2526354668431339 0.36132596685082874 0.05023161329044765 0.03867403314917128
0 0.6525185059788547 0.11408839779005524 0.048261746102586926 0.035911602209944736
0 0.7992736114744764 0.9544198895027624 0.04432201172686547 0.03812154696132595
0 0.20732852152233797 0.24033149171270715 0.040382277351144254 0.02320441988950277
0 0.2496806660613429 0.32348066298342537 0.05614121485402976 0.022651933701657433
0 0.23687652934024836 0.8232044198895027 0.044322011726865625 0.030939226519337025
0 0.25854506840671604 0.29254143646408837 0.040382277351144254 0.03370165745856353
0 0.7539666661536804 0.5030386740331492 0.046291878914726275 0.04143646408839778
0 0.6953631173148249 0.5533149171270718 0.07091521876298494 0.03038674033149178
0 0.6091814278459194 0.3538674033149171 0.05614121485402968 0.024861878453038687
0 0.6062266270641284 0.5129834254143646 0.048261746102586926 0.0248618784530386
0 0.1886147832376614 0.40745856353591153 0.048261746102587 0.028176795580110436
0 0.37427476569353174 0.42182320441988946 0.04924667969651733 0.033701657458563614
0 0.5161052032195016 0.9035911602209945 0.041367210945074576 0.03701657458563545
0 0.5220148047830837 0.47541436464088394 0.03742747656935312 0.028176795580110436
0 0.18024284768925344 0.10303867403314917 0.0689453515751243 0.04143646408839778
0 0.4156419766386063 0.3820441988950276 0.06106588282368154 0.03038674033149169
0 0.3309376875605965 0.3856353591160221 0.05318641407223871 0.026519337016574607
0 0.863786761876914 0.5488950276243093 0.04727681250865652 0.04475138121546962
0 0.4442050508625864 0.012430939226519336 0.04727681250865668 0.024861878453038673
0 0.7121069884116407 0.6383977900552485 0.08667415626587045 0.04254143646408846
0 0.8224195509318395 0.14447513812154694 0.04727681250865652 0.04143646408839778
0 0.32404315240308407 0.18314917127071823 0.059096015635820814 0.0270718232044199
0 0.8199572169470135 0.41464088397790055 0.05220148047830838 0.03038674033149178
0 0.5249696055648748 0.008287292817679558 0.053186414072238786 0.016574585635359115
0 0.8160174825712923 0.8743093922651933 0.0640206836054726 0.03812154696132595
0 0.4614413887563674 0.2558011049723757 0.0640206836054726 0.025414364640883935
0 0.29794241216392986 0.4052486187845304 0.048261746102587 0.025966850828729272
0 0.6997953184875113 0.32486187845303865 0.04038227735114417 0.03646408839779003
0 0.3013896797426861 0.011049723756906077 0.06106588282368154 0.022099447513812154
0 0.6520260391818895 0.30524861878453036 0.055156281260099436 0.023756906077348105
0 0.9818941504178273 0.02421875 0.036211699164345405 0.0390625
0 0.5422059434586558 0.8207182320441989 0.044322011726865625 0.03812154696132595
0 0.6599055079333322 0.3939226519337017 0.04727681250865668 0.0375690607734807
0 0.7234337247418398 0.5850828729281767 0.06599055079333309 0.030939226519337025
0 0.7884393419412425 0.16906077348066298 0.05614121485402968 0.03867403314917128
0 0.34620415826651685 0.49060773480662984 0.058111082041890486 0.02872928176795586
0 0.4284461133597008 0.19226519337016573 0.05712614844796008 0.030939226519337025
0 0.2757814063004971 0.15055248618784528 0.059096015635820814 0.032596685082872945
0 0.2201326582434325 0.03287292817679558 0.060080949229751136 0.032596685082872924
0 0.6333123008972129 0.8262430939226519 0.051216546884377975 0.03480662983425411
0 0.36491789655119344 0.3303867403314917 0.06796041798119389 0.02762430939226519
0 0.596377291124825 0.7906077348066298 0.044322011726865625 0.04640883977900554
0 0.42253651179611873 0.4732044198895028 0.05909601563582073 0.04364640883977895
0 0.1807353144862186 0.8342541436464088 0.044322011726865625 0.030939226519337025
0 0.4560242539897505 0.2270718232044199 0.041367210945074576 0.030939226519337025
0 0.48163252743193957 0.0861878453038674 0.043337078132935226 0.029834254143646398
0 0.30434448052447716 0.31519337016574583 0.059096015635820814 0.043646408839779036
0 0.5382662090829344 0.930110497237569 0.048261746102586926 0.028176795580110436
0 0.5958848243278597 0.491988950276243 0.0847042890780098 0.02928176795580111
0 0.232936794964527 0.8513812154696133 0.03841241016328353 0.030939226519337025
0 0.6594130411363671 0.8837016574585634 0.05023161329044773 0.04254143646408828
0 0.16546884378029827 0.3113259668508287 0.06697548438726357 0.03370165745856353
0 0.21914772464950213 0.45220994475138115 0.06599055079333324 0.025966850828729272
0 0.5983471583126856 0.034806629834254144 0.06599055079333324 0.03977900552486189
0 0.7766201388140783 0.9828729281767956 0.046291878914726275 0.034254143646408865
0 0.6387294356638298 0.1488950276243094 0.06796041798119389 0.03149171270718232
0 0.7682482032656704 0.19502762430939227 0.051216546884378135 0.04419889502762433
0 0.9726219240062174 0.9831491712707182 0.05023161329044758 0.033701657458563614
0 0.8785607657858692 0.4558011049723757 0.055156281260099436 0.02762430939226519
0 0.14330783791686544 0.5337016574585636 0.05417134766616907 0.0375690607734807
0 0.6707397774665661 0.7604972375690607 0.04924667969651733 0.03480662983425411
0 0.7165391895843272 0.6132596685082873 0.0797796211083581 0.024309392265193353
0 0.6190307637852229 0.7558011049723756 0.0640206836054726 0.02209944751381219
0 0.764308468889949 0.3914364640883978 0.07879468751442785 0.032596685082872945
0 0.16940857815601965 0.5422651933701658 0.043337078132935226 0.031491712707182276
0 0.14281537111990028 0.06353591160220994 0.06303575001154219 0.03535911602209944
0 0.18172024808014897 0.04640883977900552 0.08371935548407948 0.029834254143646412
0 0.6663075762938796 0.3538674033149171 0.048261746102586926 0.022651933701657433
0 0.35211375983009896 0.20580110497237566 0.06599055079333324 0.03480662983425411
0 0.6126286954246757 0.005248618784530387 0.06106588282368154 0.010497237569060774
0 0.272826605518706 0.38646408839779 0.059096015635820814 0.027071823204419854
0 0.35506856061189 0.5823204419889503 0.05023161329044773 0.020994475138121516
0 0.5643669493220886 0.022375690607734804 0.0787946875144277 0.03149171270718232