0 0.19120370370370368 0.84296875 0.037962962962962955 0.0390625
0 0.225 0.8432291666666666 0.03703703703703706 0.026041666666666786
0 0.26620370370370366 0.10260416666666665 0.04351851851851849 0.03229166666666665
0 0.20787037037037034 0.95078125 0.058333333333333334 0.0328125
0 0.7736111111111111 0.0328125 0.058333333333333334 0.04583333333333332
0 0.22407407407407404 0.78515625 0.05370370370370373 0.0234375
0 0.6263888888888889 0.4333333333333333 0.041666666666666664 0.019791666666666607
0 0.5018518518518518 0.03046875 0.035185185185185236 0.031770833333333325
0 0.3074074074074074 0.3973958333333333 0.03703703703703706 0.028125
0 0.4083333333333333 0.09244791666666666 0.044444444444444446 0.036979166666666674
0 0.39120370370370366 0.37578125 0.058333333333333334 0.0296875
0 0.4875 0.32369791666666664 0.04537037037037032 0.0265625
0 0.29953703703703705 0.8671875 0.041666666666666664 0.023958333333333214
0 0.3375 0.2841145833333333 0.050925925925925916 0.0265625
0 0.5736111111111111 0.08984375 0.05462962962962968 0.04114583333333334
0 0.499537037037037 0.2669270833333333 0.06018518518518524 0.0453125
0 0.6013888888888889 0.25078125 0.041666666666666664 0.0380208333333333
0 0.45694444444444443 0.18984375 0.034259259259259205 0.0296875
0 0.37175925925925923 0.26197916666666665 0.054629629629629646 0.029166666666666695
0 0.324537037037037 0.6924479166666666 0.03611111111111111 0.027604166666666607
0 0.38379629629629625 0.8213541666666666 0.03796296296296302 0.022916666666666786
0 0.4638888888888889 0.2958333333333333 0.059259259259259206 0.027083333333333303
0 0.8537037037037036 0.62578125 0.06111111111111111 0.0296875
0 0.5851851851851851 0.05026041666666666 0.044444444444444446 0.0359375
0 0.2828703703703704 0.2817708333333333 0.04351851851851849 0.033333333333333305
0 0.637962962962963 0.17057291666666666 0.05 0.03697916666666665
0 0.23796296296296293 0.35026041666666663 0.04259259259259262 0.031770833333333304
0 0.1921296296296296 0.7317708333333333 0.041666666666666664 0.038541666666666606
0 0.5513888888888889 0.14453125 0.05462962962962968 0.0265625
0 0.22592592592592592 0.7231770833333333 0.03703703703703706 0.031770833333333394
0 0.49907407407407406 0.2130208333333333 0.05370370370370365 0.040625
0 0.8629629629629628 0.29010416666666666 0.04629629629629619 0.026041666666666696
0 0.5467592592592592 0.803125 0.06018518518518524 0.025
0 0.17824074074074073 0.13854166666666665 0.04907407407407405 0.029166666666666653
0 0.7328703703703703 0.22265625 0.05648148148148151 0.036979166666666695
0 0.7907407407407406 0.18125 0.05 0.044791666666666674
0 0.7 0.12682291666666665 0.0703703703703704 0.03489583333333335
0 0.32916666666666666 0.4145833333333333 0.041666666666666664 0.028125
0 0.7050925925925925 0.26015625 0.04907407407407405 0.0401041666666667
0 0.8212962962962962 0.2723958333333333 0.04629629629629619 0.03125
0 0.18148148148148147 0.77109375 0.05370370370370371 0.031770833333333394
0 0.45 0.4424479166666666 0.059259259259259206 0.036979166666666605
0 0.22314814814814812 0.009635416666666665 0.05370370370370373 0.018229166666666668
0 0.1986111111111111 0.075 0.058333333333333334 0.0375
0 0.7518518518518518 0.15677083333333333 0.044444444444444446 0.034375
0 0.9199074074074073 0.275 0.05277777777777778 0.035416666666666693
0 0.5328703703703703 0.7643229166666666 0.03796296296296302 0.027604166666666607
0 0.42546296296296293 0.11770833333333333 0.030555555555555555 0.029166666666666653
0 0.5990740740740741 0.290625 0.051851851851851906 0.023958333333333304
0 0.19166666666666668 0.89921875 0.04074074074074074 0.031770833333333214
0 0.5351851851851852 0.10234375 0.03148148148148143 0.03072916666666665
0 0.45509259259259255 0.7598958333333333 0.034259259259259205 0.028125
0 0.2824074074074074 0.7778645833333333 0.06111111111111111 0.0296875
0 0.625 0.04036458333333333 0.03888888888888889 0.043229166666666666
0 0.28055555555555556 0.81875 0.04629629629629627 0.028125
0 0.9291666666666667 0.240625 0.056481481481481584 0.040625
0 0.19722222222222222 0.39713541666666663 0.06111111111111111 0.023437499999999955
0 0.2949074074074074 0.8427083333333332 0.054629629629629604 0.026041666666666786
0 0.6199074074074074 0.27369791666666665 0.049074074074074124 0.025520833333333305
0 0.4662037037037037 0.115625 0.041666666666666664 0.03333333333333334
0 0.7458333333333333 0.19348958333333333 0.041666666666666664 0.031770833333333345
0 0.29768518518518516 0.024479166666666666 0.04907407407407405 0.03333333333333333
0 0.5055555555555555 0.11276041666666665 0.044444444444444446 0.0390625
0 0.24583333333333332 0.31171875 0.054629629629629604 0.028645833333333304
0 0.28055555555555556 0.5111979166666666 0.025925925925925953 0.019270833333333393
0 0.5407407407407407 0.008072916666666666 0.05370370370370365 0.015104166666666669
0 0.20555555555555555 0.6075520833333333 0.05740740740740738 0.025520833333333392
0 0.4444444444444444 0.25703125 0.05740740740740746 0.027604166666666697
0 0.673148148148148 0.42890625 0.044444444444444446 0.024479166666666607
0 0.2273148148148148 0.2895833333333333 0.05648148148148151 0.025
0 0.22685185185185183 0.8677083333333332 0.0703703703703704 0.029166666666666785
0 0.6703703703703703 0.34713541666666664 0.04259259259259254 0.0401041666666667
0 0.17129629629629628 0.9385416666666666 0.044444444444444425 0.025
0 0.7773148148148148 0.2192708333333333 0.05462962962962952 0.0364583333333333
0 0.3634259259259259 0.8002604166666666 0.034259259259259246 0.028645833333333304
0 0.16111111111111112 0.17083333333333334 0.0425925925925926 0.04375
0 0.425 0.31979166666666664 0.051851851851851906 0.026041666666666696
0 0.1550925925925926 0.9583333333333333 0.04351851851851853 0.03229166666666679
0 0.7171296296296296 0.01015625 0.08240740740740739 0.01927083333333333
0 0.5125 0.7828125 0.0657407407407408 0.027083333333333393
0 0.1884259259259259 0.6932291666666666 0.05092592592592593 0.034375
0 0.3884259259259259 0.7848958333333332 0.030555555555555555 0.03437499999999991
0 0.24861111111111112 0.13177083333333334 0.054629629629629604 0.03125
0 0.4736111111111111 0.04348958333333333 0.058333333333333334 0.03177083333333334
0 0.7703703703703704 0.2703125 0.05 0.030208333333333302
0 0.6333333333333333 0.35651041666666666 0.035185185185185236 0.0296875
0 0.7023148148148147 0.15885416666666666 0.06574074074074071 0.030208333333333347
0 0.3537037037037037 0.0041666666666666675 0.03703703703703706 0.007291666666666666
0 0.2638888888888889 0.015104166666666665 0.044444444444444446 0.03020833333333333
0 0.1875 0.7942708333333333 0.04722222222222222 0.018749999999999913
0 0.3074074074074074 0.005208333333333333 0.04629629629629627 0.009375
0 0.2384259259259259 0.80625 0.041666666666666664 0.027083333333333303