0 0.4927545303746362 0.5426966292134832 0.03204907514631788 0.029213483146067355
0 0.378579700165879 0.5525280898876404 0.030046007949672972 0.024157303370786566
0 0.2093205220493881 0.32134831460674157 0.0320490751463178 0.026966292134831437
0 0.22734812681919186 0.9410112359550562 0.028042940753028062 0.022471910112359696
0 0.8247629182185221 0.38960674157303365 0.06109354949766831 0.023033707865168472
0 0.32349535225814524 0.6985955056179776 0.0540828143094113 0.027528089887640484
0 0.5618603486588839 0.6946629213483145 0.044067478326187 0.03876404494382015
0 0.5894025226127507 0.32078651685393256 0.06309661669431323 0.04719101123595504
0 0.2083189884510657 0.5342696629213484 0.042064411129542095 0.025842696629213437
0 0.367062063785171 0.402808988764045 0.07110888548089253 0.022471910112359515
0 0.5483396450815311 0.7275280898876404 0.03505367594128516 0.026966292134831527
0 0.4286563800820006 0.3143258426966292 0.044067478326187 0.03876404494382024
0 0.5979155581984914 0.797752808988764 0.034052142342962624 0.034831460674157454
0 0.3815843009608463 0.423876404494382 0.04607054552283175 0.02977528089887649
0 0.10415949422553285 0.5985955056179775 0.0380582767362524 0.03876404494382015
0 0.22985196081499795 0.7126404494382023 0.04306594472786455 0.03314606741573041
0 0.9189070764608307 0.3387640449438202 0.0570874151043785 0.030337078651685355
0 0.8347782542017465 0.7424157303370786 0.04907514631779919 0.02528089887640448
0 0.42214641169290473 0.5556179775280898 0.04306594472786447 0.03258426966292127
0 0.15523770773997683 0.324438202247191 0.04406747832618696 0.03539325842696632
0 0.7125911552064098 0.6443820224719101 0.04506901192450938 0.030337078651685445
0 0.7371287283653093 0.27893258426966294 0.05408281430941138 0.04325842696629216
0 0.3410221902287878 0.24185393258426963 0.05909048230102341 0.036516853932584234
0 0.7175988231980218 0.6073033707865167 0.047072079121154124 0.030337078651685445
0 0.40061343932897253 0.8820224719101123 0.05808894870270103 0.0426966292134832
0 0.462207755625802 0.5544943820224719 0.047072079121154284 0.038202247191011195
0 0.5122844355419236 0.5865168539325842 0.055084347907733755 0.022471910112359515
0 0.4566993208350286 0.7064606741573034 0.05808894870270103 0.04213483146067407
0 0.6610121748928045 0.36179775280898874 0.06610121748928051 0.03146067415730336
0 0.25589183437138113 0.8300561797752808 0.03705674313792998 0.027528089887640307
0 0.6680229100810616 0.6070224719101123 0.0640981502926356 0.026404494382022393
0 0.455197020437545 0.651123595505618 0.05308128071108885 0.04382022471910112
0 0.8933679697036087 0.7297752808988764 0.05408281430941138 0.03258426966292127
0 0.4431786172576758 0.7615168539325843 0.047072079121154284 0.026404494382022393
0 0.3024631466933742 0.422752808988764 0.04807361271947666 0.032022471910112316
0 0.36055209539607525 0.5294943820224719 0.044067478326187 0.03539325842696624
0 0.3795812337642014 0.7556179775280898 0.050076679916121566 0.024719101123595523
0 0.364558229789365 0.32668539325842694 0.03204907514631788 0.032022471910112316
0 0.41213107570968044 0.627808988764045 0.03505367594128516 0.028651685393258398
0 0.3455290914212388 0.8089887640449438 0.06810428468592525 0.03258426966292127
0 0.5443335106882414 0.496067415730337 0.04306594472786447 0.030337078651685445
0 0.12018403179869175 0.5685393258426966 0.050076679916121566 0.024719101123595523
0 0.589903289411912 0.875561797752809 0.04607054552283191 0.023033707865168652
0 0.8372820881975525 0.2834269662921348 0.04807361271947681 0.039887640449438155
0 0.738631028762793 0.48174157303370785 0.05909048230102357 0.03876404494382015
0 0.19129291727958436 0.7828651685393259 0.042064411129542095 0.03539325842696624
0 0.534318174705017 0.3918539325842697 0.05308128071108885 0.044382022471910074
0 0.1727645457106194 0.7219101123595506 0.06309661669431314 0.025842696629213437
0 0.5964132578010077 0.4842696629213483 0.03905981033457481 0.03707865168539328
0 0.8788457325279333 0.3693820224719101 0.06309661669431306 0.03426966292134832
0 0.7306187599762135 0.41039325842696633 0.047072079121154124 0.027528089887640484
0 0.4306594472786454 0.4831460674157303 0.05808894870270103 0.024719101123595523
0 0.5007667991612156 0.43623595505617974 0.05207974711276647 0.02977528089887649
0 0.7496478983443398 0.3800561797752809 0.04506901192450938 0.03314606741573032
0 0.3986103721323276 0.6935393258426966 0.060092015899345944 0.026404494382022393
0 0.7902100090763983 0.2696629213483146 0.042064411129542255 0.038202247191011195
0 0.21332665644267784 0.44466292134831453 0.042064411129542095 0.03539325842696624
0 0.5333166411066946 0.5351123595505618 0.05308128071108885 0.03539325842696624
0 0.5808894870270102 0.722752808988764 0.05207974711276647 0.03764044943820224
0 0.21032205564771056 0.27837078651685393 0.044067478326187 0.03426966292134832
0 0.7786923726956901 0.35337078651685394 0.04907514631779919 0.022471910112359515
0 0.2463772651873181 0.36994382022471906 0.042064411129542095 0.028651685393258398
0 0.9284216456448937 0.41966292134831457 0.060092015899345944 0.030337078651685445
0 0.41914181089793745 0.7323033707865167 0.06309661669431323 0.028651685393258398
0 0.17927451409971518 0.42780898876404494 0.04807361271947674 0.03539325842696624
0 0.45920315483083474 0.4705056179775281 0.03705674313792991 0.02528089887640448
0 0.7576601671309192 0.6308988764044944 0.053081280711089 0.041573033707865116
0 0.6379769021313887 0.8741573033707866 0.04607054552283175 0.02921348314606753
0 0.6845482144533817 0.45168539325842694 0.07711808707082725 0.026966292134831527
0 0.27892710713279706 0.8469101123595506 0.03905981033457481 0.028651685393258575
0 0.14221777096178523 0.5042134831460674 0.05808894870270103 0.03426966292134832
0 0.6635160088886106 0.5716292134831461 0.06910581828424779 0.02977528089887649
0 0.7311195267753747 0.35112359550561795 0.04807361271947681 0.03146067415730336
0 0.19379675127539042 0.5646067415730337 0.055084347907733755 0.029213483146067355
0 0.5984163249976526 0.6162921348314606 0.051078213514443936 0.03707865168539328
0 0.7366279615661481 0.7202247191011236 0.051078213514443936 0.030337078651685445
0 0.5833933210228162 0.35196629213483144 0.055084347907733755 0.024157303370786476
0 0.6329692341397765 0.7915730337078651 0.044067478326187 0.03932584269662911
0 0.6880535820475102 0.2786516853932584 0.050076679916121566 0.024719101123595523
0 0.6985696848298957 0.671067415730337 0.06109354949766831 0.032022471910112316
0 0.8337767206034239 0.43370786516853926 0.06309661669431306 0.035955056179775194
0 0.6369753685330662 0.3901685393258427 0.05207974711276647 0.04101123595505616
0 0.8658257957497418 0.42191011235955056 0.051078213514443936 0.03483146067415728
0 0.19129291727958436 0.7421348314606742 0.056085881506056125 0.02808988764044944
0 0.6715282776751901 0.7047752808988764 0.051078213514443936 0.04325842696629216
0 0.3400206566304654 0.36404494382022473 0.04106287753121972 0.0393258426966292
0 0.9108948076742512 0.3098314606741573 0.055084347907733755 0.03426966292134832
0 0.9038840724859941 0.6969101123595506 0.0570874151043785 0.03764044943820224
0 0.28794090951769896 0.7185393258426966 0.04907514631779911 0.02359550561797761
0 0.7892084754780757 0.7235955056179775 0.04807361271947681 0.03258426966292127
0 0.257894901568026 0.44578651685393256 0.05308128071108885 0.02191011235955056
0 0.9469500172138587 0.373876404494382 0.04907514631779919 0.036516853932584234
0 0.6484930049137742 0.3205056179775281 0.051078213514443936 0.04213483146067416
0 0.141717004162624 0.8252808988764044 0.06309661669431318 0.02696629213483135
0 0.7416356295577603 0.6665730337078651 0.0570874151043785 0.02977528089887649
0 0.2543895339738975 0.426123595505618 0.05808894870270103 0.023033707865168472
0 0.5077775343494726 0.31685393258426964 0.028042940753028062 0.0202247191011236
0 0.5868986886169447 0.38286516853932584 0.060092015899345944 0.028651685393258398