0 0.5722222222222222 0.6557291666666666 0.04074074074074079 0.023958333333333394
0 0.2569444444444444 0.11692708333333332 0.05092592592592595 0.04114583333333334
0 0.46574074074074073 0.26328125 0.03888888888888889 0.027604166666666697
0 0.2134259259259259 0.0984375 0.04907407407407405 0.0375
0 0.35648148148148145 0.56796875 0.04259259259259258 0.031770833333333394
0 0.6587962962962963 0.12369791666666666 0.05277777777777778 0.03072916666666665
0 0.3814814814814814 0.053385416666666664 0.06111111111111111 0.03802083333333332
0 0.1759259259259259 0.9494791666666667 0.04074074074074074 0.029166666666666785
0 0.28888888888888886 0.13385416666666666 0.05 0.04166666666666665
0 0.21388888888888888 0.35572916666666665 0.03888888888888889 0.01875
0 0.2847222222222222 0.5520833333333333 0.045370370370370394 0.025
0 0.437037037037037 0.4151041666666666 0.05740740740740746 0.021875
0 0.4939814814814814 0.6182291666666666 0.034259259259259205 0.027083333333333393
0 0.18240740740740738 0.27604166666666663 0.06481481481481483 0.035416666666666693
0 0.13287037037037036 0.12942708333333333 0.04907407407407405 0.0421875
0 0.7111111111111111 0.6458333333333333 0.044444444444444446 0.03645833333333339
0 0.575462962962963 0.5065104166666666 0.05277777777777778 0.024479166666666607
0 0.4282407407407407 0.125 0.050925925925925875 0.027083333333333348
0 0.6990740740740741 0.05572916666666666 0.05370370370370365 0.055208333333333325
0 0.6754629629629629 0.7466145833333333 0.06944444444444445 0.022395833333333393
0 0.3162037037037037 0.14947916666666666 0.04351851851851849 0.03645833333333335
0 0.6129629629629629 0.28515625 0.044444444444444446 0.031770833333333304
0 0.30925925925925923 0.346875 0.05370370370370373 0.022916666666666696
0 0.26157407407407407 0.3223958333333333 0.05092592592592595 0.030208333333333302
0 0.6601851851851852 0.48125 0.035185185185185236 0.034375
0 0.39259259259259255 0.3669270833333333 0.05 0.024479166666666698
0 0.7722222222222223 0.5645833333333333 0.04629629629629619 0.02604166666666661
0 0.5287037037037037 0.15729166666666666 0.04259259259259254 0.027083333333333348
0 0.39768518518518514 0.15755208333333331 0.04537037037037032 0.02864583333333335
0 0.16712962962962963 0.6791666666666666 0.0398148148148148 0.03125
0 0.16111111111111112 0.46484375 0.06296296296296294 0.02864583333333339
0 0.5643518518518518 0.6338541666666666 0.08240740740740746 0.030208333333333393
0 0.3328703703703703 0.365625 0.05833333333333329 0.0322916666666667
0 0.812037037037037 0.6890625 0.042592592592592696 0.040625
0 0.13287037037037036 0.013802083333333331 0.04722222222222222 0.0265625
0 0.7689814814814814 0.98515625 0.06018518518518508 0.0296875
0 0.31666666666666665 0.5341145833333333 0.05370370370370373 0.024479166666666607
0 0.14259259259259258 0.6700520833333333 0.05 0.03802083333333339
0 0.3375 0.024739583333333332 0.041666666666666664 0.0296875
0 0.6560185185185184 0.69296875 0.0657407407407408 0.027604166666666607
0 0.2111111111111111 0.59453125 0.06481481481481484 0.0265625
0 0.3412037037037037 0.7158854166666666 0.04351851851851849 0.021354166666666608
0 0.43194444444444446 0.3885416666666667 0.03611111111111111 0.029166666666666695
0 0.6708333333333333 0.7729166666666666 0.07685185185185191 0.038541666666666606
0 0.5712962962962963 0.2169270833333333 0.059259259259259206 0.03385416666666667
0 0.18333333333333332 0.5528645833333333 0.0425925925925926 0.0265625
0 0.3296296296296296 0.63046875 0.05185185185185182 0.0296875
0 0.2185185185185185 0.0484375 0.06111111111111111 0.039583333333333325
0 0.2879629629629629 0.18125 0.05555555555555555 0.02395833333333335
0 0.2916666666666667 0.4677083333333333 0.05555555555555555 0.040625
0 0.21296296296296294 0.20625 0.05370370370370373 0.027083333333333327
0 0.4328703703703703 0.17682291666666666 0.04537037037037032 0.027604166666666652
0 0.2384259259259259 0.146875 0.06388888888888888 0.02604166666666665
0 0.6226851851851851 0.5442708333333333 0.04537037037037032 0.034375
0 0.3981481481481481 0.6166666666666666 0.051851851851851906 0.040625
0 0.22777777777777777 0.9390625 0.040740740740740716 0.033333333333333215
0 0.6143518518518518 0.17083333333333334 0.04537037037037032 0.02604166666666665
0 0.6300925925925925 0.5075520833333333 0.04537037037037032 0.021354166666666608
0 0.8277777777777777 0.6036458333333333 0.05 0.023958333333333394
0 0.34675925925925927 0.4885416666666666 0.062037037037037064 0.025
0 0.762037037037037 0.3104166666666667 0.04074074074074063 0.033333333333333305
0 0.624074074074074 0.01875 0.044444444444444446 0.03645833333333333
0 0.3949074074074074 0.5317708333333333 0.05462962962962968 0.028125
0 0.6819444444444445 0.7221354166666666 0.06018518518518516 0.0296875
0 0.3046296296296296 0.033854166666666664 0.05370370370370373 0.04270833333333333
0 0.24259259259259258 0.5130208333333333 0.04629629629629627 0.038541666666666606
0 0.7208333333333333 0.5432291666666667 0.07314814814814817 0.028125
0 0.6194444444444445 0.3450520833333333 0.06111111111111111 0.024479166666666698
0 0.2625 0.5354166666666667 0.05277777777777778 0.025
0 0.7421296296296295 0.3364583333333333 0.05277777777777778 0.0364583333333333
0 0.42407407407407405 0.10442708333333332 0.05555555555555555 0.024479166666666663
0 0.724537037037037 0.3622395833333333 0.04722222222222222 0.0380208333333333
0 0.24861111111111112 0.4463541666666666 0.03425925925925929 0.029166666666666608
0 0.637037037037037 0.8841145833333333 0.04259259259259254 0.034895833333333216
0 0.5740740740740741 0.17109375 0.05 0.03072916666666665
0 0.6152777777777778 0.4619791666666666 0.049074074074074124 0.021875
0 0.6310185185185185 0.14505208333333333 0.06018518518518524 0.03072916666666665
0 0.1388888888888889 0.23307291666666666 0.05740740740740738 0.028645833333333304
0 0.3055555555555556 0.06901041666666666 0.05925925925925928 0.028645833333333325
0 0.4129629629629629 0.07864583333333333 0.06666666666666667 0.038541666666666655
0 0.24074074074074073 0.4755208333333333 0.05185185185185182 0.019791666666666607
0 0.35648148148148145 0.08385416666666665 0.06296296296296297 0.04062499999999999
0 0.5009259259259259 0.18385416666666665 0.05 0.028125
0 0.5407407407407407 0.1984375 0.08333333333333333 0.030208333333333327
0 0.9347222222222222 0.2067708333333333 0.04907407407407397 0.034375
0 0.17777777777777778 0.2177083333333333 0.07592592592592594 0.025
0 0.6509259259259259 0.06223958333333333 0.06296296296296301 0.0328125
0 0.18564814814814815 0.0078125 0.05648148148148149 0.014583333333333332
0 0.6430555555555556 0.043229166666666666 0.05648148148148143 0.020833333333333325