0 0.3022750596420146 0.007775119617224881 0.052245072036891396 0.015550239234449762
0 0.5149871386493583 0.014952153110047847 0.07676826911543225 0.029904306220095694
0 0.3339206461329317 0.05266746411483254 0.05496394823472962 0.02772129186602872
0 0.08796364169476616 0.008971291866028708 0.06503978355613015 0.017942583732057416
0 0.1455398435313404 0.014354066985645933 0.05650997587663764 0.028708133971291867
0 0.19902173768175824 0.022894736842105263 0.059953885727232724 0.03684210526315791
0 0.21657181698231398 0.05651913875598086 0.07381482320640807 0.031226076555023918
0 0.07866615132411937 0.06597488038277513 0.06782263331156456 0.037523923444976084
0 0.12788314163479095 0.06811602870813396 0.0513387799709453 0.024282296650717728
0 0.13238261518572322 0.09403110047846892 0.09030933880662659 0.04248803827751195
0 0.21875758020018396 0.08976076555023924 0.07444389652277063 0.03254186602870812
0 0.28352014500673056 0.1159031100478469 0.06782263331156453 0.03858253588516747
0 0.08779304554117631 0.1370215311004785 0.05358851674641148 0.03668062200956941
0 0.061062760725566774 0.19500598086124404 0.0550812330903227 0.02443181818181821
0 0.11190041449534192 0.20225478468899522 0.06932601191507508 0.034025119617224854
0 0.04469619224054056 0.21433612440191388 0.05483600111953727 0.04066985645933015
0 0.37932054750703037 0.21083732057416266 0.08305900227905798 0.030867224880382692
0 0.1624182004771361 0.2867284688995215 0.0502085804534126 0.03271531100478473
0 0.16398555263824288 0.3134868421052631 0.06108408524476546 0.02457535885167461
0 0.3511508576455065 0.31678229665071767 0.06944329677066813 0.02695574162679426
0 0.32723540936412954 0.34773923444976074 0.050336527568605016 0.03563397129186594
0 0.2907598192746998 0.3924760765550239 0.05234103237328574 0.03751794258373202
0 0.11301995175327532 0.43308612440191385 0.05408964294758167 0.029754784688995173
0 0.2208793698604577 0.47534090909090904 0.051210832855752925 0.031590909090909135
0 0.18446775332862414 0.4936602870813397 0.05208513814290099 0.03809808612440193
0 0.09553384601031573 0.4989832535885167 0.06408018019218722 0.02632775119617232
0 0.11839373059135556 0.5187021531100477 0.047340432621183204 0.02162081339712927
0 0.09116231957457584 0.540944976076555 0.05283149631485652 0.027565789473684356
0 0.10814729911636524 0.5844258373205742 0.05682984366461866 0.024144736842105274
0 0.12582532553211337 0.6132476076555023 0.058461169383321576 0.04045454545454543
0 0.08604443496688034 0.6201854066985646 0.05009129559781958 0.036112440191387665
0 0.1405605682984366 0.6673444976076555 0.06594607562207622 0.02813397129186601
0 0.16954058988951232 0.6862200956937798 0.06095613812957308 0.02455143540669873
0 0.18590715837453853 0.7076555023923445 0.05621143260785542 0.02538875598086108
0 0.1299409577374685 0.755651913875598 0.052213085258093365 0.04430622009569376
0 0.09734643014220791 0.8015849282296651 0.061457264330743264 0.03598086124401902
0 0.15492263197878212 0.8126555023923444 0.04921699031067152 0.03569976076555044
0 0.1135850515120417 0.8336722488038278 0.052959443430048936 0.030083732057416414
0 0.21312790713171886 0.8490131578947369 0.06570084365129084 0.03694377990430624
0 0.14842931588276848 0.8961363636363636 0.05920752755527719 0.03520334928229687
0 0.07811171382495234 0.901877990430622 0.03297836894083779 0.024270334928229786
0 0.159731311058096 0.971531100478469 0.047585664591968634 0.02904904306220111
0 0.44346470125681375 0.8515909090909091 0.0567125588090256 0.024587320574162776
0 0.41829110634271166 0.7136064593301435 0.06307792778984679 0.03377990430622013
0 0.4505764284095907 0.6858313397129188 0.09343338086924062 0.03498205741626777
0 0.42216150657728146 0.6145992822966506 0.04533592781650244 0.03335526315789465
0 0.28201676640322 0.6217464114832535 0.04084711652516952 0.03923444976076542
0 0.24579707054417502 0.5885047846889953 0.05234103237328574 0.03791866028708135
0 0.28632431928136376 0.5808373205741627 0.03722194826138527 0.030287081339712786
0 0.24548786501579348 0.5436423444976077 0.0529594434300489 0.039688995215310996
0 0.5894310351721289 0.8105741626794257 0.06897415734829607 0.031202153110048057
0 0.7162799376257812 0.7474999999999999 0.07313243859204861 0.0469736842105263
0 0.8036251682637844 0.7654784688995215 0.053716463861604065 0.049880382775119615
0 0.6227079473817488 0.6557595693779905 0.06620196985246093 0.03145933014354067
0 0.6655062574136024 0.6232954545454545 0.05822659967213546 0.04352870813397143
0 0.5138782636510243 0.5375837320574163 0.056488651357438885 0.03151315789473692
0 0.392403140035452 0.5430263157894737 0.05268222468046535 0.02684210526315791
0 0.3284615692180565 0.5306818181818181 0.05302341698764512 0.05308612440191407
0 0.35982993695939014 0.512505980861244 0.0429795684450427 0.03190789473684212
0 0.6081539630286148 0.0919078947368421 0.06481587610454337 0.04416866028708135
0 0.6691527501965855 0.29234449760765546 0.0481720888699338 0.03678229665071768
0 0.5935893164158814 0.36601076555023926 0.049558182617851367 0.024700956937799036
0 0.45877570604150286 0.4215968899521531 0.06412282923058474 0.03478468899521534
0 0.4736815449614159 0.45250598086124405 0.07313243859204845 0.03826555023923443
0 0.592032626514374 0.4465011961722488 0.04991003718463022 0.030149521531100554
0 0.5809438765310339 0.4724461722488038 0.08317628713465103 0.029551435406698624
0 0.6301608668417055 0.5015071770334928 0.054068318428382924 0.035179425837320547
0 0.7653263317828631 0.4937320574162679 0.07763191214298076 0.035179425837320547
0 0.8455598352680891 0.49761961722488035 0.04747904199597502 0.035179425837320547
0 0.9665738161559888 0.48359375 0.06685236768802229 0.0359375
0 0.887494502272394 0.43921052631578944 0.046785995122016234 0.033845693779904276
0 0.7592914928496222 0.3347248803827751 0.04986738814623279 0.040962918660287076
0 0.7863523077128121 0.3489952153110048 0.036710159800615774 0.026848086124401947
0 0.8297157175034319 0.34243421052631573 0.045922352094467406 0.020287081339713
0 0.8289053857738802 0.3851614832535885 0.07795177993096174 0.03519736842105257
0 0.8863109914568645 0.39221291866028707 0.05674454558782379 0.03290071770334926
0 0.9676213831616265 0.3584270334928229 0.04971811651184185 0.044066985645933074
0 0.9846796657381616 0.3296875 0.03064066852367688 0.046875