0 0.23935185185185182 0.35572916666666665 0.04722222222222222 0.0364583333333333
0 0.6152777777777778 0.12265625 0.04537037037037032 0.03385416666666665
0 0.7532407407407407 0.91484375 0.041666666666666664 0.0359375
0 0.19675925925925924 0.24166666666666664 0.037962962962962955 0.021875
0 0.23657407407407405 0.3200520833333333 0.05277777777777778 0.021354166666666695
0 0.22453703703703703 0.7911458333333333 0.041666666666666664 0.029166666666666608
0 0.24490740740740738 0.2908854166666667 0.037962962962962934 0.031770833333333304
0 0.7106481481481481 0.4893229166666666 0.04351851851851849 0.0390625
0 0.6555555555555556 0.53671875 0.06666666666666667 0.02864583333333339
0 0.574537037037037 0.34869791666666666 0.05277777777777778 0.0234375
0 0.5717592592592592 0.49869791666666663 0.04537037037037032 0.0234375
0 0.17916666666666667 0.39921875 0.04537037037037038 0.0265625
0 0.3537037037037037 0.41276041666666663 0.04629629629629627 0.031770833333333345
0 0.487037037037037 0.8669270833333332 0.03888888888888889 0.034895833333333216
0 0.4925925925925925 0.46328125 0.035185185185185236 0.0265625
0 0.17129629629629628 0.11223958333333332 0.0648148148148148 0.0390625
0 0.39259259259259255 0.37526041666666665 0.05740740740740746 0.028645833333333304
0 0.31296296296296294 0.3786458333333333 0.05 0.025
0 0.8138888888888889 0.5325520833333333 0.044444444444444446 0.0421875
0 0.41944444444444445 0.02265625 0.044444444444444446 0.031770833333333325
0 0.6712962962962963 0.6169270833333333 0.08148148148148143 0.04010416666666661
0 0.7949074074074073 0.009114583333333332 0.03796296296296286 0.0171875
0 0.775 0.15130208333333334 0.044444444444444446 0.0390625
0 0.30648148148148147 0.18776041666666665 0.05555555555555555 0.025520833333333326
0 0.772685185185185 0.4059895833333333 0.04907407407407397 0.02864583333333335
0 0.4953703703703703 0.01614583333333333 0.05 0.029166666666666664
0 0.7689814814814814 0.8393229166666666 0.06018518518518508 0.0359375
0 0.4356481481481481 0.25625 0.06018518518518524 0.023958333333333304
0 0.28194444444444444 0.39713541666666663 0.045370370370370394 0.024479166666666698
0 0.6597222222222222 0.32135416666666666 0.03796296296296302 0.034375
0 0.28518518518518515 0.02291666666666667 0.05740740740740738 0.026041666666666664
0 0.6148148148148148 0.3028645833333333 0.051851851851851906 0.022395833333333302
0 0.9361111111111111 0.039322916666666666 0.051851851851851746 0.03697916666666667
0 0.5115740740740741 0.7888020833333332 0.041666666666666664 0.035937499999999914
0 0.6222222222222222 0.3864583333333333 0.044444444444444446 0.03541666666666665
0 0.6819444444444445 0.5666666666666667 0.062037037037037064 0.029166666666666608
0 0.7430555555555556 0.17447916666666666 0.05277777777777778 0.03645833333333335
0 0.3273148148148148 0.4776041666666666 0.054629629629629604 0.027083333333333393
0 0.4046296296296296 0.19635416666666666 0.05370370370370365 0.029166666666666674
0 0.2611111111111111 0.15703125 0.05555555555555555 0.03072916666666665
0 0.20879629629629626 0.04609375 0.05648148148148151 0.030729166666666658
0 0.5972222222222222 0.7940104166666666 0.04814814814814809 0.0328125
0 0.3449074074074074 0.3265625 0.06388888888888888 0.026041666666666696
0 0.5625 0.7604166666666666 0.041666666666666664 0.04375
0 0.399074074074074 0.4611979166666666 0.05555555555555555 0.041145833333333395
0 0.17175925925925925 0.8015625 0.041666666666666664 0.029166666666666695
0 0.4305555555555556 0.22916666666666666 0.03888888888888889 0.029166666666666695
0 0.4546296296296296 0.09635416666666666 0.04074074074074079 0.02812499999999999
0 0.2879629629629629 0.3122395833333333 0.05555555555555555 0.041145833333333305
0 0.5078703703703703 0.8919270833333333 0.04537037037037032 0.0265625
0 0.562037037037037 0.47890625 0.07962962962962969 0.027604166666666607
0 0.22083333333333333 0.8177083333333333 0.03611111111111111 0.029166666666666785
0 0.6217592592592592 0.8481770833333332 0.04722222222222222 0.04010416666666679
0 0.1574074074074074 0.30859375 0.06296296296296297 0.031770833333333304
0 0.20787037037037034 0.44140625 0.06203703703703704 0.024479166666666607
0 0.5643518518518518 0.04791666666666666 0.06203703703703699 0.0375
0 0.7319444444444444 0.9421875 0.04351851851851849 0.033333333333333215
0 0.6023148148148147 0.15546875 0.06388888888888888 0.0296875
0 0.724074074074074 0.19895833333333332 0.048148148148148176 0.04166666666666665
0 0.9162037037037036 0.94609375 0.04722222222222222 0.04010416666666679
0 0.8277777777777777 0.4447916666666666 0.051851851851851746 0.02604166666666661
0 0.13657407407407407 0.5182291666666666 0.050925925925925916 0.03541666666666661
0 0.6324074074074074 0.73203125 0.04629629629629635 0.0328125
0 0.6754629629629628 0.5932291666666666 0.07499999999999993 0.022916666666666606
0 0.5837962962962963 0.7276041666666666 0.06018518518518524 0.02083333333333339
0 0.7203703703703703 0.3841145833333333 0.07407407407407404 0.030729166666666696
0 0.16111111111111112 0.5263020833333333 0.04074074074074074 0.0296875
0 0.4 0.005208333333333333 0.04629629629629635 0.010416666666666666
0 0.3171296296296296 0.0046875 0.03425925925925929 0.008333333333333331
0 0.1361111111111111 0.075 0.05925925925925925 0.033333333333333326
0 0.1726851851851852 0.058854166666666666 0.07870370370370369 0.028125
0 0.6282407407407408 0.34869791666666666 0.04537037037037032 0.021354166666666695
0 0.33287037037037037 0.2091145833333333 0.062037037037037064 0.0328125
0 0.5777777777777777 0.0125 0.05740740740740746 0.025
0 0.25833333333333336 0.3794270833333333 0.05555555555555555 0.025520833333333305
0 0.3356481481481481 0.5640625 0.04722222222222218 0.019791666666666607
0 0.5324074074074073 0.03619791666666666 0.07407407407407413 0.0296875