0 0.32175925925925924 0.23984375 0.08425925925925928 0.0630208333333333
0 0.12083333333333333 0.11588541666666666 0.04722222222222222 0.03802083333333334
0 0.46111111111111114 0.5096354166666666 0.04074074074074079 0.024479166666666607
0 0.2796296296296296 0.4302083333333333 0.04629629629629627 0.034375
0 0.46342592592592585 0.4809895833333333 0.04537037037037032 0.025520833333333392
0 0.22175925925925924 0.5739583333333333 0.04351851851851849 0.033333333333333395
0 0.6138888888888889 0.67578125 0.03888888888888889 0.02864583333333339
0 0.47870370370370363 0.34713541666666664 0.05370370370370365 0.0265625
0 0.4 0.1703125 0.044444444444444446 0.03125
0 0.5439814814814814 0.3052083333333333 0.049074074074074124 0.040625
0 0.3675925925925925 0.2138020833333333 0.07222222222222222 0.0671875
0 0.6037037037037036 0.328125 0.08148148148148143 0.030208333333333302
0 0.2833333333333333 0.6052083333333333 0.06296296296296294 0.025
0 0.7412037037037037 0.5729166666666666 0.062037037037037064 0.023958333333333394
0 0.3324074074074074 0.01328125 0.044444444444444446 0.025520833333333326
0 0.7740740740740739 0.25703125 0.051851851851851746 0.025520833333333305
0 0.3023148148148148 0.19010416666666666 0.039814814814814845 0.028125
0 0.5574074074074074 0.2184895833333333 0.07407407407407413 0.031770833333333304
0 0.3509259259259259 0.15182291666666664 0.05185185185185182 0.027604166666666652
0 0.7310185185185184 0.4893229166666666 0.04722222222222222 0.0296875
0 0.7800925925925926 0.6315104166666666 0.03796296296296286 0.031770833333333394
0 0.8842592592592592 0.6794270833333333 0.0574074074074073 0.0234375
0 0.20972222222222223 0.4153645833333333 0.06018518518518516 0.025520833333333392
0 0.9166666666666666 0.12760416666666666 0.042592592592592696 0.038541666666666655
0 0.1921296296296296 0.253125 0.05277777777777778 0.021875
0 0.2634259259259259 0.315625 0.05648148148148151 0.025
0 0.6129629629629629 0.49765625 0.051851851851851906 0.031770833333333394
0 0.29398148148148145 0.2830729166666667 0.04722222222222222 0.0401041666666667
0 0.6217592592592592 0.553125 0.03796296296296302 0.044791666666666605
0 0.7657407407407406 0.4380208333333333 0.059259259259259366 0.03229166666666661
0 0.15555555555555556 0.2684895833333333 0.044444444444444446 0.0265625
0 0.6856481481481481 0.51875 0.054629629629629604 0.03229166666666661
0 0.8884259259259258 0.5731770833333333 0.05462962962962952 0.025520833333333392
0 0.2546296296296296 0.15494791666666666 0.06851851851851849 0.0265625
0 0.44305555555555554 0.2796875 0.049074074074074124 0.033333333333333305
0 0.7935185185185184 0.5309895833333333 0.042592592592592696 0.030729166666666606
0 0.27824074074074073 0.6231770833333333 0.062037037037037064 0.021354166666666608
0 0.18009259259259258 0.16953125 0.04351851851851851 0.02864583333333335
0 0.1537037037037037 0.5794270833333333 0.05555555555555555 0.022395833333333393
0 0.4666666666666667 0.04427083333333333 0.04629629629629635 0.03749999999999999
0 0.14027777777777778 0.07395833333333332 0.06203703703703702 0.03645833333333333
0 0.14722222222222223 0.22760416666666666 0.05740740740740738 0.027083333333333303
0 0.2060185185185185 0.209375 0.05092592592592595 0.03541666666666667
0 0.13657407407407407 0.4328125 0.058333333333333334 0.03645833333333339
0 0.6648148148148147 0.4859375 0.05 0.03541666666666661
0 0.5689814814814814 0.5106770833333333 0.049074074074074124 0.03385416666666661
0 0.25879629629629625 0.19192708333333333 0.05277777777777778 0.027604166666666652
0 0.5819444444444445 0.0171875 0.06203703703703699 0.034375
0 0.7199074074074073 0.6377604166666666 0.039814814814814845 0.04427083333333339
0 0.7467592592592592 0.6328125 0.03796296296296286 0.03645833333333339
0 0.6537037037037037 0.5307291666666666 0.06296296296296301 0.02604166666666661
0 0.5773148148148147 0.5309895833333333 0.06018518518518524 0.0140625
0 0.5217592592592593 0.004166666666666667 0.03611111111111111 0.008333333333333333