0 0.6125 0.3395833333333333 0.041666666666666664 0.0322916666666667
0 0.2152777777777778 0.10104166666666665 0.058333333333333334 0.038541666666666655
0 0.2564814814814815 0.17213541666666665 0.048148148148148176 0.04114583333333335
0 0.39768518518518514 0.2130208333333333 0.04537037037037032 0.029166666666666674
0 0.5263888888888889 0.04192708333333333 0.05462962962962968 0.03697916666666666
0 0.5356481481481481 0.21953125 0.03796296296296302 0.027604166666666697
0 0.28518518518518515 0.6052083333333333 0.044444444444444446 0.023958333333333394
0 0.6583333333333333 0.18125 0.04814814814814809 0.028125
0 0.43333333333333335 0.18046875 0.05 0.0234375
0 0.5648148148148148 0.6869791666666666 0.08148148148148143 0.03125
0 0.46759259259259256 0.32421875 0.03888888888888889 0.031770833333333304
0 0.7416666666666667 0.39166666666666666 0.05 0.035416666666666693
0 0.5722222222222222 0.7083333333333333 0.04259259259259254 0.023958333333333394
0 0.6333333333333333 0.01328125 0.04814814814814809 0.0265625
0 0.2134259259259259 0.26119791666666664 0.054629629629629604 0.027604166666666697
0 0.7097222222222223 0.69921875 0.04351851851851849 0.036979166666666605
0 0.13194444444444445 0.0640625 0.04537037037037036 0.03645833333333333
0 0.1638888888888889 0.03020833333333333 0.05 0.023958333333333335
0 0.8111111111111111 0.7424479166666667 0.042592592592592696 0.0390625
0 0.18194444444444444 0.3296875 0.06388888888888888 0.034375
0 0.21388888888888888 0.15442708333333333 0.048148148148148176 0.0328125
0 0.5759259259259258 0.56015625 0.051851851851851906 0.022395833333333393
0 0.2435185185185185 0.5651041666666666 0.04629629629629627 0.0375
0 0.49351851851851847 0.6700520833333333 0.03333333333333333 0.027604166666666607
0 0.2421296296296296 0.52734375 0.05092592592592595 0.0203125
0 0.6967592592592592 0.11276041666666665 0.05277777777777778 0.053645833333333316
0 0.49444444444444446 0.23307291666666666 0.04814814814814809 0.0265625
0 0.24953703703703703 0.5 0.037962962962962934 0.033333333333333395
0 0.7712962962962961 0.6190104166666666 0.04814814814814825 0.0265625
0 0.3574074074074074 0.1390625 0.06111111111111111 0.038541666666666655
0 0.18611111111111112 0.052864583333333326 0.05555555555555555 0.031770833333333325
0 0.34444444444444444 0.5416666666666666 0.0648148148148148 0.025
0 0.399074074074074 0.6692708333333333 0.05 0.04166666666666661
0 0.6222222222222222 0.5979166666666667 0.044444444444444446 0.034375
0 0.4259259259259259 0.15963541666666664 0.05370370370370365 0.022395833333333347
0 0.624074074074074 0.07447916666666667 0.04259259259259254 0.039583333333333325
0 0.3106481481481481 0.03802083333333332 0.07129629629629627 0.031249999999999993
0 0.21203703703703702 0.64609375 0.06111111111111111 0.027604166666666607
0 0.14074074074074072 0.2880208333333333 0.05740740740740742 0.030208333333333302
0 0.5384259259259259 0.25494791666666666 0.08240740740740746 0.027604166666666697
0 0.42777777777777776 0.2364583333333333 0.044444444444444446 0.027083333333333303
0 0.1763888888888889 0.99140625 0.039814814814814824 0.016145833333333214
0 0.32037037037037036 0.5856770833333333 0.05185185185185182 0.0265625
0 0.24953703703703703 0.36979166666666663 0.04351851851851849 0.028125
0 0.610648148148148 0.4015625 0.0657407407407408 0.021875
0 0.18472222222222223 0.60546875 0.04351851851851851 0.0265625
0 0.41342592592592586 0.13619791666666664 0.06388888888888888 0.03697916666666665
0 0.16296296296296295 0.5171875 0.06111111111111109 0.030208333333333393
0 0.4384259259259259 0.022135416666666668 0.06203703703703699 0.043229166666666666
0 0.3953703703703703 0.5841145833333333 0.05370370370370365 0.0265625
0 0.38240740740740736 0.11067708333333333 0.06111111111111111 0.03697916666666665
0 0.5708333333333333 0.2723958333333333 0.058333333333333334 0.0322916666666667
0 0.6597222222222222 0.53515625 0.03611111111111111 0.03385416666666661
0 0.6717592592592592 0.8260416666666666 0.075 0.038541666666666786
0 0.6287037037037037 0.2013020833333333 0.06111111111111111 0.0296875
0 0.16805555555555557 0.7307291666666667 0.039814814814814824 0.029166666666666608
0 0.6148148148148148 0.51640625 0.05 0.021354166666666608
0 0.34907407407407404 0.015104166666666669 0.044444444444444446 0.029166666666666664
0 0.3421296296296296 0.76640625 0.041666666666666664 0.022395833333333393
0 0.1449074074074074 0.7213541666666666 0.050925925925925916 0.038541666666666606
0 0.6555555555555556 0.7453125 0.06666666666666667 0.029166666666666608
0 0.3856481481481481 0.007552083333333332 0.03796296296296302 0.0140625
0 0.5981481481481481 0.007291666666666666 0.04259259259259254 0.013541666666666669
0 0.21435185185185182 0.38125 0.03611111111111111 0.017708333333333305
0 0.3375 0.08072916666666666 0.0398148148148148 0.028125
0 0.13518518518518519 0.18385416666666665 0.048148148148148134 0.04166666666666667
0 0.28888888888888886 0.2359375 0.05370370370370373 0.020833333333333304
0 0.3300925925925926 0.6822916666666666 0.04907407407407405 0.028125
0 0.3560185185185185 0.6205729166666666 0.04351851851851853 0.030729166666666606
0 0.6824074074074074 0.7755208333333333 0.06111111111111103 0.03125
0 0.9333333333333333 0.2638020833333333 0.04814814814814825 0.0328125
0 0.6754629629629629 0.7986979166666666 0.06944444444444445 0.0234375
0 0.6143518518518518 0.22526041666666666 0.04537037037037032 0.025520833333333305
0 0.7828703703703703 0.36875 0.041666666666666664 0.034375
0 0.3055555555555556 0.0890625 0.05185185185185182 0.04166666666666665
0 0.4375 0.4690104166666666 0.06203703703703699 0.021354166666666608
0 0.4337962962962963 0.4421875 0.034259259259259205 0.023958333333333394
0 0.7208333333333333 0.5981770833333333 0.075 0.031770833333333394
0 0.30694444444444446 0.12552083333333333 0.06574074074074071 0.028125
0 0.8263888888888888 0.6567708333333333 0.050925925925926034 0.02604166666666661
0 0.17731481481481481 0.271875 0.075 0.023958333333333304
0 0.26296296296296295 0.5872395833333333 0.05370370370370373 0.025520833333333392
0 0.30925925925925923 0.4015625 0.05370370370370373 0.02395833333333335
0 0.29212962962962963 0.51953125 0.05648148148148151 0.0421875
0 0.3819444444444444 0.4203125 0.050925925925925875 0.02604166666666661
0 0.23796296296296293 0.2013020833333333 0.06111111111111111 0.024479166666666673
0 0.2902777777777778 0.1890625 0.05092592592592595 0.039583333333333325
0 0.6277777777777778 0.5606770833333333 0.044444444444444446 0.021354166666666608
0 0.724074074074074 0.41666666666666663 0.04629629629629627 0.03645833333333335
0 0.3162037037037037 0.20442708333333331 0.045370370370370394 0.03489583333333333
0 0.33425925925925926 0.4197916666666666 0.05185185185185182 0.030208333333333393
0 0.6402777777777777 0.1015625 0.058333333333333334 0.02395833333333334
0 0.649537037037037 0.11953125 0.06203703703703699 0.0296875
0 0.6430555555555556 0.9260416666666667 0.02870370370370365 0.017708333333333215