0 0.5699074074074074 0.3247395833333333 0.058333333333333334 0.031770833333333304
0 0.20555555555555555 0.4177083333333333 0.03518518518518516 0.019791666666666607
0 0.5310185185185184 0.2692708333333333 0.03981481481481476 0.027083333333333303
0 0.4699074074074074 0.3786458333333333 0.03796296296296302 0.0322916666666667
0 0.611574074074074 0.39166666666666666 0.041666666666666664 0.0322916666666667
0 0.7083333333333334 0.7489583333333333 0.04629629629629627 0.0375
0 0.28564814814814815 0.6546875 0.04351851851851849 0.023958333333333394
0 0.3981481481481481 0.2653645833333333 0.044444444444444446 0.028645833333333304
0 0.13194444444444445 0.1171875 0.04537037037037036 0.036458333333333336
0 0.6236111111111111 0.12786458333333334 0.041666666666666664 0.03802083333333335
0 0.4305555555555556 0.23385416666666664 0.05 0.023958333333333304
0 0.6143518518518518 0.278125 0.04537037037037032 0.026041666666666696
0 0.37222222222222223 0.4861979166666666 0.05 0.024479166666666607
0 0.5638888888888889 0.7361979166666666 0.07962962962962969 0.031770833333333394
0 0.21435185185185182 0.3130208333333333 0.054629629629629604 0.027083333333333303
0 0.7699074074074073 0.66953125 0.04722222222222222 0.0265625
0 0.2185185185185185 0.15625 0.05925925925925928 0.03645833333333335
0 0.49351851851851847 0.7192708333333333 0.03333333333333333 0.027083333333333393
0 0.24444444444444444 0.6143229166666666 0.044444444444444446 0.03802083333333339
0 0.5726851851851852 0.7578125 0.041666666666666664 0.025
0 0.43796296296296294 0.5197916666666667 0.059259259259259206 0.021875
0 0.8092592592592592 0.7921875 0.044444444444444446 0.039583333333333304
0 0.6962962962962963 0.1671875 0.05370370370370365 0.05104166666666665
0 0.6328703703703703 0.06588541666666667 0.049074074074074124 0.028645833333333325
0 0.4444444444444444 0.07760416666666667 0.05370370370370365 0.04375
0 0.1648148148148148 0.08203125 0.048148148148148155 0.024479166666666673
0 0.2421296296296296 0.5768229166666666 0.05092592592592595 0.0203125
0 0.6212962962962962 0.6481770833333333 0.044444444444444446 0.03489583333333339
0 0.3046296296296296 0.14270833333333333 0.05185185185185182 0.040625
0 0.17037037037037037 0.778125 0.04074074074074074 0.030208333333333393
0 0.34629629629629627 0.5927083333333333 0.06296296296296297 0.02604166666666661
0 0.574537037037037 0.61015625 0.05277777777777778 0.0234375
0 0.399074074074074 0.7184895833333333 0.05 0.0421875
0 0.3574074074074074 0.06588541666666667 0.048148148148148134 0.0390625
0 0.14259259259259258 0.3388020833333333 0.05925925925925925 0.0296875
0 0.18333333333333332 0.38046875 0.06481481481481483 0.0338541666666667
0 0.7407407407407406 0.4434895833333333 0.051851851851851746 0.03489583333333339
0 0.2134259259259259 0.6950520833333333 0.06018518518518516 0.0265625
0 0.6694444444444444 0.8747395833333332 0.07777777777777778 0.04010416666666679
0 0.2569444444444444 0.22447916666666665 0.04907407407407405 0.040625
0 0.42777777777777776 0.2880208333333333 0.044444444444444446 0.026041666666666696
0 0.1638888888888889 0.56640625 0.06111111111111111 0.030729166666666606
0 0.25046296296296294 0.5497395833333333 0.037962962962962934 0.03385416666666661
0 0.38379629629629625 0.16328125 0.06388888888888888 0.03697916666666665
0 0.21435185185185182 0.2059895833333333 0.04907407407407405 0.0328125
0 0.14768518518518517 0.7690104166666666 0.04907407407407409 0.04010416666666661
0 0.6532407407407407 0.23385416666666664 0.058333333333333334 0.029166666666666695
0 0.4953703703703703 0.28854166666666664 0.04814814814814809 0.025
0 0.6138888888888889 0.5666666666666667 0.05 0.021875
0 0.18703703703703703 0.6536458333333333 0.0425925925925926 0.027083333333333393
0 0.41388888888888886 0.18932291666666665 0.06481481481481476 0.0359375
0 0.33055555555555555 0.73125 0.048148148148148176 0.028125
0 0.424537037037037 0.21354166666666666 0.05277777777777778 0.022916666666666696
0 0.6587962962962963 0.5859375 0.03611111111111111 0.034375
0 0.6814814814814815 0.8247395833333332 0.06111111111111111 0.031770833333333214
0 0.13564814814814813 0.23671875 0.04722222222222222 0.0401041666666667
0 0.6754629629629629 0.8481770833333332 0.06944444444444445 0.0234375
0 0.5324074074074073 0.12135416666666665 0.06111111111111111 0.03229166666666665
0 0.7189814814814814 0.6481770833333333 0.075 0.03385416666666661
0 0.7078703703703704 0.01015625 0.07870370370370373 0.01927083333333333
0 0.7930555555555555 0.4190104166666666 0.043518518518518415 0.03489583333333339
0 0.6069444444444444 0.4645833333333333 0.0657407407407408 0.021875
0 0.6041666666666666 0.051041666666666666 0.050925925925925875 0.039583333333333325
0 0.31990740740740736 0.6356770833333333 0.04907407407407405 0.0265625
0 0.3953703703703703 0.63359375 0.05370370370370365 0.027604166666666607
0 0.9310185185185185 0.3177083333333333 0.04907407407407397 0.0322916666666667
0 0.3560185185185185 0.6703125 0.04351851851851853 0.03125
0 0.18703703703703703 0.10546875 0.05370370370370371 0.03072916666666665
0 0.2893518518518518 0.28776041666666663 0.05648148148148151 0.021354166666666695
0 0.3379629629629629 0.13307291666666665 0.04259259259259258 0.027604166666666652
0 0.2384259259259259 0.2536458333333333 0.058333333333333334 0.023958333333333304
0 0.5384259259259259 0.3065104166666667 0.08240740740740746 0.027604166666666697
0 0.825 0.7075520833333333 0.05 0.025520833333333392
0 0.34398148148148144 0.8127604166666667 0.04166666666666663 0.027604166666666697
0 0.26620370370370366 0.4276041666666666 0.05092592592592595 0.028125
0 0.2935185185185185 0.5692708333333333 0.05555555555555555 0.04166666666666661
0 0.6550925925925926 0.7947916666666666 0.0657407407407408 0.029166666666666695
0 0.41388888888888886 0.059114583333333325 0.04814814814814809 0.0296875
0 0.43194444444444446 0.49296875 0.03981481481481476 0.025520833333333392
0 0.3055555555555556 0.17942708333333332 0.06481481481481484 0.0265625
0 0.3560185185185185 0.19114583333333332 0.06203703703703702 0.038541666666666655
0 0.312037037037037 0.09192708333333333 0.07222222222222222 0.028645833333333336
0 0.17824074074074073 0.3231770833333333 0.07314814814814816 0.0234375
0 0.6282407407407408 0.2544270833333333 0.06388888888888888 0.028645833333333304
0 0.2893518518518518 0.2403645833333333 0.04907407407407405 0.0390625
0 0.3111111111111111 0.45234375 0.05185185185185182 0.0234375
0 0.7226851851851851 0.4692708333333333 0.04722222222222222 0.03645833333333339
0 0.6263888888888889 0.6109375 0.04722222222222222 0.021875
0 0.2625 0.6364583333333333 0.054629629629629604 0.025
0 0.649074074074074 0.17317708333333331 0.06111111111111111 0.0296875
0 0.31666666666666665 0.25625 0.044444444444444446 0.033333333333333305
0 0.33611111111111114 0.4703125 0.05370370370370369 0.029166666666666608
0 0.5717592592592592 0.28151041666666665 0.04722222222222222 0.028645833333333304
0 0.6407407407407407 0.1546875 0.05740740740740746 0.021875