0 0.7486111111111111 0.13776041666666666 0.043518518518518415 0.03072916666666665
0 0.22361111111111112 0.7979166666666666 0.041666666666666664 0.028125
0 0.28148148148148144 0.2294270833333333 0.044444444444444446 0.0338541666666667
0 0.2648148148148148 0.0484375 0.04629629629629627 0.034375
0 0.5009259259259259 0.21354166666666666 0.06111111111111111 0.048958333333333326
0 0.6287037037037037 0.38229166666666664 0.044444444444444446 0.019791666666666697
0 0.49907407407407406 0.15963541666666664 0.05370370370370365 0.04322916666666665
0 0.8666666666666667 0.23567708333333331 0.04814814814814825 0.025520833333333305
0 0.17222222222222222 0.8940104166666666 0.044444444444444446 0.024479166666666784
0 0.39166666666666666 0.32421875 0.059259259259259206 0.031770833333333304
0 0.6203703703703703 0.21953125 0.05 0.027604166666666697
0 0.6717592592592592 0.2950520833333333 0.043518518518518574 0.0421875
0 0.1550925925925926 0.9130208333333332 0.041666666666666664 0.033333333333333215
0 0.19166666666666668 0.853125 0.03888888888888889 0.03229166666666679
0 0.7083333333333334 0.20494791666666665 0.048148148148148176 0.0390625
0 0.6986111111111111 0.06640625 0.07129629629629627 0.03802083333333332
0 0.3712962962962963 0.2091145833333333 0.05555555555555555 0.028645833333333325
0 0.30092592592592593 0.8208333333333332 0.03888888888888889 0.022916666666666786
0 0.45046296296296295 0.3911458333333333 0.06018518518518524 0.038541666666666655
0 0.5337962962962963 0.7169270833333333 0.041666666666666664 0.027604166666666607
0 0.32870370370370366 0.36432291666666666 0.040740740740740716 0.030729166666666696
0 0.22592592592592592 0.23697916666666666 0.05555555555555555 0.026041666666666696
0 0.42546296296296293 0.06302083333333333 0.030555555555555555 0.029166666666666657
0 0.4078703703703703 0.03802083333333333 0.043518518518518574 0.03854166666666666
0 0.45555555555555555 0.7130208333333333 0.037037037037036986 0.028125
0 0.5074074074074074 0.05755208333333332 0.044444444444444446 0.0453125
0 0.3898148148148148 0.7390625 0.03148148148148143 0.03541666666666661
0 0.8578703703703703 0.5752604166666666 0.058333333333333334 0.02864583333333339
0 0.6152777777777778 0.8372395833333333 0.050925925925925875 0.0265625
0 0.4875 0.27109375 0.04722222222222222 0.0265625
0 0.3625 0.7526041666666666 0.03611111111111111 0.029166666666666608
0 0.5486111111111112 0.7544270833333333 0.06388888888888888 0.024479166666666607
0 0.325 0.64453125 0.03888888888888889 0.027604166666666607
0 0.30694444444444446 0.34635416666666663 0.03611111111111111 0.029166666666666695
0 0.6342592592592592 0.11822916666666665 0.051851851851851906 0.0375
0 0.7930555555555555 0.12526041666666665 0.05277777777777778 0.046354166666666655
0 0.5134259259259258 0.7346354166666667 0.06944444444444445 0.027604166666666607
0 0.24861111111111112 0.3028645833333333 0.041666666666666664 0.0328125
0 0.7032407407407406 0.10416666666666666 0.06388888888888881 0.030208333333333337
0 0.5819444444444445 0.0075520833333333325 0.04722222222222222 0.015104166666666665
0 0.7541666666666667 0.10078125 0.04537037037037048 0.03697916666666665
0 0.5347222222222222 0.046614583333333334 0.030555555555555555 0.03072916666666666
0 0.5527777777777778 0.0890625 0.05555555555555555 0.028125
0 0.4666666666666667 0.060677083333333326 0.04074074074074079 0.03489583333333333
0 0.6356481481481481 0.30416666666666664 0.034259259259259205 0.03125
0 0.19675925925925924 0.346875 0.06018518518518516 0.022916666666666696
0 0.6763888888888889 0.3763020833333333 0.04537037037037032 0.0265625
0 0.28148148148148144 0.4627604166666666 0.027777777777777776 0.0171875
0 0.1763888888888889 0.084375 0.04907407407407405 0.029166666666666653
0 0.7722222222222223 0.21640625 0.05 0.031770833333333304
0 0.9240740740740739 0.21953125 0.05555555555555555 0.036979166666666695
0 0.15925925925925924 0.11822916666666665 0.0425925925925926 0.04479166666666665
0 0.44490740740740736 0.203125 0.06203703703703699 0.028125
0 0.4578703703703703 0.1359375 0.034259259259259205 0.03125
0 0.6027777777777777 0.19609375 0.04074074074074079 0.03489583333333333
0 0.28379629629629627 0.7315104166666666 0.062037037037037064 0.0265625
0 0.337037037037037 0.23203125 0.05185185185185182 0.027604166666666697
0 0.1898148148148148 0.796875 0.03888888888888889 0.0375
0 0.2810185185185185 0.771875 0.04722222222222222 0.028125
0 0.22916666666666666 0.8203125 0.06944444444444445 0.029166666666666785
0 0.23981481481481481 0.7588541666666666 0.040740740740740716 0.02604166666666661
0 0.22685185185185183 0.6760416666666667 0.03703703703703706 0.03229166666666661
0 0.18009259259259258 0.72578125 0.05092592592592593 0.031770833333333394
0 0.19120370370370368 0.6833333333333333 0.039814814814814824 0.03645833333333339
0 0.1884259259259259 0.6458333333333333 0.05277777777777778 0.03229166666666661
0 0.600462962962963 0.23697916666666666 0.050925925925925875 0.025
0 0.3851851851851852 0.7747395833333333 0.03888888888888889 0.022395833333333393
0 0.574537037037037 0.033854166666666664 0.05648148148148143 0.04166666666666667
0 0.46481481481481474 0.24348958333333331 0.06111111111111111 0.0296875
0 0.19675925925925924 0.021614583333333333 0.058333333333333334 0.0390625
0 0.20416666666666666 0.5591145833333333 0.058333333333333334 0.025520833333333392
0 0.22407407407407404 0.7380208333333333 0.05370370370370373 0.023958333333333394
0 0.42870370370370364 0.2674479166666667 0.05555555555555555 0.0265625
0 0.29814814814814816 0.7958333333333333 0.05185185185185182 0.02604166666666661
0 0.8231481481481481 0.21744791666666666 0.04629629629629619 0.031770833333333304
0 0.9328703703703703 0.18333333333333332 0.056481481481481584 0.038541666666666655
0 0.7370370370370369 0.16848958333333333 0.05740740740740738 0.0390625
0 0.7777777777777778 0.16328125 0.0574074074074073 0.03697916666666665
0 0.24444444444444444 0.26015625 0.05555555555555555 0.028645833333333304
0 0.35555555555555557 0.84453125 0.048148148148148134 0.0296875
0 0.20787037037037034 0.90546875 0.06018518518518516 0.030729166666666786
0 0.24537037037037035 0.08046875 0.05185185185185182 0.03385416666666665