0 0.21694595510751497 0.5989417989417989 0.03961621788919841 0.02433862433862437
0 0.3551310960781712 0.8664021164021163 0.036786488039969964 0.02275132275132279
0 0.1787446021429308 0.5455026455026455 0.05187838056918839 0.020105820105820092
0 0.3914459624766031 0.09153439153439154 0.06791351638148287 0.03703703703703702
0 0.5178405624088075 0.5261904761904762 0.07545946264609217 0.024867724867724837
0 0.21647433346597691 0.5335978835978835 0.05565135370149296 0.021693121693121674
0 0.20751352227675346 0.9677248677248678 0.03584324475689376 0.02433862433862437
0 0.3787121781550751 0.8346560846560847 0.04244594773842685 0.032275132275132276
0 0.8291108458239377 0.9687830687830686 0.041502704455350654 0.03386243386243386
0 0.21694595510751497 0.4677248677248677 0.041502704455350654 0.031746031746031814
0 0.161294601406022 0.6997354497354497 0.04904865071995995 0.023809523809523725
0 0.248072983449028 0.8013227513227512 0.0452756775876553 0.021693121693121854
0 0.3244756893781963 0.13624338624338622 0.0452756775876553 0.03650793650793651
0 0.24382838867518533 0.7788359788359788 0.036786488039969964 0.02433862433862437
0 0.23015136107058112 0.06455026455026455 0.04904865071995987 0.032804232804232815
0 0.3329648789258817 0.006349206349206349 0.056594596984569166 0.012698412698412698
0 0.32211758117050593 0.43280423280423275 0.03867297460612221 0.027513227513227535
0 0.682436515305596 0.14338624338624337 0.04810540743688375 0.030687830687830698
0 0.5381202929949448 0.5060846560846561 0.04244594773842685 0.028042328042328
0 0.681964893664058 0.05582010582010581 0.04716216415380754 0.04708994708994709
0 0.21788919839059112 0.007671957671957672 0.05848108355072141 0.015343915343915344
0 0.46501893855654297 0.01111111111111111 0.06225405668302598 0.02222222222222222
0 0.5541554288072393 0.5455026455026455 0.06508378653225443 0.025396825396825484
0 0.29570676924437367 0.6208994708994708 0.04433243430457918 0.02275132275132279
0 0.44662569453655804 0.15793650793650793 0.06319729996610218 0.040740740740740744
0 0.4574729922919338 0.5026455026455026 0.037729731323046 0.025396825396825484
0 0.8654257122223696 0.9251322751322751 0.04810540743688391 0.033333333333333215
0 0.18015946706754504 0.6558201058201057 0.03961621788919841 0.032275132275132276
0 0.20609865735213925 0.8955026455026454 0.04244594773842685 0.02804232804232818
0 0.955033824114604 0.8394179894179894 0.055651353701492885 0.040740740740740834
0 0.427760828875035 0.7240740740740741 0.06508378653225443 0.028042328042328
0 0.4051229900812074 0.808994708994709 0.06131081339994993 0.025396825396825307
0 0.9276797689053956 0.8613756613756614 0.0443324343045791 0.03703703703703702
0 0.2202473065982815 0.623015873015873 0.07640270592916829 0.026984126984127065
0 0.18723379169061619 0.9544973544973544 0.05187838056918839 0.02857142857142847
0 0.6060338093764277 0.006084656084656084 0.055651353701493045 0.012169312169312168
0 0.48860002063344676 0.035449735449735446 0.04716216415380754 0.030687830687830688
0 0.17780135885985468 0.4367724867724868 0.05376486713534068 0.033333333333333395
0 0.27448379537516027 0.24259259259259255 0.02641081192613222 0.020634920634920652
0 0.1457310872352655 0.7182539682539681 0.04810540743688375 0.03439153439153433
0 0.30042298565975445 0.11825396825396825 0.03867297460612221 0.034391534391534376
0 0.6437635406994737 0.06746031746031746 0.03867297460612221 0.033333333333333326
0 0.2777851468659268 0.526984126984127 0.06319729996610218 0.02645502645502642
0 0.4249310990258065 0.030423280423280418 0.05187838056918839 0.03121693121693121
0 0.3523013662289428 0.644973544973545 0.04999189400303607 0.029629629629629582
0 0.7810054383870539 0.8457671957671957 0.028297298492284465 0.02275132275132279
0 0.8630676040146792 0.8862433862433863 0.04904865071995995 0.030687830687830698
0 0.1792162237844689 0.5968253968253968 0.041502704455350654 0.03703703703703702
0 0.1811027103506212 0.47671957671957665 0.03961621788919841 0.03386243386243386
0 0.38390001621199393 0.5695767195767195 0.04338919102150306 0.021693121693121674
0 0.18723379169061619 0.12116402116402117 0.06508378653225451 0.027513227513227535
0 0.20138244093675847 0.7105820105820105 0.06131081339994986 0.027513227513227535
0 0.7522365182532312 0.8383597883597883 0.0424459477384267 0.03650793650793638
0 0.8739149017700549 0.3484126984126984 0.06131081339994978 0.031216931216931254
0 0.6234838101133365 0.6330687830687831 0.0528216238522646 0.028042328042328
0 0.23298109091980956 0.5537037037037036 0.043389191021502974 0.028042328042328
0 0.27448379537516027 0.5682539682539682 0.050935137286112195 0.027513227513227535
0 0.9342824718869287 0.9632275132275131 0.06508378653225458 0.033333333333333215
0 0.19619460287983964 0.3447089947089947 0.05848108355072141 0.028042328042328
0 0.36079055577662816 0.5468253968253969 0.04055946117227461 0.028042328042328
0 0.3895594759104508 0.5328042328042327 0.03584324475689376 0.03492063492063498
0 0.1834608185583116 0.9862433862433863 0.04433243430457918 0.027513227513227535
0 0.2876892013382264 0.5933862433862434 0.0641405432491783 0.028042328042328
0 0.6730040824748346 0.7994708994708994 0.046218920870731504 0.028571428571428647
0 0.6362175944348646 0.14973544973544972 0.046218920870731504 0.023280423280423256
0 0.17072703423678354 0.5211640211640212 0.05282162385226452 0.029629629629629582
0 0.6102784041502705 0.8547619047619047 0.041502704455350654 0.01851851851851869
0 0.763083816008607 0.9640211640211639 0.05470811041841684 0.02857142857142847
0 0.8154338182193335 0.8825396825396824 0.06319729996610218 0.03597883597883609
0 0.8140189532947192 0.8441798941798941 0.041502704455350654 0.02275132275132279
0 0.880517604751588 0.0037037037037037034 0.055651353701492885 0.007407407407407407
0 0.2386405506182665 0.026984126984126982 0.060367570116873735 0.03386243386243386
0 0.496145966898056 0.8947089947089946 0.04338919102150306 0.023280423280423436