0 0.32129629629629625 0.3921875 0.0851851851851852 0.05729166666666665
0 0.22175925925925924 0.7213541666666666 0.041666666666666664 0.033333333333333395
0 0.6138888888888889 0.8252604166666666 0.037037037037036986 0.0296875
0 0.2777777777777778 0.5786458333333333 0.04629629629629627 0.0375
0 0.36620370370370364 0.365625 0.06944444444444445 0.0666666666666667
0 0.46018518518518514 0.65859375 0.04074074074074079 0.025520833333333392
0 0.11990740740740741 0.26432291666666663 0.04722222222222222 0.0359375
0 0.6032407407407407 0.4763020833333333 0.08055555555555556 0.030729166666666606
0 0.5236111111111111 0.13645833333333332 0.049074074074074124 0.04375
0 0.5435185185185185 0.4572916666666666 0.04814814814814809 0.040625
0 0.7731481481481481 0.4096354166666666 0.051851851851851746 0.022395833333333347
0 0.46203703703703697 0.6307291666666666 0.04814814814814809 0.029166666666666608
0 0.1796296296296296 0.31796875 0.0425925925925926 0.028645833333333304
0 0.15555555555555556 0.41666666666666663 0.044444444444444446 0.02604166666666661
0 0.20879629629629626 0.5627604166666667 0.06018518518518516 0.025520833333333392
0 0.3018518518518518 0.33932291666666664 0.040740740740740716 0.027604166666666697
0 0.7319444444444444 0.6401041666666666 0.04722222222222222 0.03125
0 0.7421296296296295 0.7231770833333333 0.062037037037037064 0.0265625
0 0.4837962962962963 0.5098958333333333 0.050925925925925875 0.02604166666666661
0 0.6222222222222222 0.7033854166666667 0.03888888888888889 0.0453125
0 0.7791666666666667 0.7830729166666666 0.03796296296296286 0.03385416666666661
0 0.3967592592592592 0.31875 0.04722222222222222 0.03125
0 0.14629629629629629 0.3765625 0.05555555555555555 0.026041666666666696
0 0.43425925925925923 0.4302083333333333 0.04629629629629635 0.03229166666666661
0 0.6856481481481481 0.6692708333333333 0.054629629629629604 0.033333333333333395
0 0.3504629629629629 0.30182291666666666 0.050925925925925916 0.025520833333333305
0 0.13564814814814813 0.57890625 0.06018518518518516 0.03489583333333339
0 0.6138888888888889 0.6489583333333333 0.04814814814814809 0.030208333333333393
0 0.7652777777777777 0.5908854166666666 0.06018518518518508 0.03385416666666661
0 0.25416666666666665 0.30390625 0.06759259259259262 0.025520833333333305
0 0.2962962962962963 0.4328125 0.048148148148148176 0.040625
0 0.15416666666666667 0.7260416666666666 0.054629629629629604 0.021875
0 0.8828703703703703 0.8299479166666666 0.05462962962962952 0.027604166666666784
0 0.4638888888888889 0.19322916666666665 0.04629629629629635 0.038541666666666675
0 0.7925925925925925 0.6822916666666666 0.044444444444444446 0.03125
0 0.5574074074074074 0.36953125 0.07222222222222222 0.028645833333333304
0 0.2648148148148148 0.4645833333333333 0.06111111111111111 0.025
0 0.3300925925925926 0.15625 0.04907407407407405 0.03645833333333335
0 0.5796296296296296 0.16770833333333332 0.059259259259259206 0.028125
0 0.8875 0.7255208333333333 0.05462962962962952 0.027083333333333393
0 0.2787037037037037 0.771875 0.05555555555555555 0.019791666666666607
0 0.20694444444444443 0.35859375 0.05092592592592595 0.0338541666666667
0 0.5981481481481481 0.09765625 0.06666666666666667 0.03385416666666665
0 0.5208333333333334 0.09375 0.05648148148148143 0.03333333333333334
0 0.7462962962962962 0.7841145833333333 0.03703703703703714 0.03802083333333339
0 0.9152777777777777 0.2708333333333333 0.04907407407407397 0.0322916666666667
0 0.1398148148148148 0.22265625 0.06111111111111111 0.034895833333333307
0 0.2824074074074074 0.7528645833333333 0.05740740740740738 0.025520833333333392
0 0.25972222222222224 0.3411458333333333 0.05277777777777778 0.027083333333333303
0 0.1921296296296296 0.40104166666666663 0.05648148148148149 0.021875
0 0.5680555555555555 0.6598958333333333 0.04722222222222222 0.033333333333333395
0 0.7194444444444444 0.78828125 0.03888888888888889 0.046354166666666696
0 0.6662037037037036 0.63671875 0.050925925925925875 0.036979166666666605
0 0.5773148148148147 0.6802083333333333 0.06018518518518524 0.014583333333333393
0 0.6532407407407407 0.6807291666666666 0.06203703703703699 0.027083333333333393