0 0.9555555555555556 0.008072916666666666 0.03888888888888889 0.01614583333333333
0 0.8857777777777778 0.026869791666666663 0.06477777777777792 0.036145833333333335
0 0.8353333333333333 0.021541666666666664 0.07120370370370369 0.038984374999999995
0 0.6242407407407407 0.015296874999999998 0.04324074074074073 0.022578125
0 0.3515833333333333 0.04288541666666666 0.05366666666666669 0.03380208333333334
0 0.19502777777777777 0.08585937499999999 0.03750925925925925 0.029874999999999995
0 0.5015462962962962 0.06695833333333333 0.0566111111111111 0.022364583333333334
0 0.6198148148148148 0.08121874999999999 0.05349074074074072 0.027437500000000004
0 0.6111296296296296 0.11155208333333333 0.06946296296296295 0.03633333333333333
0 0.516824074074074 0.09490104166666666 0.07328703703703718 0.03526562499999999
0 0.2954074074074074 0.12190625 0.04375925925925925 0.03202604166666667
0 0.25788888888888883 0.13802083333333331 0.05210185185185184 0.03651562500000001
0 0.17817592592592593 0.14847395833333332 0.06287037037037035 0.024203125000000013
0 0.17366666666666666 0.18394791666666666 0.05383333333333332 0.02677083333333332
0 0.3186759259259259 0.18638541666666666 0.041675925925925915 0.04142187499999998
0 0.385537037037037 0.17027083333333332 0.039944444444444435 0.04240104166666665
0 0.41488888888888886 0.15469270833333332 0.04793518518518517 0.02590625000000002
0 0.4433703703703703 0.17696354166666667 0.050712962962962946 0.027458333333333362
0 0.5501759259259259 0.171296875 0.05661111111111126 0.03331770833333336
0 0.6522037037037036 0.136578125 0.0470648148148148 0.039484374999999974
0 0.7817499999999998 0.12705729166666666 0.049148148148147976 0.031187500000000014
0 0.850787037037037 0.126171875 0.04028703703703703 0.04701041666666668
0 0.9577592592592593 0.10493229166666666 0.07641666666666665 0.03481249999999999
0 0.8921203703703703 0.06674479166666666 0.05349074074074072 0.03463020833333333
0 0.6913611111111111 0.24621875 0.04375925925925925 0.04288020833333332
0 0.6474259259259258 0.276203125 0.0705092592592594 0.022750000000000003
0 0.47705555555555557 0.24377604166666664 0.05279629629629628 0.02822916666666666
0 0.3535833333333333 0.22048437499999998 0.038555555555555544 0.02169791666666665
0 0.311037037037037 0.22463541666666664 0.05418518518518517 0.02902083333333332
0 0.2738703703703703 0.24973437499999998 0.049324074074074055 0.018656249999999996
0 0.1872962962962963 0.224828125 0.044629629629629616 0.021598958333333317
0 0.20778703703703702 0.253203125 0.05783333333333331 0.04063020833333333
0 0.17192592592592593 0.254765625 0.0503611111111111 0.029692708333333328
0 0.34402777777777777 0.2559375 0.04375925925925925 0.03594270833333333
0 0.4907777777777777 0.30979687499999997 0.055916666666666656 0.03132812500000002
0 0.46976851851851853 0.3373125 0.05904629629629628 0.03263020833333341
0 0.7375555555555555 0.36411979166666664 0.059740740740740726 0.026661458333333332
0 0.8146666666666665 0.3761354166666666 0.05418518518518517 0.029192708333333338
0 0.6191203703703704 0.4216979166666667 0.07293518518518517 0.025562500000000023
0 0.4940740740740741 0.46405729166666665 0.05210185185185184 0.01747916666666658
0 0.22037962962962962 0.3037239583333333 0.06737962962962961 0.020161458333333382
0 0.2447777777777778 0.31744791666666666 0.05192592592592591 0.019276041666666632
0 0.25649999999999995 0.33736979166666664 0.0562685185185185 0.023953124999999974
0 0.21308333333333332 0.38288541666666664 0.04585185185185184 0.03682812499999999
0 0.18338888888888888 0.4288854166666667 0.045499999999999985 0.03309895833333325
0 0.23400925925925925 0.4382604166666667 0.05123148148148147 0.036218749999999925
0 0.288287037037037 0.4692708333333333 0.05383333333333332 0.03278645833333336
0 0.19624074074074072 0.46033333333333337 0.04341666666666665 0.017848958333333265
0 0.2270648148148148 0.5121197916666667 0.05817592592592591 0.02763541666666658
0 0.16672222222222222 0.5221770833333333 0.03299999999999999 0.02626562500000009
0 0.3520185185185185 0.5595364583333333 0.04585185185185184 0.025760416666666685
0 0.2415648148148148 0.5848802083333333 0.04724074074074072 0.02663020833333345
0 0.46976851851851853 0.6371145833333334 0.042370370370370364 0.020708333333333506
0 0.16037962962962962 0.6286614583333333 0.04289814814814814 0.02823437500000008
0 0.1938148148148148 0.6500520833333333 0.06634259259259258 0.022171875000000084
0 0.23184259259259257 0.6720260416666666 0.034731481481481474 0.044624999999999915
0 0.1724537037037037 0.7303333333333333 0.06182407407407406 0.03424479166666661
0 0.30955555555555553 0.7446510416666666 0.06686111111111118 0.02283333333333335
0 0.439287037037037 0.7211145833333333 0.05887037037037036 0.020692708333333344
0 0.474537037037037 0.6860520833333333 0.04254629629629628 0.030671874999999994
0 0.5684074074074074 0.6630052083333333 0.05487962962962961 0.03536979166666665
0 0.5930648148148148 0.6433229166666667 0.041675925925925915 0.041921874999999886
0 0.6287592592592591 0.6300885416666666 0.052277777777777756 0.030109374999999973
0 0.46542592592592597 0.7585989583333334 0.1358055555555555 0.06146875000000005
0 0.26067592592592587 0.8174947916666666 0.03681481481481481 0.03272916666666674
0 0.1884259259259259 0.8578281249999999 0.06599074074074072 0.04110937499999991
0 0.22107407407407406 0.8989479166666665 0.027092592592592585 0.03152083333333344
0 0.5539074074074074 0.8756510416666666 0.03803703703703702 0.028895833333333343
0 0.6548888888888889 0.8929375 0.04724074074074072 0.034161458333333526
0 0.7189722222222221 0.9489531249999998 0.0538333333333334 0.0377552083333331
0 0.7795833333333333 0.98015625 0.06737962962962961 0.030807291666666715
0 0.7606481481481481 0.9924479166666667 0.043518518518518415 0.015104166666666785
0 0.7069907407407408 0.9850625 0.04724074074074072 0.029875000000000186
0 0.8897777777777778 0.9534427083333332 0.03594444444444428 0.035015625000000127
0 0.7945185185185184 0.8386875 0.05557407407407406 0.02861979166666657
0 0.7302592592592592 0.8000104166666666 0.04515740740740739 0.027072916666666648
0 0.7720277777777776 0.7683645833333334 0.06442592592592575 0.030208333333333393
0 0.9211203703703703 0.7306666666666667 0.04827777777777777 0.03686458333333338