0 0.5344650205761317 0.17274305555555552 0.05658436213991772 0.0480324074074074
0 0.19238683127572015 0.10300925925925926 0.032921810699588466 0.02777777777777777
0 0.838991769547325 0.8961226851851851 0.06893004115226328 0.03530092592592595
0 0.7890946502057613 0.12818287037037038 0.05144032921810688 0.02604166666666665
0 0.10133744855967078 0.3654513888888889 0.05041152263374487 0.02835648148148149
0 0.5108024691358024 0.3793402777777778 0.05658436213991772 0.024884259259259255
0 0.9362139917695472 0.10966435185185183 0.05761316872427989 0.03530092592592591
0 0.6898148148148148 0.23408564814814814 0.08127572016460899 0.03298611111111107
0 0.3302469135802469 0.018518518518518517 0.06172839506172841 0.037037037037037035
0 0.3724279835390947 0.34635416666666663 0.030864197530864126 0.026041666666666696
0 0.19393004115226337 0.32667824074074076 0.04423868312757201 0.02951388888888893
0 0.3143004115226337 0.5014467592592593 0.05658436213991772 0.02604166666666661
0 0.5910493827160493 0.6863425925925926 0.04835390946502053 0.023148148148148095
0 0.3590534979423868 0.1860532407407407 0.07407407407407413 0.02835648148148149
0 0.2762345679012346 0.5231481481481481 0.05658436213991772 0.024305555555555535
0 0.17541152263374485 0.5931712962962963 0.04629629629629631 0.03472222222222214
0 0.7191358024691357 0.4380787037037037 0.04526748971193418 0.03240740740740744
0 0.33487654320987653 0.6209490740740741 0.06481481481481476 0.03240740740740744
0 0.4212962962962963 0.09056712962962962 0.04423868312757201 0.04108796296296298
0 0.6748971193415638 0.5037615740740741 0.05144032921810704 0.04456018518518512
0 0.2674897119341564 0.6608796296296295 0.04526748971193418 0.03009259259259256
0 0.41358024691358025 0.5376157407407407 0.06584362139917693 0.03009259259259256
0 0.15226337448559668 0.9835069444444444 0.03909465020576132 0.03298611111111107
0 0.37345679012345673 0.2092013888888889 0.05144032921810704 0.03414351851851851
0 0.9259259259259258 0.08101851851851852 0.06378600823045259 0.03935185185185186
0 0.5833333333333334 0.5199652777777778 0.05144032921810704 0.02719907407407405
0 0.6414609053497943 0.16869212962962962 0.05452674897119339 0.04456018518518516
0 0.19958847736625512 0.23234953703703703 0.04320987654320984 0.04108796296296298
0 0.45010288065843623 0.4499421296296296 0.05658436213991772 0.04456018518518512
0 0.39557613168724276 0.6944444444444444 0.06275720164609058 0.04282407407407405
0 0.11162551440329217 0.955150462962963 0.054526748971193424 0.04108796296296298
0 0.7469135802469135 0.26446759259259256 0.06378600823045259 0.04282407407407405
0 0.9089506172839507 0.5274884259259258 0.0586419753086419 0.03414351851851851
0 0.9449588477366254 0.19618055555555552 0.06069958847736624 0.03356481481481479
0 0.668724279835391 0.36197916666666663 0.07407407407407413 0.03298611111111107
0 0.9650205761316872 0.1484375 0.04938271604938286 0.04108796296296298
0 0.7258230452674898 0.3987268518518518 0.04629629629629619 0.03587962962962958
0 0.19547325102880658 0.055844907407407406 0.047325102880658436 0.03645833333333333
0 0.24382716049382713 0.642361111111111 0.04115226337448558 0.02893518518518512
0 0.7386831275720165 0.19068287037037038 0.05144032921810688 0.03067129629629628
0 0.2340534979423868 0.1524884259259259 0.04423868312757201 0.03530092592592591
0 0.17901234567901234 0.35995370370370366 0.057613168724279816 0.03240740740740744
0 0.49022633744855965 0.3336226851851852 0.033950617283950636 0.03182870370370372
0 0.3528806584362139 0.3206018518518518 0.04526748971193418 0.03703703703703702
0 0.5977366255144032 0.26938657407407407 0.04115226337448566 0.03877314814814818
0 0.6661522633744856 0.13917824074074076 0.06893004115226344 0.03414351851851851
0 0.45267489711934156 0.5081018518518519 0.06172839506172841 0.04513888888888893
0 0.4166666666666667 0.3472222222222222 0.04320987654320984 0.03356481481481479
0 0.5432098765432098 0.2821180555555555 0.04526748971193418 0.03298611111111107
0 0.6378600823045267 0.5969328703703703 0.04526748971193418 0.04224537037037042
0 0.8009259259259258 0.5217013888888888 0.05041152263374487 0.03298611111111107
0 0.8816872427983539 0.19965277777777776 0.05349794238683122 0.03819444444444446
0 0.5925925925925926 0.09490740740740741 0.06584362139917693 0.05092592592592593
0 0.8359053497942387 0.16666666666666666 0.06481481481481492 0.02662037037037037
0 0.2926954732510288 0.20978009259259256 0.052469135802469126 0.03414351851851851
0 0.6414609053497943 0.6837384259259258 0.05041152263374487 0.02951388888888893
0 0.7381687242798353 0.12760416666666666 0.05041152263374487 0.03298611111111112
0 0.49845679012345673 0.22077546296296294 0.05658436213991772 0.03414351851851851
0 0.5632716049382716 0.49479166666666663 0.04629629629629635 0.0393518518518519
0 0.39197530864197533 0.4962384259259259 0.06378600823045275 0.02951388888888893
0 0.33127572016460904 0.14438657407407407 0.04526748971193418 0.04456018518518516
0 0.7680041152263374 0.42361111111111105 0.05246913580246921 0.04398148148148149
0 0.13580246913580246 0.10648148148148147 0.04526748971193414 0.03819444444444442
0 0.4382716049382716 0.5674189814814815 0.05144032921810704 0.02719907407407405
0 0.24434156378600821 0.23408564814814814 0.05452674897119339 0.02719907407407405
0 0.5992798353909465 0.6038773148148148 0.038065843621399156 0.03414351851851851
0 0.5581275720164609 0.5326967592592593 0.0586419753086419 0.02835648148148149
0 0.5838477366255144 0.12934027777777776 0.06069958847736624 0.02719907407407405
0 0.8472222222222222 0.5416666666666666 0.05246913580246921 0.025462962962962975
0 0.3559670781893004 0.10619212962962962 0.034979423868312806 0.03530092592592591
0 0.13220164609053497 0.8640046296296295 0.06275720164609054 0.027777777777777856
0 0.12551440329218105 0.6397569444444444 0.06790123456790123 0.02604166666666661
0 0.16203703703703703 0.21412037037037038 0.048353909465020606 0.0416666666666667
0 0.45370370370370366 0.2572337962962963 0.03909465020576132 0.03067129629629628
0 0.6728395061728395 0.39959490740740744 0.06790123456790127 0.02719907407407405
0 0.08333333333333333 0.39728009259259256 0.03909465020576132 0.04224537037037042
0 0.15689300411522633 0.5277777777777778 0.06481481481481484 0.026620370370370416
0 0.6949588477366254 0.051215277777777776 0.05452674897119354 0.02835648148148149
0 0.21450617283950615 0.7612847222222221 0.027777777777777776 0.020254629629629584
0 0.7052469135802469 0.46759259259259256 0.0586419753086419 0.03587962962962958
0 0.3724279835390947 0.5610532407407407 0.05555555555555555 0.02719907407407405
0 0.2397119341563786 0.21151620370370366 0.06172839506172841 0.024884259259259255
0 0.42489711934156377 0.2699652777777778 0.06172839506172841 0.02719907407407405
0 0.4593621399176954 0.3449074074074074 0.04629629629629635 0.04050925925925926
0 0.7443415637860081 0.04861111111111111 0.06069958847736624 0.048611111111111105
0 0.7448559670781894 0.5188078703703703 0.05349794238683122 0.03067129629629637
0 0.8009259259259258 0.03993055555555556 0.04423868312757217 0.04513888888888888
0 0.5895061728395061 0.16261574074074073 0.06378600823045275 0.03356481481481484
0 0.5324074074074073 0.3237847222222222 0.05658436213991772 0.03761574074074074
0 0.7494855967078189 0.46267361111111105 0.06069958847736624 0.03298611111111107
0 0.8497942386831275 0.05237268518518519 0.04938271604938286 0.04456018518518519
0 0.12397119341563785 0.2971643518518518 0.06275720164609054 0.0364583333333333
0 0.4068930041152263 0.4247685185185185 0.033950617283950636 0.027777777777777856
0 0.654320987654321 0.0954861111111111 0.05349794238683122 0.0474537037037037
0 0.8461934156378601 0.21354166666666666 0.06687242798353894 0.04050925925925926
0 0.7577160493827161 0.15769675925925924 0.04835390946502053 0.03414351851851851
0 0.6013374485596708 0.41001157407407407 0.05246913580246921 0.03645833333333339
0 0.1162551440329218 0.9866898148148147 0.04320987654320988 0.02662037037037024
0 0.21656378600823045 0.5188078703703703 0.04629629629629627 0.03645833333333339
0 0.9202674897119342 0.4918981481481481 0.06069958847736624 0.0393518518518519
0 0.17695473251028807 0.5491898148148148 0.05761316872427986 0.027777777777777856
0 0.6286008230452674 0.11400462962962962 0.04320987654320984 0.024305555555555535
0 0.8940329218106996 0.14322916666666666 0.06790123456790127 0.03530092592592591