0 0.1625514403292181 0.5457175925925926 0.04320987654320988 0.026620370370370416
0 0.6373456790123456 0.9528356481481481 0.04629629629629635 0.03530092592592595
0 0.25925925925925924 0.9777199074074074 0.028806584362139946 0.02835648148148131
0 0.16615226337448558 0.3993055555555555 0.04423868312757201 0.03819444444444446
0 0.19238683127572015 0.7468171296296295 0.047325102880658436 0.02835648148148149
0 0.18055555555555555 0.4956597222222222 0.04629629629629627 0.02951388888888893
0 0.21450617283950615 0.9357638888888887 0.04629629629629627 0.03819444444444429
0 0.3446502057613169 0.9563078703703702 0.032921810699588466 0.01793981481481488
0 0.5972222222222222 0.9019097222222221 0.05041152263374487 0.02835648148148131
0 0.24897119341563784 0.5688657407407407 0.0493827160493827 0.024305555555555535
0 0.8359053497942387 0.9539930555555556 0.04629629629629619 0.03645833333333322
0 0.2803497942386831 0.026331018518518517 0.05041152263374487 0.041087962962962965
0 0.3117283950617284 0.595486111111111 0.057613168724279816 0.03125
0 0.12191358024691357 0.4849537037037037 0.06069958847736624 0.021990740740740655
0 0.4284979423868312 0.4372106481481481 0.04218106995884767 0.02835648148148149
0 0.5180041152263374 0.4383680555555555 0.04629629629629635 0.03182870370370363
0 0.8220164609053497 0.8559027777777777 0.07407407407407397 0.03819444444444429
0 0.5879629629629629 0.9267939814814815 0.06893004115226344 0.02719907407407405
0 0.37911522633744854 0.9603587962962962 0.04012345679012349 0.03182870370370381
0 0.676954732510288 0.038483796296296294 0.05144032921810704 0.037615740740740734
0 0.39557613168724276 0.6831597222222221 0.07304526748971196 0.03067129629629637
0 0.12191358024691357 0.6090856481481481 0.04629629629629627 0.03298611111111107
0 0.11162551440329217 0.45920138888888884 0.058641975308641986 0.03182870370370363
0 0.47170781893004116 0.8761574074074074 0.04835390946502053 0.030092592592592737
0 0.22890946502057613 0.4644097222222222 0.07510288065843622 0.02835648148148149
0 0.3230452674897119 0.48697916666666663 0.03909465020576132 0.03067129629629637
0 0.10030864197530863 0.6597222222222221 0.04835390946502057 0.023148148148148095
0 0.12911522633744857 0.9418402777777777 0.06069958847736624 0.02835648148148131
0 0.9521604938271605 0.9476273148148147 0.06893004115226328 0.03414351851851869
0 0.5349794238683128 0.4817708333333333 0.07407407407407413 0.02835648148148149
0 0.9732510288065842 0.8078703703703702 0.05349794238683122 0.04166666666666678
0 0.3148148148148148 0.8483796296296295 0.047325102880658436 0.03819444444444429
0 0.875 0.8596643518518517 0.05246913580246921 0.03182870370370381
0 0.2772633744855967 0.35995370370370366 0.04012345679012349 0.03356481481481479
0 0.21656378600823045 0.0234375 0.04835390946502053 0.04108796296296295
0 0.15329218106995884 0.9574652777777777 0.04320987654320988 0.026041666666666786
0 0.43467078189300407 0.06307870370370369 0.06893004115226344 0.05208333333333333
0 0.5967078189300411 0.828125 0.04732510288065836 0.01851851851851869
0 0.8858024691358024 0.26186342592592593 0.06584362139917693 0.03530092592592595
0 0.12602880658436214 0.9794560185185185 0.052469135802469126 0.03067129629629619
0 0.1949588477366255 0.7717013888888888 0.05041152263374487 0.022569444444444465
0 0.24331275720164605 0.5376157407407407 0.0668724279835391 0.03125
0 0.14660493827160492 0.6707175925925926 0.06481481481481484 0.03009259259259256
0 0.1656378600823045 0.5714699074074073 0.08641975308641976 0.03067129629629637
0 0.13117283950617284 0.015046296296296297 0.07304526748971192 0.030092592592592594
0 0.7839506172839507 0.8162615740740741 0.032921810699588466 0.023726851851851905
0 0.3405349794238683 0.806423611111111 0.04732510288065836 0.03298611111111107
0 0.37191358024691357 0.7786458333333333 0.06893004115226344 0.02719907407407405
0 0.125 0.4071180555555555 0.04423868312757201 0.03761574074074066
0 0.353395061728395 0.4716435185185185 0.03600823045267489 0.03819444444444446
0 0.22685185185185183 0.5112847222222222 0.06069958847736624 0.02835648148148149
0 0.34773662551440326 0.5112847222222222 0.047325102880658436 0.022569444444444465
0 0.765946502057613 0.9467592592592592 0.06069958847736624 0.03240740740740726
0 0.14043209876543208 0.26244212962962965 0.0648148148148148 0.03298611111111107
0 0.6111111111111112 0.5813078703703703 0.05761316872427989 0.02835648148148149
0 0.11934156378600823 0.5434027777777778 0.04526748971193414 0.03819444444444446
0 0.6265432098765432 0.04600694444444444 0.05144032921810704 0.02604166666666665
0 0.8765432098765432 0.9027777777777777 0.05349794238683122 0.03587962962962976
0 0.08487654320987653 0.6796875 0.0565843621399177 0.03761574074074066
0 0.12088477366255145 0.3648726851851852 0.06069958847736624 0.03530092592592595
0 0.48765432098765427 0.9076967592592592 0.06172839506172841 0.03067129629629619
0 0.14917695473251028 0.877025462962963 0.04320987654320988 0.02835648148148131
0 0.16358024691358025 0.47251157407407407 0.05967078189300407 0.023726851851851905
0 0.6651234567901234 0.7653356481481481 0.05246913580246921 0.03067129629629637
0 0.7525720164609053 0.8058449074074074 0.04423868312757217 0.03993055555555571
0 0.24948559670781892 0.9204282407407407 0.04012345679012349 0.03298611111111107
0 0.522633744855967 0.9814814814814815 0.05555555555555555 0.027777777777777856
0 0.8215020576131686 0.8139467592592592 0.05041152263374487 0.02488425925925917
0 0.9470164609053497 0.8315972222222221 0.05041152263374487 0.04050925925925917
0 0.4963991769547325 0.45978009259259256 0.08333333333333333 0.02835648148148149
0 0.227880658436214 0.14756944444444445 0.029835390946502036 0.021990740740740745
0 0.4104938271604938 0.9820601851851851 0.04526748971193418 0.023148148148148095
0 0.34259259259259256 0.0011574074074074073 0.053497942386831296 0.0023148148148148147