0 0.20092592592592592 0.6104166666666666 0.04259259259259262 0.01875
0 0.24675925925925923 0.3703125 0.045370370370370394 0.020833333333333304
0 0.1796296296296296 0.8736979166666666 0.05740740740740738 0.036979166666666785
0 0.4439814814814814 0.8674479166666667 0.04722222222222222 0.0234375
0 0.772685185185185 0.14583333333333331 0.04722222222222222 0.039583333333333345
0 0.16898148148148145 0.7747395833333333 0.04351851851851851 0.0296875
0 0.5731481481481481 0.8098958333333333 0.04074074074074079 0.04375
0 0.21666666666666667 0.5356770833333333 0.04629629629629627 0.036979166666666605
0 0.5962962962962963 0.7942708333333333 0.04074074074074079 0.038541666666666606
0 0.2634259259259259 0.29765625 0.04722222222222222 0.034895833333333307
0 0.32175925925925924 0.34296875 0.04351851851851849 0.0380208333333333
0 0.8518518518518517 0.29296875 0.04629629629629619 0.0401041666666667
0 0.7912037037037036 0.9833333333333332 0.04537037037037048 0.03125
0 0.7990740740740739 0.15651041666666665 0.03333333333333333 0.024479166666666653
0 0.17175925925925925 0.6692708333333333 0.0324074074074074 0.025
0 0.30416666666666664 0.8885416666666666 0.037962962962962934 0.029166666666666785
0 0.9787037037037036 0.13723958333333333 0.042592592592592696 0.0359375
0 0.6236111111111111 0.178125 0.04537037037037032 0.02083333333333335
0 0.3574074074074074 0.709375 0.04074074074074075 0.028125
0 0.35138888888888886 0.41015625 0.037962962962962976 0.031770833333333345
0 0.2638888888888889 0.4911458333333333 0.05185185185185182 0.022916666666666606
0 0.24629629629629626 0.73203125 0.04259259259259262 0.0265625
0 0.17916666666666667 0.41276041666666663 0.04537037037037038 0.02864583333333335
0 0.65 0.4375 0.059259259259259206 0.02083333333333339
0 0.4722222222222222 0.4033854166666666 0.035185185185185236 0.027604166666666652
0 0.6921296296296297 0.4078125 0.03981481481481476 0.0375
0 0.35555555555555557 0.20572916666666666 0.044444444444444446 0.03541666666666667
0 0.199537037037037 0.7953125 0.06944444444444445 0.023958333333333304
0 0.23935185185185182 0.8169270833333332 0.03611111111111111 0.046354166666666696
0 0.6236111111111111 0.2458333333333333 0.049074074074074124 0.028125
0 0.7282407407407406 0.9484375 0.04907407407407405 0.033333333333333215
0 0.41620370370370363 0.31484375 0.043518518518518574 0.025520833333333305
0 0.6925925925925925 0.10911458333333332 0.048148148148148176 0.03177083333333334
0 0.8134259259259259 0.5354166666666667 0.04537037037037048 0.03541666666666661
0 0.23287037037037037 0.6606770833333333 0.05277777777777778 0.02864583333333339
0 0.23981481481481481 0.5872395833333333 0.04259259259259262 0.0359375
0 0.19537037037037036 0.38229166666666664 0.04629629629629627 0.020833333333333304
0 0.1796296296296296 0.3403645833333333 0.048148148148148155 0.027604166666666697
0 0.5537037037037037 0.33229166666666665 0.04629629629629635 0.029166666666666695
0 0.21296296296296294 0.4067708333333333 0.05 0.03645833333333335
0 0.886574074074074 0.19479166666666664 0.058333333333333334 0.03125
0 0.6236111111111111 0.5802083333333333 0.06203703703703699 0.02604166666666661
0 0.8375 0.15130208333333334 0.04722222222222222 0.024479166666666653
0 0.4717592592592592 0.7854166666666667 0.03240740740740746 0.022916666666666606
0 0.37407407407407406 0.1609375 0.048148148148148134 0.034375
0 0.662962962962963 0.30026041666666664 0.044444444444444446 0.036979166666666695
0 0.7402777777777778 0.5216145833333333 0.058333333333333334 0.024479166666666607
0 0.38796296296296295 0.3299479166666667 0.04629629629629635 0.0442708333333333
0 0.7828703703703703 0.29010416666666666 0.056481481481481584 0.0322916666666667
0 0.41018518518518515 0.1375 0.06666666666666667 0.030208333333333347
0 0.2 0.2442708333333333 0.044444444444444446 0.03125
0 0.24583333333333332 0.1359375 0.04907407407407405 0.025
0 0.4467592592592592 0.33984375 0.043518518518518574 0.024479166666666698
0 0.47592592592592586 0.8317708333333332 0.04259259259259254 0.028125
0 0.18935185185185183 0.9877604166666666 0.04722222222222222 0.0234375
0 0.8393518518518518 0.18880208333333331 0.0675925925925927 0.03697916666666665
0 0.6300925925925925 0.7822916666666666 0.04537037037037032 0.028125
0 0.24814814814814815 0.10911458333333332 0.048148148148148176 0.03177083333333334
0 0.4939814814814814 0.46744791666666663 0.05648148148148143 0.0296875
0 0.35462962962962963 0.378125 0.03333333333333333 0.022916666666666696
0 0.5060185185185185 0.22786458333333331 0.050925925925925875 0.0265625
0 0.44259259259259254 0.0703125 0.07037037037037032 0.030208333333333327
0 0.1884259259259259 0.5799479166666666 0.04907407407407405 0.031770833333333394
0 0.2962962962962963 0.2809895833333333 0.03888888888888889 0.030729166666666696
0 0.8912037037037036 0.23385416666666664 0.050925925925926034 0.033333333333333305
0 0.9185185185185184 0.88203125 0.05 0.031770833333333214
0 0.3171296296296296 0.38203125 0.04351851851851849 0.0296875
0 0.5199074074074074 0.2557291666666667 0.06203703703703699 0.0322916666666667
0 0.49351851851851847 0.61796875 0.051851851851851906 0.024479166666666607
0 0.7699074074074073 0.9182291666666667 0.06388888888888888 0.035416666666666784
0 0.6138888888888889 0.2731770833333333 0.07777777777777778 0.034895833333333307
0 0.18333333333333332 0.30572916666666666 0.05555555555555555 0.025
0 0.19675925925925924 0.0359375 0.05648148148148149 0.03645833333333333
0 0.9574074074074073 0.16328125 0.044444444444444446 0.0421875
0 0.22546296296296295 0.45703125 0.06018518518518516 0.0234375
0 0.9648148148148148 0.28151041666666665 0.06481481481481492 0.030729166666666696
0 0.14074074074074072 0.04479166666666666 0.05740740740740742 0.04479166666666667
0 0.2912037037037037 0.6197916666666666 0.054629629629629604 0.030208333333333393
0 0.47268518518518515 0.4919270833333333 0.058333333333333334 0.02864583333333339
0 0.25046296296296294 0.4734375 0.05648148148148151 0.022916666666666606