0 0.21230691314256775 0.019696969696969695 0.07022874989448807 0.03939393939393939
0 0.12479108635097493 0.024212121212121213 0.06071005317801974 0.03527272727272729
0 0.10830353676036128 0.06255151515151515 0.05188283953743563 0.05637575757575759
0 0.18541470414450917 0.20179393939393936 0.06918072085760107 0.03170909090909095
0 0.2492688444331898 0.1927030303030303 0.050986072423398254 0.03776969696969701
0 0.313944120874483 0.19588484848484847 0.06143394952308605 0.03302424242424244
0 0.35402853042964466 0.16774545454545453 0.06052637798598794 0.0343454545454545
0 0.4362717987676205 0.16163636363636363 0.07188182662277369 0.035260606060606034
0 0.4567137671984468 0.08419393939393939 0.042515404743816966 0.03903030303030304
0 0.5068895078922934 0.10864242424242423 0.07512315354098088 0.05154545454545456
0 0.41488984553051406 0.00696969696969697 0.04321769224276184 0.01393939393939394
0 0.4656706339157593 0.006060606060606061 0.04753946146703806 0.012121212121212121
0 0.5175318646070735 0.004242424242424243 0.05186123069131427 0.008484848484848486
0 0.5668864691483075 0.026745454545454544 0.06287093779015789 0.03428484848484849
0 0.6646124757322529 0.0612 0.061974170676120474 0.04457575757575756
0 0.7406432008103316 0.011818181818181818 0.0875158267915927 0.023636363636363636
0 0.741539967924369 0.04478181818181818 0.08106558622436047 0.032963636363636376
0 0.8033304634084578 0.03826060606060606 0.05692850510677831 0.04115151515151515
0 0.8505349877606145 0.06776363636363637 0.059089389718916335 0.05406666666666664
0 0.7980146872625982 0.08307272727272726 0.045940406854055774 0.03476363636363637
0 0.83215666413438 0.11226666666666667 0.06701983624546295 0.04667272727272729
0 0.7848657043977377 0.11888484848484848 0.05927306491094778 0.04475151515151512
0 0.9902506963788301 0.1328125 0.019498607242339833 0.046875
0 0.9846796657381616 0.178125 0.03064066852367688 0.046875
0 0.9375430066683549 0.19978787878787876 0.04936540896429489 0.035769696969696965
0 0.8862003882839538 0.17705454545454544 0.058365493373849914 0.040830303030303036
0 0.8273811091415547 0.17553939393939394 0.057825272220815245 0.03578181818181818
0 0.7523443909850596 0.16366666666666668 0.06089372837005146 0.04740000000000002
0 0.6271427365577784 0.15093333333333334 0.044676289355954996 0.042157575757575796
0 0.650923271714358 0.17872121212121211 0.056204608761711725 0.035072727272727276
0 0.6215568498354013 0.20145454545454541 0.06593939393939395 0.030012121212121202
0 0.4628398750738583 0.20913333333333334 0.06918072085760099 0.033242424242424295
0 0.5074297290453279 0.1751818181818182 0.07368616527390913 0.054266666666666644
0 0.42428969359331475 0.23854545454545456 0.056928505106777993 0.029406060606060613
0 0.4930166286823668 0.2407151515151515 0.07368616527390913 0.03476363636363633
0 0.20855777834050812 0.2305090909090909 0.07764058411412174 0.032545454545454613
0 0.20135122815902762 0.2794606060606061 0.04882518781126031 0.040503030303030305
0 0.37637207731915256 0.30274545454545454 0.07638727103908166 0.04160606060606069
0 0.2707156242086604 0.32861212121212124 0.05422739934160538 0.036745454545454595
0 0.14892816746855744 0.3326545454545454 0.07728403815311895 0.028660606060606053
0 0.30178914493120623 0.3534666666666667 0.04972195492529756 0.03795151515151511
0 0.44744357221237446 0.38489696969696974 0.07115793027770725 0.05028484848484851
0 0.660560817084494 0.2828545454545454 0.048457837427196705 0.036181818181818225
0 0.7092023297037224 0.2701757575757576 0.052066514729467425 0.05023030303030298
0 0.7150583270026167 0.3646424242424242 0.047561070313159454 0.030993939393939483
0 0.6552450409386343 0.37050303030303033 0.06485895163332493 0.026545454545454473
0 0.9267385836076644 0.5975757575757575 0.06377850932725591 0.03403636363636355
0 0.2516134042373597 0.46845454545454546 0.03765341436650632 0.02236969696969702
0 0.15838203764666162 0.5798969696969698 0.07277859373681102 0.03303030303030301
0 0.3004385920486199 0.6816545454545454 0.052423060690470175 0.032424242424242425
0 0.14145150671055962 0.6849878787878788 0.06052637798598798 0.041109090909090894
0 0.18892614163923357 0.7188363636363636 0.051699164345403906 0.03806666666666665
0 0.14172161728707688 0.7269151515151516 0.04845783742719678 0.04210303030303013
0 0.13235418249345826 0.7779575757575758 0.06143394952308605 0.03303030303030301
0 0.18108213049717226 0.790539393939394 0.06773292816746854 0.028884848484848468
0 0.2523373005824259 0.7852363636363637 0.0679166033595003 0.027369696969696912
0 0.4514087954756479 0.7582060606060606 0.044492614163923236 0.03698181818181823
0 0.5494049126361105 0.7631575757575757 0.060353507217016794 0.03677575757575742
0 0.5213026082552545 0.7869030303030303 0.08341014602853042 0.029696969696969687
0 0.5618408035789652 0.8082727272727274 0.08160580737739513 0.033018181818181704
0 0.37790630539377057 0.7919030303030302 0.044492614163923236 0.03666060606060597
0 0.3454714273655778 0.8075636363636363 0.041618637629779714 0.03766666666666687
0 0.3688954165611547 0.8352484848484849 0.0668361610534312 0.024321212121212098
0 0.24818840212712076 0.8327696969696969 0.06323828817422134 0.028460606060606252
0 0.20405233392420022 0.8161515151515152 0.04341217185785422 0.036654545454545585
0 0.14037106440449057 0.8065515151515152 0.0511589431923694 0.023521212121212186
0 0.26422216594918546 0.8575757575757577 0.07728403815311892 0.03057575757575748
0 0.271428716130666 0.8896121212121212 0.04845783742719678 0.03199393939393928
0 0.3385349877606145 0.9132 0.0511589431923694 0.03976363636363658
0 0.6419123828817422 0.9065393939393939 0.06701983624546295 0.03047272727272734
0 0.14099772094201063 0.8626848484848486 0.054227399341605455 0.04383030303030324
0 0.1837940406854056 0.863139393939394 0.04791761627416228 0.03160606060606064
0 0.19098978644382547 0.8912787878787878 0.07674381700008441 0.03027878787878784
0 0.1435259559382122 0.9254303030303032 0.04485996454798684 0.037945454545454636
0 0.12163619481725334 0.9749636363636365 0.04972195492529752 0.03192121212121215
0 0.16638811513463325 0.9845454545454546 0.0734700768126952 0.030909090909090865
0 0.10480290368869756 0.989090909090909 0.049700346079176165 0.02181818181818187
0 0.41759095129568663 0.9942424242424244 0.07238963450662618 0.011515151515151345