0 0.23703703703703702 0.20885416666666665 0.048148148148148176 0.039583333333333325
0 0.5606481481481481 0.61796875 0.041666666666666664 0.0421875
0 0.424537037037037 0.07552083333333333 0.03981481481481476 0.029166666666666653
0 0.21944444444444444 0.67734375 0.04259259259259262 0.0328125
0 0.312037037037037 0.23151041666666666 0.05 0.0265625
0 0.29305555555555557 0.03046875 0.04722222222222222 0.03489583333333333
0 0.4907407407407407 0.31588541666666664 0.037037037037036986 0.028645833333333304
0 0.22268518518518515 0.6510416666666666 0.04351851851851849 0.027083333333333393
0 0.5976851851851852 0.6510416666666666 0.049074074074074124 0.033333333333333395
0 0.7111111111111111 0.34088541666666666 0.044444444444444446 0.0390625
0 0.23657407407407405 0.171875 0.054629629629629604 0.02395833333333335
0 0.6023148148148147 0.7533854166666666 0.041666666666666664 0.025520833333333392
0 0.8148148148148148 0.3828125 0.04629629629629619 0.04583333333333335
0 0.17731481481481481 0.2536458333333333 0.04351851851851851 0.029166666666666695
0 0.35462962962962963 0.265625 0.04629629629629631 0.033333333333333305
0 0.487037037037037 0.7270833333333333 0.03888888888888889 0.03541666666666661
0 0.39120370370370366 0.22447916666666665 0.05648148148148143 0.029166666666666695
0 0.6337962962962963 0.58828125 0.04722222222222222 0.03385416666666661
0 0.7328703703703703 0.8010416666666667 0.04351851851851849 0.0322916666666667
0 0.32916666666666666 0.3286458333333333 0.05277777777777778 0.029166666666666695
0 0.7458333333333333 0.0203125 0.04907407407407397 0.03854166666666666
0 0.7731481481481481 0.25546875 0.05 0.030729166666666696
0 0.9171296296296295 0.8018229166666666 0.043518518518518415 0.0359375
0 0.6560185185185184 0.38932291666666663 0.06759259259259254 0.027604166666666697
0 0.43425925925925923 0.10130208333333332 0.06296296296296301 0.028645833333333336
0 0.3356481481481481 0.4200520833333333 0.04722222222222218 0.021354166666666608
0 0.24305555555555555 0.14375 0.039814814814814845 0.03229166666666665
0 0.7537037037037037 0.7721354166666666 0.04074074074074063 0.03385416666666661
0 0.5856481481481481 0.8671875 0.050925925925925875 0.034375
0 0.1587962962962963 0.384375 0.0398148148148148 0.03229166666666665
0 0.5717592592592592 0.3505208333333333 0.04722222222222222 0.025
0 0.6226851851851851 0.7065104166666666 0.050925925925925875 0.041145833333333395
0 0.6837962962962962 0.41875 0.06018518518518524 0.028125
0 0.5759259259259258 0.2 0.05740740740740746 0.028125
0 0.5069444444444444 0.7546875 0.043518518518518574 0.03125
0 0.29212962962962963 0.16041666666666665 0.06759259259259262 0.03645833333333335
0 0.6157407407407407 0.15234375 0.05370370370370365 0.0265625
0 0.28055555555555556 0.25078125 0.04629629629629627 0.027604166666666697
0 0.6606481481481481 0.1703125 0.043518518518518574 0.0375
0 0.5111111111111111 0.6473958333333333 0.044444444444444446 0.03541666666666661
0 0.3949074074074074 0.31510416666666663 0.05277777777777778 0.039583333333333304
0 0.6717592592592592 0.46953125 0.08055555555555556 0.03802083333333339
0 0.14722222222222223 0.13671875 0.04074074074074075 0.021354166666666653
0 0.8291666666666667 0.29453125 0.05277777777777778 0.027604166666666697
0 0.33425925925925926 0.18619791666666666 0.05370370370370373 0.0359375
0 0.2060185185185185 0.2950520833333333 0.06388888888888888 0.028645833333333304
0 0.561574074074074 0.33046875 0.08055555555555556 0.0265625
0 0.1699074074074074 0.6625 0.04351851851851853 0.028125
0 0.3282407407407407 0.05598958333333333 0.060185185185185196 0.03385416666666666
0 0.6226851851851851 0.23697916666666666 0.04722222222222222 0.038541666666666696
0 0.7708333333333334 0.6947916666666666 0.06018518518518508 0.034375
0 0.724537037037037 0.04609375 0.05092592592592595 0.0453125
0 0.6763888888888889 0.4453125 0.07314814814814817 0.02083333333333339
0 0.1527777777777778 0.1625 0.06111111111111111 0.034375
0 0.6296296296296297 0.19869791666666664 0.05 0.0234375
0 0.24953703703703703 0.005729166666666667 0.045370370370370394 0.010416666666666666
0 0.1361111111111111 0.3747395833333333 0.05555555555555555 0.0390625
0 0.5828703703703704 0.58359375 0.058333333333333334 0.0203125
0 0.7212962962962962 0.23359375 0.07592592592592595 0.031770833333333304
0 0.2560185185185185 0.23359375 0.058333333333333334 0.028645833333333304