0 0.5305555555555556 0.62265625 0.037037037037036986 0.025520833333333392
0 0.7699074074074073 0.32291666666666663 0.05277777777777778 0.026041666666666696
0 0.3851851851851852 0.51875 0.06111111111111111 0.034375
0 0.424537037037037 0.5682291666666666 0.049074074074074124 0.019791666666666607
0 0.6180555555555556 0.4893229166666666 0.03796296296296302 0.0328125
0 0.3574074074074074 0.42578125 0.04259259259259258 0.03385416666666661
0 0.17546296296296296 0.10625 0.06759259259259258 0.04583333333333334
0 0.16574074074074074 0.9005208333333332 0.05925925925925925 0.033333333333333215
0 0.31527777777777777 0.4473958333333333 0.06759259259259262 0.022916666666666606
0 0.6060185185185185 0.7395833333333333 0.03981481481481476 0.034375
0 0.6523148148148148 0.12239583333333333 0.06203703703703699 0.038541666666666655
0 0.3981481481481481 0.61484375 0.04259259259259254 0.0296875
0 0.2638888888888889 0.7640625 0.048148148148148176 0.029166666666666608
0 0.7314814814814814 0.79375 0.048148148148148176 0.035416666666666693
0 0.21388888888888888 0.1515625 0.040740740740740716 0.030208333333333347
0 0.524074074074074 0.4427083333333333 0.05370370370370365 0.023958333333333394
0 0.7759259259259259 0.7729166666666666 0.042592592592592696 0.034375
0 0.4754629629629629 0.7263020833333333 0.034259259259259205 0.0296875
0 0.3736111111111111 0.8234375 0.04537037037037036 0.029166666666666785
0 0.9203703703703703 0.3333333333333333 0.051851851851851746 0.038541666666666696
0 0.2185185185185185 0.6588541666666666 0.05 0.028125
0 0.18518518518518515 0.984375 0.03888888888888889 0.030208333333333216
0 0.5699074074074074 0.6348958333333333 0.043518518518518574 0.027083333333333393
0 0.9013888888888889 0.17760416666666665 0.03796296296296286 0.03229166666666665
0 0.2175925925925926 0.5565104166666666 0.04629629629629627 0.0296875
0 0.29212962962962963 0.5901041666666667 0.05092592592592595 0.038541666666666606
0 0.649537037037037 0.9239583333333332 0.03240740740740746 0.029166666666666785
0 0.3814814814814814 0.4020833333333333 0.04259259259259254 0.025
0 0.4305555555555556 0.5856770833333333 0.04814814814814809 0.0203125
0 0.712037037037037 0.9854166666666666 0.0703703703703704 0.029166666666666785
0 0.24305555555555555 0.06015625 0.041666666666666664 0.040104166666666656
0 0.7217592592592592 0.17291666666666666 0.05277777777777778 0.04270833333333335
0 0.1925925925925926 0.46015625 0.05185185185185182 0.0234375
0 0.41342592592592586 0.5442708333333333 0.06018518518518524 0.028125
0 0.2916666666666667 0.6338541666666666 0.05370370370370373 0.02083333333333339
0 0.2509259259259259 0.8854166666666666 0.03518518518518516 0.03645833333333322
0 0.18657407407407406 0.72265625 0.06203703703703704 0.0328125
0 0.686574074074074 0.5309895833333333 0.049074074074074124 0.04427083333333339
0 0.6421296296296296 0.5341145833333333 0.05462962962962968 0.0234375
0 0.7875 0.2528645833333333 0.058333333333333334 0.027604166666666697
0 0.17314814814814813 0.43828125 0.048148148148148155 0.024479166666666607
0 0.6254629629629629 0.4315104166666666 0.04537037037037032 0.0234375
0 0.42777777777777776 0.6375 0.04259259259259254 0.025
0 0.9162037037037036 0.6776041666666666 0.04722222222222222 0.029166666666666608
0 0.21157407407407405 0.7598958333333333 0.03425925925925929 0.02083333333333339
0 0.44490740740740736 0.43671875 0.04722222222222222 0.041145833333333395
0 0.49351851851851847 0.640625 0.04629629629629635 0.023958333333333394
0 0.5662037037037037 0.6783854166666666 0.05648148148148143 0.02864583333333339
0 0.6060185185185185 0.8033854166666666 0.06388888888888888 0.024479166666666698
0 0.43657407407407406 0.859375 0.05648148148148143 0.023958333333333214
0 0.2828703703703704 0.8981770833333332 0.037962962962962934 0.0265625
0 0.2611111111111111 0.5752604166666666 0.048148148148148176 0.03802083333333339
0 0.7296296296296295 0.013020833333333332 0.05555555555555555 0.02395833333333333
0 0.1412037037037037 0.58359375 0.04351851851851853 0.03489583333333339
0 0.5356481481481481 0.659375 0.08055555555555556 0.02604166666666661
0 0.2435185185185185 0.9127604166666666 0.04629629629629627 0.021354166666666785
0 0.7162037037037037 0.21744791666666666 0.058333333333333334 0.0265625
0 0.7263888888888889 0.2427083333333333 0.05648148148148151 0.0322916666666667
0 0.20740740740740737 0.2575520833333333 0.040740740740740716 0.028645833333333304
0 0.30925925925925923 0.4973958333333333 0.048148148148148176 0.03541666666666661
0 0.6611111111111111 0.18984375 0.059259259259259206 0.0234375
0 0.7027777777777777 0.27213541666666663 0.05555555555555555 0.036979166666666695
0 0.13657407407407407 0.4684895833333333 0.0398148148148148 0.0296875
0 0.24166666666666667 0.6015625 0.05740740740740738 0.023958333333333394
0 0.5981481481481481 0.4182291666666666 0.04814814814814809 0.029166666666666608
0 0.14722222222222223 0.67890625 0.05370370370370369 0.024479166666666607
0 0.7152777777777778 0.8184895833333332 0.05092592592592595 0.0380208333333333
0 0.6439814814814814 0.59375 0.06203703703703699 0.027083333333333393
0 0.6976851851851852 0.37760416666666663 0.0731481481481481 0.026041666666666696
0 0.312037037037037 0.7924479166666666 0.05 0.024479166666666698
0 0.30925925925925923 0.53125 0.06111111111111111 0.023958333333333394
0 0.47268518518518515 0.19609375 0.06018518518518524 0.025520833333333326
0 0.6351851851851852 0.51796875 0.05740740740740746 0.019270833333333393
0 0.7856481481481481 0.21354166666666666 0.0675925925925927 0.025
0 0.42916666666666664 0.8338541666666666 0.034259259259259205 0.028125
0 0.8958333333333334 0.09635416666666666 0.056481481481481584 0.033333333333333326
0 0.22407407407407404 0.5091145833333333 0.05925925925925928 0.030729166666666606
0 0.35787037037037034 0.54609375 0.058333333333333334 0.03489583333333339
0 0.7768518518518518 0.34375 0.05 0.03125
0 0.6074074074074074 0.63359375 0.04259259259259254 0.024479166666666607
0 0.3416666666666667 0.4895833333333333 0.03888888888888889 0.025
0 0.6819444444444445 0.24375 0.075 0.03125
0 0.6208333333333333 0.6111979166666666 0.058333333333333334 0.027604166666666607
0 0.772685185185185 0.23125 0.041666666666666664 0.03125
0 0.17175925925925925 0.6643229166666667 0.04722222222222222 0.0234375
0 0.33518518518518514 0.8106770833333332 0.05 0.0328125
0 0.3185185185185185 0.6078125 0.04259259259259262 0.03229166666666661
0 0.027314814814814813 0.011197916666666665 0.054629629629629625 0.021354166666666667