0 0.7607919897613491 0.20135135135135135 0.06263645260859738 0.04270270270270267
0 0.3184822705714071 0.44945945945945953 0.051072799819317956 0.023243243243243228
0 0.6143190544304751 0.6035135135135136 0.045290973424678097 0.018918918918918948
0 0.23994579537755026 0.2640540540540541 0.042400060227358316 0.02864864864864867
0 0.7063464578784915 0.17216216216216218 0.07901829406007678 0.03189189189189188
0 0.9241285854099225 0.4140540540540541 0.059745539411277436 0.037837837837837895
0 0.48181886621998044 0.38 0.05781826394639769 0.042162162162162176
0 0.4085823985545434 0.28216216216216217 0.03083640743807875 0.024864864864864878
0 0.19850937288263196 0.9545945945945947 0.05396371301663781 0.027027027027027018
0 0.1532183994579538 0.3013513513513514 0.04818188662199802 0.027567567567567598
0 0.519882556651359 0.2691891891891892 0.03180004517051878 0.030270270270270315
0 0.9390649702627418 0.05405405405405406 0.054927350749077765 0.034594594594594595
0 0.394609651434164 0.1291891891891892 0.06841827900323723 0.028108108108108088
0 0.5883008356545961 0.4205405405405406 0.04336369795979819 0.035675675675675755
0 0.8475193856809456 0.8013513513513514 0.060709177143717624 0.03189189189189179
0 0.35317322893924563 0.42918918918918925 0.05300007528419786 0.025945945945945858
0 0.7367010464503501 0.3656756756756757 0.045290973424678097 0.03189189189189188
0 0.222118497327411 0.5175675675675676 0.04336369795979827 0.03189189189189197
0 0.9487013475871415 0.1354054054054054 0.05685462621395782 0.03297297297297299
0 0.4562824663103215 0.04027027027027027 0.04336369795979819 0.04162162162162162
0 0.4717006700293609 0.49135135135135133 0.04336369795979819 0.023783783783783718
0 0.2095912068056915 0.9772972972972973 0.03565459610027858 0.027027027027027018
0 0.4900097869457201 0.2789189189189189 0.045290973424678097 0.040000000000000036
0 0.2630731009561093 0.44567567567567573 0.03854550929759844 0.03189189189189197
0 0.6610554844538132 0.6005405405405406 0.046254611157118125 0.024864864864864878
0 0.7420010539787699 0.3286486486486487 0.04432733569223822 0.032432432432432455
0 0.20091846721373186 0.8918918918918919 0.037581871565158485 0.033513513513513615
0 0.4500188210494617 0.4624324324324324 0.0636000903410374 0.025405405405405368
0 0.3083640743807875 0.5810810810810811 0.042400060227358316 0.028108108108108175
0 0.615282692162915 0.04054054054054054 0.06263645260859753 0.04864864864864865
0 0.5699917187382368 0.21810810810810813 0.045290973424678097 0.03297297297297295
0 0.37196416472182486 0.542972972972973 0.0636000903410374 0.029729729729729648
0 0.5381916735677181 0.31243243243243246 0.054927350749077765 0.023783783783783808
0 0.6234736128886548 0.3408108108108108 0.05010916208687793 0.03621621621621625
0 0.8007829556576075 0.07297297297297298 0.046254611157117966 0.025945945945945948
0 0.24139125197621022 0.012972972972972974 0.04529097342467817 0.024864864864864868
0 0.48663705488218023 0.19675675675675677 0.03469095836783855 0.029189189189189203
0 0.5618007980124973 0.11621621621621622 0.05781826394639769 0.045405405405405386
0 0.6591282089889333 0.5181081081081081 0.042400060227358316 0.03837837837837839
0 0.3897914627719642 0.25783783783783787 0.04336369795979819 0.036756756756756735
0 0.6066099525709554 0.4435135135135136 0.04914552435443806 0.025405405405405368
0 0.42737333433712266 0.422972972972973 0.05878190167883757 0.026486486486486528
0 0.4837461416848604 0.4351351351351352 0.059745539411277596 0.041081081081081015
0 0.18260935029737257 0.05675675675675675 0.04336369795979827 0.038918918918918924
0 0.3319731988255666 0.15054054054054056 0.05685462621395766 0.0362162162162162
0 0.7704283670857488 0.10135135135135136 0.04336369795979835 0.03297297297297299
0 0.23512760671535046 0.052162162162162164 0.028909131973198846 0.027567567567567574
0 0.2862004065346684 0.5637837837837838 0.03854550929759844 0.027027027027027018
0 0.7593465331626892 0.44270270270270273 0.05010916208687809 0.030270270270270315
0 0.9660468267710608 0.0891891891891892 0.047218248889558154 0.041081081081081064
0 0.2587367311601295 0.6778378378378378 0.026018218775878916 0.019459459459459438
0 0.9284649552059023 0.02702702702702703 0.054927350749077765 0.03783783783783784
0 0.7530828879018295 0.1310810810810811 0.047218248889558154 0.03081081081081081
0 0.7535647067680494 0.07162162162162163 0.046254611157118285 0.0318918918918919
0 0.20525483700971167 0.45432432432432435 0.059745539411277596 0.024324324324324388
0 0.1609275013174735 0.8621621621621622 0.05203643755175791 0.035675675675675575
0 0.17393661070541294 0.23648648648648649 0.05878190167883764 0.03513513513513518
0 0.6239554317548747 0.20783783783783788 0.03950914703003839 0.03945945945945946
0 0.43026424753444253 0.6121621621621622 0.06263645260859753 0.03945945945945954
0 0.5608371602800573 0.2583783783783784 0.05396371301663773 0.037837837837837805
0 0.28427313106978847 0.18324324324324326 0.05010916208687793 0.029189189189189203
0 0.765610178423549 0.3886486486486486 0.05685462621395782 0.032432432432432455
0 0.3936460137017241 0.05567567567567568 0.03565459610027858 0.034594594594594595
0 0.7800647444101483 0.35324324324324324 0.051072799819317956 0.04378378378378382
0 0.30161861025370773 0.8624324324324325 0.03469095836783855 0.027567567567567508
0 0.22645486712339083 0.29567567567567565 0.05589098848151771 0.031351351351351385
0 0.16719114657833323 0.9002702702702703 0.04143642249491833 0.03945945945945937
0 0.5285552962433185 0.16405405405405407 0.05685462621395766 0.03405405405405406
0 0.6880373409621321 0.29405405405405405 0.06938191673567727 0.031351351351351385
0 0.8084920575171272 0.0048648648648648655 0.03083640743807875 0.008648648648648649
0 0.37148234585560497 0.09162162162162163 0.04336369795979819 0.04162162162162162
0 0.6856282466310322 0.08297297297297299 0.06456372807347743 0.0318918918918919
0 0.6952646239554319 0.4297297297297297 0.0491455243544379 0.040000000000000036
0 0.6914100730256719 0.33 0.060709177143717465 0.026486486486486528
0 0.15370021832417377 0.9413513513513514 0.05300007528419786 0.03189189189189179
0 0.6205826996913348 0.5256756756756757 0.03276368290295865 0.03081081081081081
0 0.813792065045547 0.44513513513513514 0.047218248889558154 0.03189189189189197
0 0.888955808175864 0.13891891891891892 0.051072799819317956 0.036756756756756735
0 0.8557103064066853 0.4637837837837838 0.05010916208687809 0.023783783783783718
0 0.44038244372506213 0.35702702702702704 0.03661823383271846 0.02864864864864867
0 0.8475193856809456 0.10864864864864865 0.06263645260859738 0.025945945945945948
0 0.4582097417752014 0.20891891891891895 0.05685462621395766 0.02864864864864867
0 0.13587292027403447 0.33216216216216216 0.04240006022735828 0.04270270270270267
0 0.4085823985545434 0.48621621621621625 0.05203643755175783 0.023243243243243228
0 0.45050063991568173 0.28162162162162163 0.04143642249491829 0.031351351351351385
0 0.6610554844538132 0.11054054054054055 0.05203643755175783 0.04270270270270271
0 0.21151848227057143 0.15702702702702703 0.04721824888955808 0.03837837837837839
0 0.6090190469020553 0.07432432432432433 0.05781826394639769 0.028648648648648644
0 0.8533012120755854 0.1510810810810811 0.06263645260859738 0.04162162162162164
0 0.17393661070541294 0.5621621621621622 0.06456372807347735 0.023783783783783718
0 0.17971843710005272 0.7748648648648648 0.05685462621395766 0.025405405405405368
0 0.6133554166980351 0.10540540540540541 0.05878190167883757 0.033513513513513525
0 0.5844462847248363 0.45810810810810815 0.05300007528419786 0.022162162162162248
0 0.8586012196040052 0.010810810810810811 0.04432733569223822 0.019459459459459462
0 0.16140932018369344 0.9654054054054054 0.049145524354437975 0.018378378378378458
0 0.27897312354136866 0.09756756756756757 0.04529097342467817 0.0362162162162162
0 0.6740645938417527 0.04162162162162162 0.05685462621395766 0.04756756756756757
0 0.8995558232327034 0.08675675675675676 0.06456372807347743 0.03513513513513513
0 0.40906421742076343 0.15135135135135136 0.04914552435443806 0.03135135135135134
0 0.7227282993299707 0.3940540540540541 0.055890988481517634 0.034594594594594595
0 0.2847549499360085 0.15675675675675677 0.05878190167883764 0.024864864864864878
0 0.913046751486863 0.4481081081081081 0.05685462621395782 0.033513513513513435
0 0.6490100127983137 0.06027027027027028 0.03950914703003839 0.025405405405405413
0 0.24620944063841002 0.17297297297297298 0.04721824888955808 0.038918918918918924
0 0.4365278927953023 0.9235135135135136 0.03083640743807875 0.014594594594594668
0 0.22356395392607092 0.47675675675675677 0.05589098848151771 0.024864864864864878
0 0.7511556124369495 0.010810810810810811 0.060709177143717624 0.019459459459459462
0 0.713091922005571 0.008108108108108109 0.055890988481517634 0.015135135135135137
0 0.23127305578559063 0.9621621621621623 0.23609124444779042 0.9621621621621623 0.25054581043438984 0.9572972972972973 0.2746367537453889 0.9562162162162163 0.2746367537453889 0.9378378378378379 0.27174584054806894 0.9362162162162162 0.2688549273507491 0.9362162162162162 0.2418730708424302 0.9410810810810812 0.23127305578559063 0.9470270270270271 0.22741850485583076 0.952972972972973 0.23127305578559063 0.9621621621621623