0 0.6971388888888888 0.013989583333333333 0.04111111111111122 0.027817708333333323
0 0.6575277777777777 0.0424375 0.06323148148148144 0.02610416666666667
0 0.4630462962962963 0.010046875 0.04111111111111114 0.018328124999999994
0 0.3466481481481481 0.02292708333333333 0.04667592592592591 0.03686458333333333
0 0.31602777777777774 0.005833333333333332 0.03939814814814808 0.010703125000000003
0 0.27370370370370367 0.024213541666666664 0.04638888888888894 0.02338020833333333
0 0.20982407407407405 0.02609895833333333 0.05995370370370373 0.040796874999999996
0 0.16986111111111107 0.03095833333333333 0.054240740740740735 0.030442708333333336
0 0.21917592592592594 0.07460416666666667 0.05724074074074071 0.028609375000000003
0 0.24251851851851852 0.09073958333333332 0.05966666666666664 0.027156249999999982
0 0.2537962962962963 0.11020833333333332 0.06223148148148149 0.023536458333333333
0 0.4936666666666666 0.07914062499999999 0.05524074074074071 0.03687499999999999
0 0.47018518518518515 0.10394270833333333 0.07822222222222214 0.02707291666666668
0 0.7428240740740739 0.128265625 0.06394444444444439 0.02272916666666669
0 0.822111111111111 0.14147395833333332 0.04696296296296288 0.032276041666666665
0 0.6291944444444444 0.19282291666666668 0.05937962962962978 0.03301041666666667
0 0.4933055555555555 0.24191145833333333 0.061666666666666634 0.026005208333333307
0 0.20947222222222223 0.16071354166666665 0.04353703703703699 0.03623437500000004
0 0.18035185185185185 0.209203125 0.04810185185185184 0.027223958333333333
0 0.23245370370370372 0.2148177083333333 0.03525925925925925 0.041671875000000004
0 0.28912037037037036 0.24648958333333332 0.054379629629629674 0.030338541666666698
0 0.19362962962962962 0.24107291666666666 0.04324999999999998 0.018703124999999952
0 0.22502777777777774 0.29330729166666664 0.06037962962962958 0.026015625000000053
0 0.1635833333333333 0.30686979166666667 0.03597222222222223 0.029062499999999946
0 0.2418055555555555 0.36671875 0.04396296296296301 0.027510416666666603
0 0.35442592592592587 0.339140625 0.04367592592592592 0.026156250000000013
0 0.16008333333333333 0.4161041666666666 0.04182407407407409 0.025114583333333405
0 0.47039814814814807 0.418953125 0.040111111111111104 0.025197916666666664
0 0.6008611111111111 0.42264583333333333 0.03839814814814812 0.03771354166666665
0 0.6357685185185186 0.4100833333333333 0.04967592592592606 0.027526041666666633
0 0.5776018518518518 0.44275000000000003 0.04610185185185177 0.036666666666666715
0 0.47853703703703704 0.46918229166666664 0.05352777777777773 0.023682291666666622
0 0.1921296296296296 0.4373541666666666 0.07023148148148148 0.025062499999999942
0 0.2309537037037037 0.4597864583333333 0.03368518518518518 0.048249999999999994
0 0.16707407407407407 0.5173854166666667 0.052953703703703704 0.03257291666666671
0 0.31002777777777774 0.5331614583333334 0.06623148148148149 0.024781250000000022
0 0.44520370370370366 0.507953125 0.05395370370370374 0.019333333333333334
0 0.46425925925925926 0.538734375 0.1505925925925927 0.05215104166666666
0 0.25572222222222224 0.6069895833333334 0.035546296296296256 0.03834895833333345
0 0.19062962962962962 0.6524791666666666 0.06409259259259262 0.041817708333333314
0 0.22124999999999997 0.6961197916666666 0.031407407407407426 0.033546874999999865
0 0.22410185185185183 0.7945104166666667 0.03711111111111107 0.025593749999999905
0 0.1898425925925926 0.9624635416666667 0.04282407407407407 0.027479166666666898
0 0.15251851851851853 0.9866041666666666 0.04096296296296297 0.02678645833333313
0 0.19876851851851848 0.9884114583333332 0.024981481481481497 0.023177083333333216
0 0.697925925925926 0.9264583333333333 0.06694444444444443 0.03014583333333327
0 0.7680092592592593 0.8767708333333333 0.05581481481481489 0.023583333333333557
0 0.7732962962962963 0.89728125 0.05780555555555572 0.02558333333333316
0 0.9181018518518518 0.89121875 0.05138888888888889 0.04155729166666653
0 0.9001944444444444 0.7424635416666666 0.040398148148148356 0.03148958333333329
0 0.787 0.7737708333333334 0.062379629629629424 0.02344791666666666
0 0.7750833333333332 0.7899062499999999 0.042824074074073966 0.028421875000000086
0 0.7873518518518519 0.8120989583333333 0.05595370370370366 0.023833333333333328
0 0.7276203703703703 0.8038697916666667 0.04981481481481475 0.027447916666666572
0 0.7020648148148149 0.8259062499999998 0.05524074074074079 0.028968749999999942
0 0.6891481481481481 0.7999791666666667 0.07194444444444446 0.030098958333333314
0 0.7156944444444444 0.7756979166666665 0.06109259259259261 0.02088020833333335
0 0.6537499999999999 0.6832239583333333 0.06280555555555543 0.02783333333333342
0 0.5631851851851852 0.6656458333333333 0.0543796296296296 0.03281770833333351
0 0.6620277777777778 0.7449583333333333 0.05081481481481486 0.02443749999999998
0 0.7236203703703704 0.7347604166666667 0.04411111111111118 0.037765625000000115
0 0.8031296296296296 0.6212447916666666 0.04610185185185192 0.029130208333333307
0 0.740824074074074 0.5841614583333332 0.05652777777777784 0.02560937499999998
0 0.7833611111111111 0.5506458333333333 0.06509259259259245 0.028437499999999893
0 0.9372314814814814 0.508421875 0.04738888888888874 0.030703124999999963