0 0.4501146524261685 0.10607734806629834 0.1634989765924375 0.0729281767955801
0 0.36836516412994963 0.687292817679558 0.06500561719940284 0.0375690607734807
0 0.5249696055648748 0.7980662983425414 0.039397343757213925 0.02928176795580111
0 0.417611843826467 0.7588397790055248 0.04727681250865668 0.021546961325966764
0 0.7825297403776604 0.3906077348066298 0.04432201172686547 0.03314917127071819
0 0.11326736330198986 0.7533149171270718 0.04924667969651733 0.03812154696132595
0 0.6520260391818895 0.27486187845303867 0.06303575001154219 0.03701657458563536
0 0.9391341818125856 0.49779005524861875 0.058111082041890486 0.0430939226519337
0 0.16005170901368132 0.8969613259668507 0.06599055079333324 0.035911602209944604
0 0.6170608965973622 0.6580110497237569 0.04235214453900498 0.034254143646408865
0 0.7982886778805459 0.412707182320442 0.060080949229751296 0.026519337016574517
0 0.12656396682004956 0.10276243093922652 0.06796041798119393 0.0430939226519337
0 0.2994198125548254 0.7776243093922652 0.043337078132935226 0.033701657458563614
0 0.7239261915388049 0.33066298342541434 0.053186414072238626 0.04143646408839778
0 0.38313916803890485 0.78646408839779 0.041367210945074576 0.035911602209944604
0 0.7436248634174119 0.15939226519337016 0.055156281260099436 0.03701657458563536
0 0.14380030471383062 0.8364640883977901 0.04924667969651733 0.025414364640883848
0 0.23933886332507426 0.743646408839779 0.047276812508656604 0.0375690607734807
0 0.21865525785253698 0.2046961325966851 0.043337078132935226 0.0403314917127072
0 0.6628603087151232 0.3455801104972375 0.06106588282368154 0.023756906077348105
0 0.5604272149463673 0.8566298342541436 0.05712614844796008 0.031491712707182276
0 0.1861524492528355 0.9386740331491712 0.0374274765693532 0.023204419889502857
0 0.7953338770987549 0.3715469613259669 0.07190015235691519 0.025966850828729272
0 0.7825297403776604 0.9571823204419889 0.04432201172686547 0.03812154696132595
0 0.1462626386986565 0.25303867403314917 0.07190015235691531 0.045303867403314955
0 0.19353945120731314 0.7240331491712707 0.046291878914726275 0.033701657458563614
0 0.7889318087382077 0.1240331491712707 0.07485495313870624 0.039226519337016576
0 0.4304159805475615 0.6024861878453038 0.053186414072238786 0.04364640883977895
0 0.1940319180042783 0.04088397790055248 0.045306945320795954 0.05082872928176796
0 0.4643961895381585 0.04171270718232044 0.05614121485402968 0.027071823204419875
0 0.3388171563120393 0.5900552486187844 0.04727681250865668 0.03646408839779003
0 0.2787362070822881 0.11519337016574585 0.07091521876298494 0.03480662983425416
0 0.14478523830776097 0.6005524861878453 0.04924667969651733 0.026519337016574517
0 0.7362378614629341 0.9781767955801104 0.05220148047830838 0.039226519337016444
0 0.8317764200741777 0.20082872928176795 0.046291878914726275 0.032596685082872945
0 0.3225657520121885 0.6549723756906076 0.0423521445390049 0.02707182320441994
0 0.1797503808922883 0.3013812154696133 0.03841241016328353 0.03038674033149169
0 0.292525277397313 0.6118784530386739 0.07288508595084567 0.02707182320441994
0 0.6904384493451731 0.7046961325966851 0.05712614844796024 0.04917127071823213
0 0.18418258206497481 0.4124309392265193 0.045306945320795954 0.028176795580110436
0 0.5953923575308946 0.5850828729281767 0.05023161329044773 0.029834254143646356
0 0.15069483987134305 0.01464088397790055 0.07485495313870631 0.0292817679558011
0 0.6259252989427353 0.5994475138121547 0.046291878914726275 0.024309392265193353
0 0.9199279767309437 0.3342541436464088 0.03742747656935312 0.03314917127071819
0 0.16694624417119378 0.6245856353591159 0.05417134766616907 0.02707182320441994
0 0.7190015235691531 0.37679558011049724 0.06303575001154203 0.02762430939226519
0 0.707674787238954 0.43259668508287297 0.058111082041890486 0.034254143646408865
0 0.6426691700395513 0.7690607734806629 0.06599055079333324 0.029834254143646356
0 0.5047784668893027 0.2861878453038674 0.056141214854029835 0.030939226519337025
0 0.3988981055417904 0.7143646408839779 0.06303575001154219 0.02872928176795586
0 0.19994151956786038 0.6759668508287293 0.06106588282368154 0.031491712707182276
0 0.48557226180766094 0.8154696132596685 0.043337078132935226 0.023204419889502857
0 0.2713492051278105 0.8046961325966852 0.05417134766616903 0.022651933701657613
0 0.19255451761338277 0.8312154696132596 0.05220148047830838 0.031491712707182276
0 0.10834269533233815 0.6323204419889502 0.04333707813293526 0.031491712707182276
0 0.28957047661552193 0.7002762430939227 0.06500561719940291 0.025966850828729272
0 0.7776050724080087 0.487292817679558 0.05614121485402968 0.025414364640884025
0 0.5289093399405962 0.8359116022099448 0.0847042890780098 0.028729281767955684
0 0.41613444343557143 0.811049723756906 0.04038227735114417 0.026519337016574697
0 0.3402945567029348 0.7179558011049723 0.060080949229751136 0.03701657458563527
0 0.679111713014974 0.40303867403314914 0.06599055079333324 0.03038674033149178
0 0.5264470059557703 0.6337016574585635 0.0640206836054726 0.025414364640884025
0 0.6411917696486557 0.7071823204419889 0.05712614844796008 0.024309392265193353
0 0.41219470905985006 0.738950276243094 0.05417134766616903 0.022651933701657433
0 0.565351882916019 0.8104972375690608 0.04530694532079587 0.029834254143646533
0 0.9529232521276104 0.07403314917127071 0.058111082041890486 0.03867403314917126
0 0.7849920743624864 0.5085635359116022 0.053186414072238626 0.03038674033149178
0 0.9322396466550731 0.8604972375690607 0.048261746102587086 0.032596685082872764
0 0.36885763092691487 0.5657458563535911 0.046291878914726275 0.025414364640884025
0 0.5702765508856708 0.01602209944751381 0.04924667969651733 0.03204419889502762
0 0.28710814263069606 0.6635359116022099 0.048261746102587 0.03646408839779003
0 0.6342972344911433 0.6889502762430939 0.06303575001154219 0.020994475138121516
0 0.11868449806860679 0.8511049723756905 0.05417134766616907 0.02707182320441994
0 0.7012727188784068 0.5433701657458563 0.07682482032656705 0.028176795580110436
0 0.21914772464950213 0.7707182320441989 0.058111082041890486 0.026519337016574517
0 0.6195232305821881 0.7878453038674034 0.05909601563582073 0.029834254143646533
0 0.7165391895843272 0.9925414364640883 0.05023161329044758 0.014917127071823088
0 0.4643961895381585 0.9022099447513812 0.03841241016328353 0.02762430939226519
0 0.27184167192477565 0.761878453038674 0.05318641407223871 0.03977900552486187
0 0.605241693470198 0.811049723756906 0.04235214453900498 0.025414364640883848
0 0.23786146293417873 0.9361878453038674 0.040382277351144254 0.016022099447513937
0 0.7318056602902476 0.40359116022099445 0.05909601563582073 0.031491712707182276