0 0.5488683127572016 0.4447337962962963 0.04218106995884767 0.02604166666666661
0 0.38323045267489714 0.3272569444444444 0.0668724279835391 0.03993055555555554
0 0.9799382716049383 0.5008680555555556 0.04012345679012349 0.03298611111111107
0 0.8281893004115226 0.12065972222222221 0.05967078189300423 0.03877314814814814
0 0.5951646090534979 0.8162615740740741 0.05658436213991772 0.026041666666666786
0 0.7160493827160493 0.013310185185185184 0.06995884773662561 0.026620370370370367
0 0.5056584362139918 0.9343171296296295 0.04012345679012349 0.03182870370370381
0 0.7417695473251028 0.9693287037037036 0.05144032921810688 0.04398148148148131
0 0.8199588477366254 0.09606481481481481 0.05761316872427989 0.0324074074074074
0 0.3539094650205762 0.8802083333333333 0.04320987654320984 0.03472222222222214
0 0.3251028806584362 0.939525462962963 0.051440329218106956 0.023726851851851905
0 0.11831275720164608 0.5141782407407407 0.06378600823045268 0.02835648148148149
0 0.4012345679012345 0.4375 0.04732510288065836 0.03009259259259256
0 0.23096707818930037 0.7766203703703703 0.05452674897119339 0.023148148148148095
0 0.3451646090534979 0.7957175925925926 0.0668724279835391 0.03356481481481488
0 0.23148148148148145 0.8168402777777777 0.0493827160493827 0.04340277777777786
0 0.43621399176954734 0.4039351851851851 0.05144032921810704 0.023148148148148095
0 0.3966049382716049 0.8396990740740741 0.0586419753086419 0.030092592592592737
0 0.3302469135802469 0.6608796296296295 0.06790123456790127 0.0393518518518519
0 0.5931069958847737 0.4574652777777778 0.04835390946502053 0.03067129629629637
0 0.36522633744855965 0.18778935185185183 0.04526748971193418 0.03298611111111112
0 0.44855967078189296 0.23495370370370366 0.05761316872427989 0.04629629629629628
0 0.6584362139917694 0.22337962962962962 0.05144032921810704 0.02777777777777777
0 0.14506172839506173 0.23755787037037038 0.053497942386831254 0.026041666666666696
0 0.41820987654320985 0.3559027777777778 0.0668724279835391 0.03587962962962958
0 0.6352880658436214 0.5778356481481481 0.04629629629629635 0.03530092592592595
0 0.14146090534979422 0.763599537037037 0.06893004115226337 0.03414351851851851
0 0.8703703703703703 0.9256365740740741 0.05144032921810688 0.02951388888888893
0 0.16358024691358025 0.5625 0.06995884773662553 0.03472222222222214
0 0.5895061728395061 0.5060763888888888 0.06172839506172841 0.03067129629629637
0 0.37191358024691357 0.6744791666666666 0.05246913580246921 0.03067129629629637
0 0.31584362139917693 0.8414351851851851 0.05555555555555555 0.03240740740740726
0 0.6460905349794238 0.8570601851851851 0.0493827160493827 0.04050925925925917
0 0.4429012345679012 0.7158564814814814 0.06481481481481476 0.024305555555555535
0 0.8112139917695472 0.8828125 0.05041152263374487 0.03067129629629619
0 0.1970164609053498 0.49131944444444436 0.058641975308641986 0.03009259259259256
0 0.1965020576131687 0.9068287037037036 0.06584362139917693 0.03240740740740726
0 0.4027777777777778 0.9331597222222221 0.05452674897119339 0.05034722222222214
0 0.6538065843621399 0.818287037037037 0.05246913580246921 0.025462962962962975
0 0.2752057613168724 0.861400462962963 0.04218106995884775 0.02951388888888893
0 0.7746913580246912 0.012152777777777778 0.05761316872427989 0.024305555555555556
0 0.43106995884773663 0.3831018518518518 0.05761316872427989 0.023148148148148185
0 0.6347736625514403 0.6533564814814815 0.08024691358024683 0.027777777777777856
0 0.9804526748971193 0.10561342592592593 0.03909465020576117 0.04456018518518516
0 0.11059670781893002 0.4053819444444445 0.05041152263374487 0.04108796296296298
0 0.2803497942386831 0.4609375 0.06069958847736624 0.021412037037037025
0 0.35133744855967075 0.22135416666666666 0.05041152263374487 0.03993055555555554
0 0.19753086419753088 0.3726851851851852 0.05144032921810704 0.03356481481481479
0 0.24588477366255143 0.3926504629629629 0.053497942386831296 0.04224537037037033
0 0.5097736625514403 0.4652777777777778 0.05041152263374487 0.025462962962962975
0 0.7772633744855966 0.6365740740740741 0.05452674897119354 0.03819444444444446
0 0.5468106995884774 0.2829861111111111 0.06275720164609058 0.02893518518518521
0 0.19547325102880658 0.6116898148148148 0.04115226337448558 0.021990740740740655
0 0.7402263374485596 0.16001157407407407 0.08127572016460899 0.03298611111111112
0 0.6481481481481481 0.2919560185185185 0.04526748971193418 0.03993055555555554
0 0.30401234567901236 0.6412037037037036 0.0627572016460905 0.025462962962962975
0 0.4382716049382716 0.6872106481481481 0.04320987654320984 0.03067129629629637
0 0.16820987654320987 0.029513888888888888 0.04629629629629631 0.03819444444444444
0 0.16872427983539096 0.2627314814814815 0.059670781893004114 0.03009259259259256
0 0.2988683127572016 0.3431712962962963 0.0668724279835391 0.02777777777777777
0 0.6383744855967078 0.45572916666666663 0.04629629629629635 0.02604166666666661
0 0.2031893004115226 0.31828703703703703 0.06481481481481484 0.03703703703703702
0 0.7268518518518517 0.3359375 0.0586419753086419 0.05150462962962958
0 0.14866255144032922 0.990162037037037 0.040123456790123455 0.01967592592592595
0 0.43621399176954734 0.46296296296296297 0.04732510288065836 0.026620370370370416
0 0.831275720164609 0.611111111111111 0.04526748971193418 0.03587962962962958
0 0.6373456790123456 0.7693865740740741 0.05452674897119339 0.023726851851851905
0 0.6260288065843621 0.20833333333333331 0.05452674897119339 0.03703703703703702
0 0.10545267489711933 0.27401620370370366 0.04629629629629627 0.0364583333333333
0 0.2566872427983539 0.6082175925925926 0.058641975308641986 0.03009259259259256
0 0.7536008230452675 0.8596643518518517 0.07716049382716063 0.03530092592592595
0 0.33487654320987653 0.29484953703703703 0.04423868312757201 0.02835648148148149
0 0.28446502057613166 0.7688078703703703 0.0627572016460905 0.04456018518518512
0 0.2803497942386831 0.4108796296296296 0.05658436213991772 0.04166666666666661
0 0.1676954732510288 0.8608217592592592 0.047325102880658436 0.03182870370370381
0 0.8420781893004116 0.01707175925925926 0.06481481481481492 0.03414351851851852
0 0.7438271604938271 0.0390625 0.06790123456790127 0.046875
0 0.6790123456790124 0.40827546296296297 0.06584362139917693 0.02951388888888893
0 0.14660493827160492 0.4973958333333333 0.05658436213991769 0.024884259259259345
0 0.5092592592592592 0.038773148148148154 0.06584362139917693 0.03356481481481481
0 0.2258230452674897 0.42361111111111105 0.06481481481481484 0.025462962962962975
0 0.6512345679012346 0.4293981481481481 0.06378600823045275 0.027777777777777856
0 0.5565843621399177 0.4849537037037037 0.09053497942386836 0.027777777777777856
0 0.30504115226337447 0.24739583333333331 0.07716049382716048 0.02951388888888893
0 0.7566872427983539 0.6643518518518519 0.05246913580246921 0.04050925925925934
0 0.6877572016460906 0.7905092592592593 0.04012345679012349 0.03819444444444446
0 0.2530864197530864 0.8423032407407407 0.053497942386831296 0.02835648148148131
0 0.29835390946502055 0.30324074074074076 0.05555555555555555 0.04282407407407405
0 0.3544238683127572 0.359375 0.0668724279835391 0.04050925925925926
0 0.4861111111111111 0.5656828703703703 0.04218106995884767 0.03298611111111107
0 0.12242798353909463 0.9820601851851851 0.059670781893004114 0.03587962962962976
0 0.8199588477366254 0.0054976851851851844 0.04732510288065852 0.010995370370370369
0 0.6671810699588476 0.32204861111111105 0.06275720164609058 0.021412037037037025
0 0.23765432098765432 0.7468171296296295 0.03909465020576132 0.03645833333333339
0 0.676954732510288 0.34172453703703703 0.06584362139917693 0.02719907407407405
0 0.31069958847736623 0.4296875 0.0493827160493827 0.03414351851851851
0 0.559156378600823 0.9565972222222221 0.04012345679012349 0.03125
0 0.5889917695473251 0.9461805555555556 0.07510288065843614 0.01967592592592595