0 0.25011111111111106 0.025229166666666664 0.06021296296296291 0.03465625000000001
0 0.17453703703703702 0.029140624999999996 0.05202777777777775 0.03031250000000001
0 0.16040740740740742 0.06208854166666666 0.04446296296296295 0.04844791666666666
0 0.22649074074074071 0.18175 0.05928703703703704 0.02725000000000004
0 0.28121296296296294 0.1739375 0.04369444444444442 0.032458333333333346
0 0.3366388888888889 0.17667187499999998 0.052648148148148145 0.028380208333333323
0 0.37099074074074073 0.15248958333333332 0.051870370370370365 0.02951562499999998
0 0.44147222222222227 0.1472395833333333 0.06160185185185188 0.030302083333333306
0 0.4589907407407407 0.0806875 0.03643518518518521 0.03354166666666667
0 0.5019907407407407 0.10169791666666665 0.06437962962962966 0.04429687499999999
0 0.42363888888888884 0.010218750000000002 0.03674074074074064 0.020265625
0 0.4670185185185185 0.009484375 0.040138888888888856 0.01896354166666666
0 0.5115648148148148 0.007921875 0.0452314814814814 0.01583854166666666
0 0.5534074074074073 0.03131770833333333 0.053879629629629736 0.02946354166666667
0 0.6371574074074075 0.06092708333333333 0.05311111111111096 0.03830729166666666
0 0.7029259259259258 0.014604166666666668 0.07472222222222231 0.028166666666666663
0 0.7030833333333334 0.04681770833333333 0.0694722222222222 0.02832812500000001
0 0.756037037037037 0.041213541666666666 0.04878703703703719 0.035364583333333324
0 0.7964907407407408 0.06656770833333334 0.05063888888888894 0.046463541666666656
0 0.7514814814814814 0.07972395833333332 0.03937037037037025 0.029875000000000006
0 0.7807407407407407 0.1048125 0.057435185185185055 0.04010937499999998
0 0.7402129629629629 0.1105 0.0507962962962962 0.0384583333333333
0 0.9385185185185185 0.1233958333333333 0.05681481481481462 0.0390625
0 0.9271018518518518 0.1623125 0.052490740740740685 0.04046875000000001
0 0.8710555555555555 0.18002604166666664 0.0423055555555556 0.03073958333333331
0 0.8270555555555555 0.16048958333333332 0.050018518518518504 0.03508854166666668
0 0.7766481481481481 0.15918749999999998 0.049555555555555644 0.030749999999999965
0 0.7123425925925926 0.148984375 0.05218518518518509 0.04073437499999999
0 0.6050462962962962 0.13804166666666667 0.03828703703703695 0.036229166666666666
0 0.6254259259259259 0.161921875 0.048166666666666594 0.030140624999999987
0 0.6002592592592592 0.18145833333333333 0.05650925925925918 0.025791666666666657
0 0.46424074074074073 0.18805729166666665 0.05928703703703696 0.02856770833333335
0 0.5024537037037037 0.15888020833333333 0.06314814814814819 0.046635416666666665
0 0.43120370370370364 0.21333333333333332 0.04878703703703703 0.025270833333333353
0 0.4901018518518518 0.21519791666666666 0.06314814814814819 0.029875000000000006
0 0.24632407407407403 0.20642708333333332 0.06653703703703708 0.027968750000000032
0 0.24014814814814814 0.24849479166666666 0.04184259259259259 0.03480729166666672
0 0.39013888888888887 0.2685052083333333 0.06546296296296296 0.03575520833333332
0 0.2995925925925926 0.290734375 0.04647222222222219 0.031578125000000054
0 0.1952222222222222 0.2942083333333333 0.06623148148148149 0.024630208333333313
0 0.3262222222222222 0.31209375 0.04261111111111112 0.032614583333333245
0 0.4510462962962963 0.33910416666666665 0.06098148148148144 0.04321354166666671
0 0.6336851851851851 0.2514114583333333 0.04152777777777775 0.031093749999999965
0 0.6753703703703704 0.240515625 0.044620370370370366 0.043166666666666666
0 0.6803888888888889 0.32169791666666664 0.040759259259259294 0.02663541666666669
0 0.6291296296296297 0.326734375 0.05558333333333331 0.022812499999999947
0 0.8617962962962963 0.521875 0.05465740740740728 0.029250000000000043
0 0.2832222222222222 0.41091145833333337 0.03226851851851854 0.019223958333333437
0 0.20332407407407405 0.5066822916666667 0.06237037037037039 0.028385416666666607
0 0.3250648148148148 0.5941302083333333 0.04492592592592588 0.027864583333333394
0 0.1888148148148148 0.5969947916666667 0.05187037037037033 0.03532812500000002
0 0.2295 0.6260833333333332 0.044305555555555605 0.03271354166666658
0 0.18904629629629627 0.6330260416666667 0.0415277777777778 0.03618229166666662
0 0.1810185185185185 0.6768906250000001 0.052648148148148166 0.028385416666666607
0 0.22277777777777774 0.687703125 0.05804629629629632 0.02482291666666665
0 0.2838425925925926 0.6831458333333333 0.058203703703703744 0.023520833333333258
0 0.45444444444444443 0.6599166666666666 0.03812962962962953 0.03178125000000005
0 0.5384259259259259 0.664171875 0.05172222222222208 0.031604166666666524
0 0.5143425925925926 0.684578125 0.07148148148148152 0.025520833333333392
0 0.5490833333333333 0.7029427083333333 0.06993518518518521 0.02837499999999995
0 0.39145370370370364 0.688875 0.03812962962962953 0.03150520833333328
0 0.3636574074074074 0.7023333333333334 0.03566666666666664 0.03236979166666672
0 0.38373148148148145 0.726125 0.05727777777777779 0.020901041666666665
0 0.280287037037037 0.7239947916666666 0.05419444444444442 0.024458333333333294
0 0.24246296296296294 0.7097135416666667 0.037203703703703656 0.03149999999999995
0 0.18788888888888886 0.7014635416666666 0.04384259259259261 0.020213541666666578
0 0.2940277777777778 0.7453125 0.06623148148148149 0.026276041666666573
0 0.3002037037037037 0.7728437499999999 0.04152777777777782 0.027494791666666706
0 0.3577129629629629 0.7931145833333333 0.04384259259259263 0.034171875000000004
0 0.6177037037037038 0.7873906249999999 0.057435185185185214 0.026187500000000075
0 0.1884259259259259 0.749703125 0.04647222222222219 0.037666666666666695
0 0.22510185185185183 0.75009375 0.04106481481481481 0.027161458333333322
0 0.2312685185185185 0.7742760416666666 0.06576851851851855 0.02602083333333329
0 0.1905925925925926 0.8036249999999999 0.038444444444444434 0.03260937500000009
0 0.17183333333333334 0.8461927083333333 0.0426111111111111 0.027432291666666588
0 0.21081481481481482 0.85665625 0.0634537037037037 0.030119791666666628
0 0.1580925925925926 0.8668125 0.04291666666666667 0.03480729166666663
0 0.2503425925925926 0.9231666666666666 0.0375185185185185 0.02418750000000003
0 0.4257222222222222 0.8728906249999999 0.06222222222222232 0.029593750000000085
0 0.7413703703703703 0.9828906249999999 0.036129629629629616 0.034218749999999784
0 0.7662222222222221 0.9878854166666666 0.027175925925925843 0.024229166666666656
0 0.7992685185185185 0.9898385416666666 0.037666666666666834 0.020322916666666656
0 0.9087962962962962 0.9921875 0.03796296296296286 0.015625
0 0.9391388888888889 0.9857135416666665 0.04569444444444425 0.028572916666666615