0 0.3907874176234799 0.6134146341463416 0.17501188939465992 0.06829268292682933
0 0.24838643929614784 0.018292682926829267 0.046742305863170054 0.036585365853658534
0 0.5446022148243767 0.47804878048780486 0.05000339696990281 0.04146341463414629
0 0.1429444935117875 0.6911585365853659 0.046742305863170054 0.04085365853658533
0 0.5190570011549698 0.5021341463414635 0.05109042733881371 0.04207317073170724
0 0.39350499354575724 0.10884146341463415 0.06956994361029968 0.042073170731707334
0 0.6065629458522998 0.7807926829268294 0.07174400434812146 0.037195121951219434
0 0.7788572593246824 0.7085365853658537 0.05109042733881386 0.034146341463414664
0 0.12609552279366806 0.41310975609756095 0.052177457707724716 0.031097560975609718
0 0.06902642842584415 0.2658536585365854 0.04891636660099192 0.02317073170731705
0 0.6625450098512128 0.011890243902439025 0.05326448807663565 0.02378048780487805
0 0.6087370065901216 0.03719512195121951 0.07391806508594341 0.03292682926829269
0 0.10055030912426118 0.7932926829268293 0.042394184387526325 0.03658536585365866
0 0.25762619743189075 0.38109756097560976 0.05000339696990289 0.03170731707317076
0 0.762008288606563 0.8850609756097562 0.08044024729940892 0.035975609756097524
0 0.04348121475643726 0.5878048780487805 0.06522182213465588 0.040243902439024384
0 0.08370133840614173 0.021646341463414633 0.07174400434812148 0.043292682926829265
0 0.6891772538895305 0.8426829268292684 0.05869963992119043 0.0439024390243901
0 0.0619607310279231 0.7442073170731708 0.0760921258237652 0.04939024390243905
0 0.08750594469732997 0.1719512195121951 0.05543854881445751 0.046341463414634146
0 0.7538555608397309 0.6277439024390243 0.07935321693049803 0.03841463414634152
0 0.11413818873564781 0.5198170731707317 0.04565527549425912 0.05182926829268286
0 0.7174400434812147 0.13932926829268294 0.06739588287247789 0.02987804878048781
0 0.8103811400230995 0.1524390243902439 0.055438548814457436 0.04390243902439024
0 0.585909368842992 0.4625 0.056525579183368486 0.02987804878048781
0 0.1619675249677288 0.01432926829268293 0.052177457707724716 0.02865853658536586
0 0.10218085467762757 0.9088414634146341 0.04348121475643726 0.02987804878048763
0 0.42013723758407506 0.2655487804878049 0.0641347917657449 0.027439024390243906
0 0.10652897615327128 0.32682926829268294 0.06304776139683405 0.034146341463414664
0 0.032067395882872475 0.338109756097561 0.038046062911882596 0.035975609756097524
0 0.05380800326109111 0.22896341463414632 0.05978667029010122 0.035975609756097524
0 0.1462055846185203 0.11554878048780488 0.06413479176574494 0.03353658536585367
0 0.11413818873564781 0.23658536585365852 0.052177457707724716 0.05
0 0.12500849242475712 0.09481707317073171 0.06956994361029964 0.031097560975609763
0 0.4989469393301175 0.7594512195121952 0.05000339696990281 0.037195121951219434
0 0.5766696107072492 0.2134146341463415 0.0750050954548543 0.03658536585365857
0 0.6342822202595285 0.9164634146341463 0.06848291324138862 0.034146341463414484
0 0.7033086486853727 0.6643292682926829 0.060873700659012216 0.035975609756097524
0 0.6647190705890347 0.9472560975609756 0.061960731027923106 0.03475609756097562
0 0.9343026020789457 0.5798780487804878 0.05761260955227922 0.03780487804878056
0 0.3614375976628847 0.575 0.05761260955227938 0.024390243902439046
0 0.04348121475643726 0.020426829268292684 0.05869963992119031 0.04085365853658537
0 0.7418982267817108 0.9945121951219512 0.0641347917657449 0.010975609756097526
0 0.1771859501324818 0.27469512195121953 0.06522182213465587 0.037195121951219524
0 0.02717575922277329 0.46798780487804875 0.052177457707724716 0.031097560975609718
0 0.42285481350635234 0.07957317073170732 0.07174400434812146 0.038414634146341456
0 0.20707928527753244 0.6039634146341464 0.07717915619267617 0.031097560975609718
0 0.39459202391466813 0.4737804878048781 0.04565527549425908 0.024390243902439046
0 0.4022012364970447 0.5317073170731708 0.056525579183368486 0.030487804878048762
0 0.3973095998369454 0.007317073170731709 0.04456824512534819 0.014634146341463417
0 0.6179767647258646 0.8533536585365853 0.06630885250356684 0.02621951219512191
0 0.6799374957537875 0.8887195121951219 0.07065697397921057 0.032317073170731805
0 0.762008288606563 0.9286585365853659 0.06739588287247789 0.030487804878048762
0 0.06522182213465588 0.4935975609756098 0.08478836877505265 0.02621951219512191
0 0.6924383449962633 0.9192073170731708 0.06522182213465595 0.037195121951219434
0 0.8924519328758747 0.8481707317073172 0.0434812147564373 0.03780487804878056
0 0.09783273320198384 0.07286585365853658 0.07174400434812146 0.03475609756097562