0 0.4717592592592592 0.3546875 0.14907407407407414 0.060416666666666695
0 0.39398148148148143 0.7703125 0.043518518518518574 0.025
0 0.21944444444444444 0.52578125 0.03888888888888889 0.0296875
0 0.23333333333333334 0.03515625 0.04629629629629627 0.0484375
0 0.6342592592592592 0.8057291666666666 0.044444444444444446 0.025
0 0.23287037037037037 0.9145833333333332 0.04351851851851849 0.035416666666666784
0 0.17037037037037037 0.34375 0.06111111111111111 0.0364583333333333
0 0.18564814814814815 0.8002604166666666 0.05092592592592593 0.027604166666666697
0 0.45185185185185184 0.8028645833333332 0.04814814814814809 0.043229166666666693
0 0.7435185185185185 0.4028645833333333 0.05370370370370381 0.03072916666666665
0 0.15648148148148147 0.9388020833333333 0.04629629629629627 0.04010416666666679
0 0.2375 0.8684895833333333 0.05277777777777778 0.030729166666666786
0 0.24305555555555555 0.19036458333333334 0.045370370370370394 0.031770833333333345
0 0.9245370370370369 0.7166666666666666 0.05462962962962952 0.04270833333333339
0 0.6027777777777777 0.23958333333333331 0.044444444444444446 0.039583333333333304
0 0.48055555555555557 0.2919270833333333 0.05 0.024479166666666698
0 0.25555555555555554 0.43671875 0.03888888888888889 0.03385416666666661
0 0.7300925925925925 0.6283854166666666 0.058333333333333334 0.030729166666666606
0 0.22129629629629627 0.62734375 0.040740740740740716 0.027604166666666607
0 0.4671296296296296 0.0546875 0.041666666666666664 0.03645833333333333
0 0.6407407407407407 0.22604166666666664 0.05 0.030208333333333302
0 0.3509259259259259 0.8526041666666666 0.040740740740740716 0.027083333333333216
0 0.15694444444444444 0.23828125 0.04537037037037038 0.025520833333333305
0 0.6222222222222222 0.85859375 0.04074074074074079 0.030729166666666786
0 0.9074074074074073 0.5651041666666666 0.03703703703703714 0.033333333333333395
0 0.7773148148148148 0.615625 0.043518518518518415 0.029166666666666608
0 0.9425925925925925 0.32578125 0.05370370370370381 0.034895833333333307
0 0.6041666666666666 0.79296875 0.04722222222222222 0.028645833333333304
0 0.6912037037037037 0.903125 0.05277777777777778 0.048958333333333215
0 0.19351851851851848 0.060677083333333326 0.044444444444444446 0.0234375
0 0.7916666666666666 0.5986979166666666 0.06666666666666667 0.025520833333333392
0 0.6449074074074074 0.8861979166666666 0.043518518518518574 0.0203125
0 0.23101851851851848 0.28541666666666665 0.037962962962962934 0.0458333333333333
0 0.7740740740740739 0.7046875 0.051851851851851746 0.025
0 0.3185185185185185 0.8596354166666667 0.044444444444444446 0.0359375
0 0.1884259259259259 0.2598958333333333 0.06944444444444445 0.023958333333333304
0 0.8078703703703703 0.4419270833333333 0.043518518518518415 0.0296875
0 0.7800925925925926 0.725 0.04907407407407397 0.028125
0 0.1537037037037037 0.8296875 0.03888888888888889 0.03229166666666679
0 0.6597222222222222 0.5067708333333333 0.06203703703703699 0.03229166666666661
0 0.47407407407407404 0.2390625 0.03888888888888889 0.026041666666666696
0 0.16203703703703703 0.12734375 0.03703703703703704 0.03385416666666665
0 0.35648148148148145 0.15859375 0.044444444444444446 0.0296875
0 0.7074074074074074 0.6544270833333333 0.05370370370370365 0.0296875
0 0.31296296296296294 0.3575520833333333 0.06481481481481484 0.027604166666666697
0 0.18703703703703703 0.48203125 0.06666666666666667 0.041145833333333395
0 0.2824074074074074 0.06901041666666666 0.05555555555555555 0.0359375
0 0.7282407407407406 0.5604166666666666 0.05277777777777778 0.03645833333333339
0 0.20648148148148146 0.8234375 0.05 0.029166666666666785
0 0.39444444444444443 0.8796875 0.04629629629629635 0.03229166666666679
0 0.6393518518518518 0.015104166666666669 0.06759259259259254 0.029166666666666664
0 0.7925925925925925 0.6361979166666666 0.059259259259259366 0.024479166666666607
0 0.5384259259259259 0.8315104166666666 0.05648148148148143 0.025520833333333215
0 0.32407407407407407 0.8127604166666667 0.05925925925925928 0.0265625
0 0.22685185185185183 0.11276041666666665 0.05740740740740738 0.0328125
0 0.5805555555555556 0.2630208333333333 0.044444444444444446 0.0375
0 0.7851851851851851 0.36979166666666663 0.07222222222222222 0.034375
0 0.6671296296296296 0.5721354166666666 0.058333333333333334 0.021354166666666608
0 0.5648148148148148 0.4934895833333333 0.04259259259259254 0.0328125
0 0.7027777777777777 0.75546875 0.07407407407407404 0.0265625
0 0.18194444444444444 0.03072916666666666 0.05277777777777778 0.03125
0 0.6814814814814815 0.6276041666666666 0.05740740740740746 0.027083333333333393
0 0.3018518518518518 0.8916666666666666 0.025925925925925953 0.019791666666666784
0 0.3657407407407407 0.7934895833333332 0.03888888888888889 0.03281249999999991
0 0.7203703703703703 0.6018229166666667 0.06111111111111111 0.0265625
0 0.44629629629629625 0.32578125 0.04629629629629635 0.016145833333333304