0 0.4212962962962963 0.32291666666666663 0.027777777777777776 0.023958333333333304
0 0.5300925925925926 0.31276041666666665 0.030555555555555555 0.0296875
0 0.33564814814814814 0.4841145833333333 0.04907407407407405 0.021354166666666608
0 0.8435185185185184 0.8221354166666666 0.06111111111111111 0.030729166666666786
0 0.7375 0.4044270833333333 0.043518518518518415 0.0296875
0 0.1787037037037037 0.3421875 0.04629629629629627 0.025
0 0.3148148148148148 0.8770833333333332 0.022222222222222223 0.021875
0 0.2648148148148148 0.103125 0.031481481481481506 0.027083333333333338
0 0.6879629629629629 0.13307291666666665 0.06481481481481476 0.0296875
0 0.49351851851851847 0.4169270833333333 0.051851851851851906 0.0390625
0 0.6217592592592592 0.09322916666666667 0.058333333333333334 0.04583333333333332
0 0.1787037037037037 0.9546875 0.05 0.03125
0 0.4722222222222222 0.09114583333333333 0.03888888888888889 0.040625
0 0.4106481481481481 0.17786458333333333 0.0657407407407408 0.025520833333333347
0 0.2611111111111111 0.30703125 0.040740740740740716 0.0265625
0 0.48287037037037034 0.52421875 0.043518518518518574 0.0234375
0 0.4597222222222222 0.4966145833333333 0.058333333333333334 0.024479166666666607
0 0.3703703703703703 0.4645833333333333 0.051851851851851864 0.023958333333333394
0 0.9583333333333334 0.14036458333333332 0.04629629629629619 0.03802083333333335
0 0.3861111111111111 0.023697916666666662 0.05740740740740746 0.0390625
0 0.6203703703703703 0.6317708333333333 0.044444444444444446 0.02083333333333339
0 0.662962962962963 0.5505208333333333 0.04074074074074079 0.0375
0 0.2152777777777778 0.10546875 0.04351851851851849 0.03385416666666665
0 0.38703703703703696 0.14140625 0.04074074074074079 0.0390625
0 0.5782407407407407 0.26328125 0.041666666666666664 0.030729166666666696
0 0.22453703703703703 0.9059895833333332 0.03611111111111111 0.030729166666666786
0 0.6134259259259258 0.4794270833333333 0.04537037037037032 0.0234375
0 0.5467592592592592 0.3533854166666667 0.05277777777777778 0.021354166666666695
0 0.3277777777777778 0.6096354166666667 0.040740740740740716 0.027604166666666607
0 0.24444444444444444 0.5489583333333333 0.04259259259259262 0.03229166666666661
0 0.262037037037037 0.060677083333333326 0.04259259259259262 0.03385416666666666
0 0.5013888888888889 0.32135416666666666 0.043518518518518574 0.039583333333333304
0 0.6638888888888889 0.16067708333333333 0.04814814814814809 0.04010416666666665
0 0.9222222222222223 0.08046875 0.05370370370370381 0.0359375
0 0.7606481481481481 0.24791666666666665 0.058333333333333334 0.0416666666666667
0 0.6652777777777777 0.6294270833333333 0.04537037037037032 0.0265625
0 0.7708333333333334 0.15026041666666665 0.041666666666666664 0.031770833333333345
0 0.1875 0.8776041666666666 0.04907407407407405 0.035416666666666784
0 0.3884259259259259 0.5729166666666666 0.06018518518518524 0.028125
0 0.4435185185185185 0.63984375 0.05740740740740746 0.0390625
0 0.8111111111111111 0.043229166666666666 0.042592592592592696 0.04166666666666667
0 0.7805555555555556 0.39296875 0.04814814814814825 0.04114583333333335
0 0.40555555555555556 0.30078125 0.04259259259259254 0.034895833333333307
0 0.8847222222222222 0.18776041666666665 0.04907407407407397 0.0359375
0 0.5953703703703703 0.4565104166666666 0.04074074074074079 0.03385416666666661
0 0.26620370370370366 0.22005208333333331 0.039814814814814845 0.036979166666666695
0 0.7537037037037037 0.17994791666666665 0.04629629629629619 0.027604166666666652
0 0.4699074074074074 0.2544270833333333 0.05462962962962968 0.025520833333333305
0 0.8546296296296295 0.05364583333333332 0.044444444444444446 0.040625
0 0.6962962962962963 0.4653645833333333 0.04629629629629635 0.03802083333333339
0 0.8421296296296296 0.1578125 0.058333333333333334 0.025
0 0.6912037037037037 0.33619791666666665 0.06759259259259262 0.0328125
0 0.5680555555555555 0.30182291666666666 0.05277777777777778 0.0359375
0 0.3055555555555556 0.5932291666666666 0.03703703703703706 0.02604166666666661
0 0.6291666666666667 0.38046875 0.04722222222222222 0.034895833333333307
0 0.6273148148148148 0.2520833333333333 0.03611111111111111 0.0364583333333333
0 0.7435185185185185 0.36953125 0.042592592592592696 0.030729166666666696
0 0.7101851851851851 0.21953125 0.07592592592592587 0.028645833333333304
0 0.4629629629629629 0.3239583333333333 0.04074074074074079 0.03125
0 0.7592592592592592 0.051041666666666666 0.05370370370370381 0.04375
0 0.34907407407407404 0.19921875 0.048148148148148134 0.0328125
0 0.4527777777777778 0.3950520833333333 0.03148148148148143 0.0265625
0 0.7587962962962962 0.4783854166666666 0.04722222222222222 0.027604166666666607
0 0.2796296296296296 0.7020833333333333 0.024074074074074046 0.01875
0 0.8527777777777777 0.49869791666666663 0.04814814814814825 0.022395833333333393
0 0.1898148148148148 0.9158854166666666 0.03703703703703704 0.036979166666666785
0 0.24768518518518515 0.3364583333333333 0.05092592592592595 0.030208333333333302
0 0.9189814814814814 0.4536458333333333 0.056481481481481584 0.033333333333333395
0 0.6773148148148148 0.09375 0.05277777777777778 0.04479166666666665
0 0.28148148148148144 0.4809895833333333 0.04259259259259262 0.030729166666666606
0 0.7990740740740739 0.12421875 0.04629629629629619 0.024479166666666653
0 0.7657407407407406 0.4270833333333333 0.051851851851851746 0.030208333333333393
0 0.19814814814814813 0.59140625 0.06111111111111111 0.022395833333333393
0 0.4231481481481481 0.19817708333333334 0.04629629629629635 0.03072916666666665
0 0.2273148148148148 0.4885416666666666 0.058333333333333334 0.023958333333333394
0 0.7134259259259259 0.05442708333333333 0.04907407407407405 0.0265625
0 0.20509259259259258 0.79453125 0.054629629629629604 0.025520833333333305
0 0.7254629629629629 0.43125 0.05277777777777778 0.03229166666666661
0 0.23287037037037037 0.2036458333333333 0.045370370370370394 0.0375
0 0.5361111111111111 0.20859375 0.05370370370370365 0.030729166666666675
0 0.8111111111111111 0.4815104166666666 0.04629629629629619 0.02864583333333339
0 0.19814814814814813 0.2802083333333333 0.05555555555555555 0.033333333333333305
0 0.9083333333333333 0.4854166666666666 0.051851851851851746 0.03229166666666661
0 0.2972222222222222 0.14661458333333333 0.03888888888888889 0.03385416666666665
0 0.44120370370370365 0.45859375 0.05648148148148143 0.0234375
0 0.49583333333333335 0.4705729166666666 0.058333333333333334 0.0390625
0 0.5689814814814814 0.16328125 0.05648148148148143 0.047395833333333345
0 0.5902777777777778 0.4921875 0.050925925925925875 0.021875
0 0.9402777777777778 0.18489583333333331 0.056481481481481584 0.03124999999999998
0 0.6273148148148148 0.55703125 0.03240740740740746 0.0296875
0 0.8518518518518517 0.20052083333333331 0.059259259259259366 0.03645833333333333
0 0.7541666666666667 0.12239583333333333 0.04537037037037048 0.030208333333333347
0 0.30833333333333335 0.2216145833333333 0.05 0.0234375
0 0.42268518518518516 0.5190104166666666 0.049074074074074124 0.024479166666666607
0 0.8953703703703704 0.13723958333333333 0.06111111111111111 0.03489583333333335
0 0.16203703703703703 0.37057291666666664 0.03703703703703704 0.0390625
0 0.9314814814814815 0.10755208333333333 0.05370370370370381 0.0328125
0 0.4078703703703703 0.10651041666666665 0.03240740740740746 0.0328125
0 0.6138888888888889 0.12578125 0.05555555555555555 0.0296875
0 0.6194444444444445 0.15494791666666666 0.05740740740740746 0.03072916666666665
0 0.6944444444444444 0.3700520833333333 0.05925925925925928 0.0265625
0 0.4962962962962963 0.24088541666666666 0.03333333333333333 0.0265625
0 0.24444444444444444 0.5091145833333333 0.05185185185185182 0.024479166666666607
0 0.21627777777777776 0.9700520833333333 0.03226851851851854 0.03385416666666678
0 0.30416666666666664 0.20182291666666666 0.05648148148148151 0.021354166666666674
0 0.1845462962962963 0.9781041666666667 0.04880555555555554 0.022468749999999815