0 0.5680555555555555 0.22109375 0.050925925925925875 0.04322916666666667
0 0.2601851851851852 0.15833333333333333 0.029629629629629603 0.025
0 0.8421296296296296 0.8721354166666666 0.06203703703703714 0.031770833333333214
0 0.7972222222222223 0.18098958333333331 0.04629629629629619 0.0234375
0 0.17824074074074073 0.39453125 0.04537037037037038 0.025520833333333347
0 0.5467592592592592 0.40703125 0.050925925925925875 0.022395833333333347
0 0.9296296296296295 0.16432291666666665 0.051851851851851746 0.031770833333333345
0 0.7078703703703704 0.2763020833333333 0.07314814814814817 0.0296875
0 0.3842592592592592 0.08046875 0.05555555555555555 0.03697916666666665
0 0.4222222222222222 0.37734375 0.027777777777777776 0.0234375
0 0.26157407407407407 0.35963541666666665 0.039814814814814845 0.0265625
0 0.3699074074074074 0.5169270833333333 0.050925925925925916 0.0234375
0 0.6189814814814815 0.6833333333333333 0.043518518518518574 0.02083333333333339
0 0.41018518518518515 0.23307291666666666 0.06666666666666667 0.025520833333333305
0 0.33564814814814814 0.5364583333333333 0.05092592592592595 0.021875
0 0.24490740740740738 0.5994791666666666 0.041666666666666664 0.03125
0 0.7342592592592592 0.4598958333333333 0.04074074074074063 0.029166666666666608
0 0.3884259259259259 0.6244791666666666 0.058333333333333334 0.029166666666666608
0 0.4662037037037037 0.14713541666666666 0.03981481481481476 0.03697916666666665
0 0.6944444444444444 0.5190104166666666 0.04629629629629627 0.04010416666666661
0 0.3277777777777778 0.6604166666666667 0.040740740740740716 0.027083333333333393
0 0.4592592592592592 0.5494791666666666 0.059259259259259206 0.027083333333333393
0 0.22407407407407404 0.95234375 0.03518518518518516 0.0328125
0 0.4231481481481481 0.25390625 0.04629629629629635 0.030729166666666696
0 0.9203703703703703 0.13854166666666665 0.0574074074074073 0.03541666666666665
0 0.6120370370370369 0.53359375 0.04629629629629635 0.024479166666666607
0 0.6643518518518519 0.21744791666666666 0.049074074074074124 0.04010416666666668
0 0.26666666666666666 0.2747395833333333 0.03888888888888889 0.036979166666666695
0 0.4921296296296296 0.4705729166666666 0.050925925925925875 0.04010416666666661
0 0.44305555555555554 0.690625 0.05648148148148143 0.038541666666666606
0 0.1875 0.9252604166666666 0.04907407407407405 0.036979166666666785
0 0.7592592592592592 0.3036458333333333 0.0574074074074073 0.038541666666666696
0 0.9050925925925926 0.5403645833333333 0.05277777777777778 0.030729166666666606
0 0.9375 0.2421875 0.05462962962962952 0.030208333333333302
0 0.6888888888888889 0.39140625 0.06666666666666667 0.0296875
0 0.9555555555555556 0.19921875 0.044444444444444446 0.036979166666666674
0 0.18379629629629626 0.9921875 0.04722222222222222 0.014583333333333216
0 0.7402777777777778 0.42447916666666663 0.041666666666666664 0.03229166666666661
0 0.26296296296296295 0.11588541666666666 0.04259259259259262 0.0328125
0 0.30648148148148147 0.64375 0.03703703703703706 0.02604166666666661
0 0.7518518518518518 0.2372395833333333 0.04629629629629619 0.027604166666666697
0 0.29768518518518516 0.2028645833333333 0.039814814814814845 0.031770833333333325
0 0.24814814814814815 0.3895833333333333 0.05185185185185182 0.029166666666666653
0 0.5282407407407407 0.36588541666666663 0.030555555555555555 0.028645833333333304
0 0.4046296296296296 0.35416666666666663 0.04074074074074079 0.033333333333333305
0 0.625 0.30807291666666664 0.037037037037036986 0.034895833333333307
0 0.686574074074074 0.19088541666666664 0.06203703703703699 0.030729166666666675
0 0.49444444444444446 0.5229166666666666 0.05555555555555555 0.040625
0 0.46203703703703697 0.378125 0.03888888888888889 0.030208333333333302
0 0.5759259259259258 0.31953125 0.04074074074074079 0.0296875
0 0.6611111111111111 0.6028645833333333 0.04074074074074079 0.03802083333333339
0 0.8078703703703703 0.53515625 0.04537037037037048 0.0296875
0 0.8805555555555555 0.2453125 0.04814814814814825 0.034375
0 0.6203703703703703 0.15104166666666666 0.059259259259259206 0.04583333333333335
0 0.8393518518518518 0.215625 0.058333333333333334 0.023958333333333304
0 0.3504629629629629 0.2544270833333333 0.04722222222222222 0.030729166666666696
0 0.6643518518518519 0.6809895833333333 0.04537037037037032 0.0265625
0 0.7513888888888889 0.18046875 0.04537037037037048 0.0296875
0 0.5356481481481481 0.26432291666666663 0.050925925925925875 0.030729166666666696
0 0.5939814814814814 0.5109375 0.041666666666666664 0.03541666666666661
0 0.43981481481481477 0.5122395833333333 0.05740740740740746 0.0265625
0 0.3851851851851852 0.19557291666666665 0.04074074074074079 0.04010416666666668
0 0.7782407407407407 0.446875 0.04722222222222222 0.039583333333333394
0 0.20925925925925926 0.16145833333333331 0.040740740740740716 0.034375
0 0.48148148148148145 0.5763020833333333 0.04629629629629635 0.024479166666666607
0 0.30694444444444446 0.2763020833333333 0.04907407407407405 0.024479166666666698
0 0.6263888888888889 0.6091145833333333 0.034259259259259205 0.030729166666666606
0 0.5893518518518518 0.5450520833333333 0.05277777777777778 0.025520833333333392
0 0.6125 0.18203125 0.05462962962962968 0.024479166666666653
0 0.849537037037037 0.553125 0.04722222222222222 0.022916666666666606
0 0.4074074074074074 0.16119791666666666 0.03148148148148143 0.031770833333333345
0 0.2060185185185185 0.8432291666666666 0.05648148148148149 0.025
0 0.2 0.64140625 0.06111111111111111 0.0234375
0 0.23287037037037037 0.2583333333333333 0.04351851851851849 0.0375
0 0.4953703703703703 0.29713541666666665 0.035185185185185236 0.027604166666666697
0 0.6925925925925925 0.4252604166666666 0.06111111111111111 0.024479166666666607
0 0.16203703703703703 0.4231770833333333 0.03518518518518518 0.03802083333333339
0 0.22824074074074072 0.540625 0.058333333333333334 0.023958333333333394
0 0.7125 0.11171875 0.04907407407407405 0.025520833333333336
0 0.28009259259259256 0.75078125 0.025 0.01822916666666661
0 0.7217592592592592 0.4864583333333333 0.05277777777777778 0.03229166666666661
0 0.4222222222222222 0.5705729166666667 0.05 0.024479166666666607
0 0.30277777777777776 0.2559895833333333 0.05555555555555555 0.022395833333333302
0 0.46944444444444444 0.30859375 0.05555555555555555 0.024479166666666698
0 0.5004629629629629 0.37604166666666666 0.041666666666666664 0.0364583333333333
0 0.7569444444444444 0.109375 0.05462962962962952 0.04375
0 0.7574074074074073 0.5325520833333333 0.04814814814814825 0.027604166666666607
0 0.8078703703703703 0.1015625 0.03981481481481492 0.040625
0 0.6175925925925926 0.21197916666666666 0.05740740740740746 0.030208333333333327
0 0.5662037037037037 0.35703125 0.050925925925925875 0.0338541666666667
0 0.761574074074074 0.48203125 0.05462962962962952 0.0296875
0 0.8518518518518517 0.11276041666666665 0.044444444444444446 0.04010416666666665
0 0.1986111111111111 0.33307291666666666 0.05648148148148149 0.0328125
0 0.4532407407407407 0.44791666666666663 0.030555555555555555 0.025
0 0.6759259259259258 0.1515625 0.04814814814814809 0.04270833333333335
0 0.8486111111111111 0.2578125 0.06018518518518508 0.0364583333333333
0 0.7689814814814814 0.2075520833333333 0.043518518518518415 0.030729166666666675
0 0.6282407407407408 0.4346354166666666 0.04722222222222222 0.0328125
0 0.19166666666666668 0.96171875 0.03888888888888889 0.04010416666666679
0 0.28194444444444444 0.5325520833333333 0.041666666666666664 0.0328125
0 0.9152777777777777 0.5083333333333333 0.05462962962962952 0.03541666666666661
0 0.24629629629629626 0.5598958333333333 0.05185185185185182 0.025
0 0.6527777777777778 0.16822916666666665 0.03888888888888889 0.021875
0 0.8916666666666667 0.19453125 0.06111111111111111 0.031770833333333325