0 0.309555528642364 0.18831521739130436 0.09398086472084297 0.06467391304347822
0 0.10027855153203342 0.05923913043478261 0.051350369383553356 0.04021739130434783
0 0.26401840862298653 0.38614130434782606 0.04747486980743611 0.03641304347826093
0 0.781882039481652 0.2046195652173913 0.052319244277582534 0.025543478260869536
0 0.4573089499818336 0.43967391304347825 0.04456824512534819 0.027173913043478316
0 0.2029792902991401 0.5372282608695652 0.04553712001937752 0.03423913043478262
0 0.45488676274676026 0.46875 0.04166162044326027 0.025543478260869536
0 0.10754511323725324 0.38423913043478264 0.060070243429817115 0.0391304347826086
0 0.38658108271769404 0.11358695652173914 0.052319244277582694 0.033695652173913036
0 0.5556497517258084 0.16358695652173913 0.07847886641637396 0.033695652173913036
0 0.3565459610027855 0.16005434782608696 0.07557224173428603 0.07119565217391303
0 0.5430543781034274 0.2554347826086957 0.05328811917161194 0.04239130434782608
0 0.896693714424125 0.6456521739130434 0.05910136853578794 0.023913043478260933
0 0.6137822453675669 0.6429347826086956 0.043599370231318935 0.0304347826086957
0 0.26450284607000124 0.5880434782608696 0.0620079932178757 0.021739130434782615
0 0.6045779338742885 0.28043478260869564 0.0852609906745792 0.03152173913043477
0 0.736829356909289 0.44755434782608694 0.049412619595494776 0.0320652173913043
0 0.28000484437447015 0.23315217391304346 0.050381494489524024 0.04239130434782608
0 0.2882402809737193 0.13641304347826086 0.04166162044326027 0.03152173913043477
0 0.7470025432965968 0.5347826086956522 0.06782124258205154 0.02608695652173907
0 0.33910621291025794 0.09538043478260869 0.05425699406564128 0.029891304347826074
0 0.7881797262928425 0.5956521739130435 0.0377861208671431 0.033695652173913085
0 0.18893060433571515 0.3646739130434783 0.06394574300593436 0.028260869565217384
0 0.12498486132978079 0.1779891304347826 0.05813249364175849 0.028804347826086964
0 0.9480440838076782 0.07717391304347826 0.057163618747729114 0.04456521739130435
0 0.2678939081991038 0.5692934782608695 0.0649146178999637 0.025543478260869536
0 0.13515804771708853 0.21847826086956523 0.04747486980743611 0.028260869565217384
0 0.6229865568608454 0.514945652173913 0.04069274554923102 0.04619565217391308
0 0.23882766137822453 0.09918478260869565 0.07072786726413953 0.028804347826086964
0 0.8022284122562674 0.4913043478260869 0.04456824512534819 0.032608695652173836
0 0.24851641031851762 0.266304347826087 0.061039118323846446 0.028260869565217384
0 0.13273586048201524 0.5429347826086957 0.05813249364175849 0.023913043478260933
0 0.4437447014654232 0.23342391304347826 0.04844374470146536 0.03315217391304346
0 0.4824996972265956 0.31331521739130436 0.052319244277582694 0.029891304347826074
0 0.1734286060312462 0.20244565217391303 0.056194743853699866 0.023369565217391308
0 0.6898389245488676 0.47771739130434787 0.05813249364175853 0.034782608695652154
0 0.7731621654353881 0.3934782608695652 0.0620079932178757 0.034782608695652154
0 0.7533002301077872 0.5978260869565217 0.0397238706552016 0.03804347826086953
0 0.5667918130071454 0.4703804347826087 0.050381494489524024 0.03532608695652169
0 0.9039602761293447 0.5355978260869565 0.06007024342981719 0.02880434782608692
0 0.11868717451859029 0.01766304347826087 0.06491461789996365 0.03532608695652174
0 0.6142666828145815 0.45625 0.050381494489524024 0.03315217391304355
0 0.6675548019861935 0.44375 0.052319244277582694 0.0375
0 0.1618021073028945 0.11494565217391303 0.046505994913406776 0.03206521739130434
0 0.24270316095434175 0.13804347826086955 0.05522586895967061 0.030434782608695653
0 0.1903839166767591 0.15679347826086956 0.05522586895967061 0.03641304347826089
0 0.7252028581809373 0.6029891304347826 0.04166162044326011 0.04510869565217383
0 0.45537120019377497 0.001358695652173913 0.04069274554923102 0.002717391304347826
0 0.6554438658108271 0.49103260869565213 0.06491461789996363 0.02663043478260878
0 0.5778757417948408 0.4933315217391304 0.06539905534697825 0.020070652173913038