0 0.5447229959764779 0.2475 0.04753946146703806 0.04500000000000002
0 0.933952336737852 0.8758333333333332 0.05744351593933778 0.03166666666666664
0 0.15202723614979885 0.5433333333333333 0.04852986691426801 0.027777777777777856
0 0.48034664190653054 0.7716666666666667 0.045558650572578144 0.03111111111111118
0 0.3773444753946147 0.49444444444444446 0.07329000309501708 0.06777777777777771
0 0.1772825750541628 0.43888888888888894 0.043577839678118235 0.030000000000000072
0 0.32732900030950174 0.5205555555555555 0.09012689569792634 0.05888888888888886
0 0.8175796966883319 0.9358333333333334 0.040606623336428366 0.03833333333333329
0 0.9483132157226866 0.030555555555555558 0.05645311049210766 0.04888888888888889
0 0.1411327762302693 0.5005555555555555 0.05843392138656762 0.027777777777777856
0 0.22284122562674094 0.8677777777777779 0.04159702878365832 0.036666666666666715
0 0.4808418446301455 0.3077777777777778 0.04852986691426801 0.04222222222222225
0 0.7794490869699784 0.8722222222222223 0.061405137728257606 0.02666666666666657
0 0.49965954812751473 0.6405555555555555 0.05447229959764775 0.028888888888888964
0 0.9275147013308574 0.9852777777777778 0.06041473228102749 0.02944444444444443
0 0.3387186629526463 0.2677777777777778 0.04952027236149797 0.03555555555555552
0 0.4471680594243268 0.5586111111111112 0.05051067780872793 0.03388888888888886
0 0.5665119158155371 0.5891666666666666 0.0534818941504178 0.04277777777777771
0 0.7185391519653359 0.8152777777777779 0.05645311049210766 0.03611111111111107
0 0.7665738161559889 0.7849999999999999 0.04952027236149813 0.0344444444444445
0 0.8319405756731663 0.828888888888889 0.0455586505725783 0.03555555555555543
0 0.6313834726090994 0.6097222222222223 0.08814608480346642 0.03388888888888886
0 0.7536985453419994 0.9408333333333333 0.03961621788919825 0.05166666666666657
0 0.812132466728567 0.5408333333333333 0.055462705044877866 0.026111111111111106
0 0.20947075208913649 0.6980555555555557 0.06437635406994739 0.02833333333333332
0 0.7819251005880532 0.9347222222222223 0.03862581244196845 0.0405555555555555
0 0.3614979882389353 0.4227777777777778 0.0534818941504178 0.02444444444444436
0 0.28028474156607863 0.9008333333333333 0.045558650572578144 0.027222222222222214
0 0.6754565150108326 0.028333333333333332 0.05546270504487771 0.04222222222222223
0 0.3005880532342928 0.5622222222222223 0.04852986691426801 0.04222222222222225
0 0.2669142680284742 0.5947222222222223 0.06041473228102757 0.026111111111111106
0 0.3095017022593624 0.46111111111111114 0.04456824512534819 0.025555555555555644
0 0.28276075518415356 0.7166666666666667 0.04852986691426801 0.04111111111111114
0 0.1896626431445373 0.5255555555555556 0.06041473228102757 0.02333333333333325
0 0.1134014237078304 0.38222222222222224 0.05051067780872796 0.036666666666666625
0 0.4120086660476633 0.43916666666666665 0.04753946146703806 0.03388888888888886
0 0.5808727948003714 0.4969444444444445 0.07824203033116686 0.02944444444444443
0 0.8022284122562674 0.7313888888888889 0.06536675951717742 0.03722222222222218
0 0.6506963788300836 0.8497222222222222 0.04159702878365832 0.05166666666666657
0 0.47737542556484064 0.8005555555555557 0.03961621788919841 0.028888888888888787
0 0.9507892293407615 0.3944444444444445 0.05348189415041795 0.032222222222222284
0 0.5313525224388734 0.016944444444444446 0.06041473228102749 0.03388888888888889
0 0.5897864438254411 0.803888888888889 0.04456824512534819 0.03555555555555543
0 0.15153203342618385 0.8719444444444445 0.05942432683379757 0.025
0 0.541256576911173 0.20277777777777778 0.05645311049210766 0.032222222222222194
0 0.6046425255338904 0.2808333333333334 0.0623955431754874 0.027222222222222214
0 0.20798514391829157 0.4811111111111111 0.0534818941504178 0.040000000000000036
0 0.13172392448158465 0.7152777777777778 0.06338594862271743 0.03944444444444439
0 0.2649334571340142 0.4638888888888889 0.05447229959764775 0.026666666666666748
0 0.6823893531414423 0.8255555555555556 0.06338594862271736 0.032222222222222284
0 0.2580006190034045 0.42444444444444446 0.07229959764778704 0.027777777777777856
0 0.13419993809965955 0.3372222222222222 0.06437635406994739 0.03444444444444441
0 0.6244506344784896 0.2066666666666667 0.06833797585886729 0.03111111111111109
0 0.6957598266790469 0.78 0.05051067780872793 0.03777777777777782
0 0.2664190653048592 0.918888888888889 0.027731352522438853 0.016666666666666784
0 0.640792324357784 0.7919444444444446 0.05150108325595788 0.03277777777777775
0 0.6043751160631384 0.8270500000000001 0.06517858248220361 0.020899999999999964