0 0.9665648148148149 0.010562499999999999 0.05895370370370377 0.019359375
0 0.8641481481481481 0.03155208333333333 0.04681481481481487 0.04929166666666668
0 0.784287037037037 0.029427083333333333 0.06266666666666683 0.03299479166666667
0 0.6509629629629629 0.038135416666666665 0.052953703703703704 0.04254166666666666
0 0.6157407407407407 0.015104166666666665 0.07592592592592587 0.03020833333333333
0 0.5254629629629629 0.00703125 0.058333333333333334 0.0140625
0 0.5547592592592592 0.07538020833333332 0.05010185185185176 0.03418229166666666
0 0.44820370370370366 0.08429166666666667 0.0485277777777777 0.02791666666666668
0 0.41365740740740736 0.05892708333333334 0.04796296296296292 0.025359375000000007
0 0.3878981481481481 0.07213020833333333 0.04924074074074064 0.04581770833333334
0 0.2915462962962963 0.026208333333333333 0.036398148148148124 0.032984374999999996
0 0.26057407407407407 0.04334374999999999 0.04582407407407408 0.03594791666666665
0 0.17613888888888887 0.053984374999999994 0.06394444444444446 0.027510416666666655
0 0.17271296296296296 0.088578125 0.04567592592592591 0.030869791666666656
0 0.2960462962962963 0.09391666666666666 0.05252777777777777 0.037531249999999995
0 0.3519259259259259 0.12181249999999999 0.03439814814814813 0.02668229166666669
0 0.31510185185185186 0.12763541666666667 0.04638888888888894 0.034307291666666684
0 0.27441666666666664 0.15693229166666667 0.0421111111111111 0.023859375000000016
0 0.34714814814814815 0.15890104166666666 0.03939814814814812 0.037260416666666664
0 0.4639074074074074 0.146578125 0.04567592592592591 0.027234375000000012
0 0.19126851851851848 0.133453125 0.05537962962962963 0.019453125000000026
0 0.2075462962962963 0.15930208333333334 0.058240740740740746 0.04223958333333333
0 0.17114814814814813 0.164359375 0.05681481481481483 0.031479166666666634
0 0.694787037037037 0.15006770833333333 0.040685185185185206 0.03822916666666667
0 0.6513981481481481 0.18121874999999998 0.062379629629629584 0.02344791666666666
0 0.4927407407407407 0.21432812499999998 0.057666666666666644 0.031057291666666664
0 0.47082407407407406 0.240140625 0.058092592592592654 0.02888020833333336
0 0.21268518518518517 0.20594270833333334 0.06280555555555559 0.027932291666666664
0 0.2446574074074074 0.22536979166666665 0.058240740740740746 0.021822916666666626
0 0.256 0.24346874999999998 0.06523148148148153 0.029921875000000053
0 0.20989814814814814 0.2915729166666667 0.04438888888888886 0.03459375000000007
0 0.18042592592592593 0.33836979166666664 0.05537962962962963 0.030239583333333275
0 0.23316666666666666 0.34487499999999993 0.042398148148148115 0.04163541666666672
0 0.19562962962962963 0.37036458333333333 0.03868518518518521 0.019546874999999984
0 0.2871203703703703 0.37774479166666663 0.05895370370370369 0.03110416666666671
0 0.22781481481481478 0.4220729166666667 0.05310185185185187 0.026624999999999944
0 0.16564814814814816 0.43198958333333326 0.030120370370370412 0.024770833333333363
0 0.24094444444444446 0.4943385416666667 0.045101851851851886 0.026624999999999944
0 0.3554259259259259 0.46792708333333327 0.04567592592592599 0.026796874999999963
0 0.1606574074074074 0.5403749999999999 0.040111111111111104 0.026364583333333337
0 0.19298148148148148 0.5624270833333332 0.06337962962962962 0.02149479166666666
0 0.2319537037037037 0.5826145833333333 0.03568518518518518 0.046609374999999884
0 0.168787037037037 0.6424218749999999 0.05581481481481486 0.03294270833333339
0 0.3066759259259259 0.6582135416666667 0.07237037037037032 0.02518229166666668
0 0.437574074074074 0.6318020833333333 0.0606666666666666 0.022140625000000115
0 0.4753240740740741 0.5941145833333333 0.05138888888888889 0.026250000000000107
0 0.473324074074074 0.5473125 0.0473888888888889 0.024182291666666522
0 0.5763888888888888 0.5722395833333334 0.04796296296296292 0.037901041666666656
0 0.5977962962962963 0.55140625 0.03597222222222219 0.04039583333333337
0 0.6339074074074074 0.5388854166666667 0.059666666666666715 0.0281979166666666
0 0.9265277777777776 0.6361770833333333 0.04881481481481494 0.03329687499999991
0 0.7733703703703703 0.6787239583333333 0.07650925925925947 0.028463541666666713
0 0.7326111111111111 0.70946875 0.050675925925925944 0.03053645833333345
0 0.7936388888888888 0.7464739583333333 0.04852777777777785 0.02907812500000002
0 0.4729722222222222 0.6681510416666666 0.1485925925925926 0.05741666666666649
0 0.25643518518518515 0.7291770833333333 0.03468518518518522 0.03302083333333332
0 0.1872037037037037 0.7741302083333332 0.07037037037037037 0.03621354166666677
0 0.22275 0.8153124999999999 0.03012037037037037 0.030255208333333526
0 0.21788888888888888 0.9118020833333332 0.037537037037037084 0.03695833333333347
0 0.5611111111111111 0.7912291666666667 0.03739814814814824 0.03347916666666677
0 0.650611111111111 0.807765625 0.05366666666666665 0.031223958333333267
0 0.6570370370370371 0.866765625 0.05795370370370358 0.022369791666666573
0 0.7191203703703704 0.8619895833333333 0.05481481481481486 0.03770312499999982
0 0.8942685185185184 0.8640364583333333 0.04139814814814808 0.032963541666666527
0 0.7824259259259259 0.8948020833333332 0.06751851851851869 0.028651041666666897
0 0.7682314814814815 0.912859375 0.0433888888888889 0.02783854166666657
0 0.777574074074074 0.9346979166666666 0.05210185185185184 0.023338541666666757
0 0.7102037037037037 0.9003802083333333 0.06009259259259273 0.03097395833333323
0 0.6794444444444443 0.9213697916666665 0.06565740740740746 0.025588541666666843
0 0.7208333333333333 0.9234583333333333 0.05138888888888889 0.032973958333333185
0 0.6992129629629629 0.9467760416666666 0.052388888888888846 0.02421354166666667
0 0.7568796296296295 0.9885208333333333 0.05352777777777773 0.0209843750000001
0 0.9166666666666666 0.9955729166666666 0.029629629629629523 0.008854166666666784
0 0.743037037037037 0.2678125 0.05609259259259242 0.023041666666666672
0 0.8189722222222222 0.27860416666666665 0.043537037037036916 0.036765624999999955
0 0.6270555555555556 0.3292604166666666 0.060805555555555675 0.030479166666666658
0 0.48960185185185184 0.3691197916666667 0.05595370370370366 0.022677083333333313