0 0.5607495568498354 0.12272727272727273 0.05186123069131427 0.050303030303030294
0 0.979108635097493 0.33203125 0.04178272980501393 0.0421875
0 0.5213134126783152 0.8257575757575758 0.05510255760952148 0.03454545454545439
0 0.5234742972904532 0.873030303030303 0.04861990377310707 0.051515151515151555
0 0.6952646239554318 0.6148484848484849 0.05510255760952148 0.040606060606060625
0 0.6336794125094961 0.2272727272727273 0.05942432683379753 0.047272727272727265
0 0.47161306659913904 0.2554545454545455 0.04861990377310707 0.040606060606060625
0 0.6082890183168734 0.8315151515151514 0.07130919220055716 0.036363636363636334
0 0.7633324892377817 0.33575757575757575 0.05078078838524526 0.037575757575757596
0 0.15342280746180467 0.20121212121212123 0.054022115303452384 0.042424242424242385
0 0.6482653836414282 0.08363636363636363 0.05834388452772852 0.046060606060606066
0 0.45108466278382714 0.5875757575757576 0.05942432683379753 0.03454545454545457
0 0.6093694606229425 0.2866666666666667 0.04753946146703806 0.030303030303030276
0 0.3009031822402296 0.883939393939394 0.04861990377310707 0.028484848484848512
0 0.7887228834304043 0.29939393939393943 0.04970034607917625 0.042424242424242385
0 0.15558369207394276 0.16818181818181818 0.051861230691314236 0.030909090909090907
0 0.6039672490925972 0.16060606060606059 0.06050476913986671 0.043636363636363654
0 0.9578121043302102 0.6575757575757576 0.06158521144593572 0.05090909090909097
0 0.49646323963872707 0.2863636363636364 0.05510255760952148 0.035757575757575745
0 0.7989870853380602 0.2018181818181818 0.07455051911876422 0.042424242424242385
0 0.5007850088630033 0.15818181818181817 0.05294167299738329 0.042424242424242434
0 0.06752764412931543 0.64 0.04861990377310711 0.036363636363636334
0 0.08373427872035115 0.9530303030303031 0.06590698067021186 0.039393939393939446
0 0.5915421625728032 0.4245454545454545 0.06374609605807374 0.043030303030302974
0 0.06212543259897021 0.9896969696969696 0.05294167299738331 0.020606060606060694
0 0.4348780281927914 0.5584848484848485 0.07887228834304043 0.03212121212121204
0 0.6612306913142567 0.6484848484848484 0.06266565375200474 0.040000000000000036
0 0.09291803832193805 0.18424242424242426 0.05186123069131427 0.036363636363636376
0 0.5855997298894234 0.08484848484848485 0.07130919220055716 0.02787878787878788
0 0.46134886469148306 0.916969696969697 0.03457415379420957 0.020606060606060694