0 0.4308092739389239 0.03020713463751439 0.1723237095755696 0.06041426927502878
0 0.24361238704879623 0.7094361334867665 0.0543640274256261 0.03912543153049484
0 0.3441345509678784 0.5040276179516686 0.048209609226498674 0.02531645569620249
0 0.7908427385878817 0.3420598388952819 0.06564712745735989 0.029344073647871127
0 0.9503447435819355 0.004890678941311853 0.06051844562475353 0.009781357882623706
0 0.5503075606386492 0.7597813578826237 0.048209609226498674 0.03049482163406214
0 0.7159639838318306 0.25316455696202533 0.055389763792147495 0.04372842347525889
0 0.5821053880008078 0.5230149597238205 0.05641550015866858 0.03337169159953977
0 0.377470982879819 0.6599539700805523 0.06975007292344483 0.03337169159953977
0 0.11847255033320404 0.1760644418872267 0.07693022748909355 0.04833141542002299
0 0.4108074147917595 0.5420023014959724 0.05641550015866858 0.04487917146144991
0 0.9390616435502017 0.430379746835443 0.05846697289171105 0.04142692750287687
0 0.2087373505870738 0.6915995397008056 0.05231255469258363 0.04027617951668585
0 0.19078696417295196 0.12715765247410818 0.047183872859977355 0.04257767548906788
0 0.15539905952796898 0.34464902186421176 0.04615813649345612 0.032220943613348665
0 0.3154139327052835 0.6625431530494822 0.06667286382388105 0.03970080552359025
0 0.4656843104006462 0.7652474108170311 0.04923534559301991 0.026467203682393504
0 0.5103038423443205 0.7873993095512083 0.08923906388734852 0.03049482163406214
0 0.16411781864339955 0.7836593785960875 0.06359565472431733 0.03337169159953977
0 0.2513054097977056 0.9318181818181819 0.030772090995637384 0.0270425776754891
0 0.7831497158389723 0.03998849252013809 0.07693022748909366 0.04200230149597238
0 0.865208625160672 0.1406789413118527 0.05641550015866858 0.03855005753739933
0 0.7887912658548392 0.29833141542002306 0.07590449112257226 0.0270425776754891
0 0.21232742786989817 0.8993095512082855 0.05538976379214734 0.03337169159953959
0 0.6400594927092583 0.19821634062140392 0.06975007292344483 0.040851553509781355
0 0.6062101926140571 0.7356156501726122 0.06564712745735989 0.029344073647871127
0 0.7764824294565842 0.911680092059839 0.04923534559301975 0.039700805523590434
0 0.16155347772709644 0.6717491369390104 0.05026108195954111 0.03394706559263518
0 0.13385859583102275 0.5667433831990795 0.05641550015866862 0.027617951668584516
0 0.6123646108131846 0.5368239355581128 0.05128681832606239 0.02531645569620249
0 0.07231441383974793 0.5747986191024166 0.04410666376041364 0.03222094361334875
0 0.3154139327052835 0.5299194476409667 0.04820960922649859 0.0356731875719218
0 0.5067137650614961 0.5653049482163406 0.0635956547243174 0.02474108170310707
0 0.39388276474415895 0.7615074798619103 0.0451324001269348 0.02819332566168011
0 0.5897984107497172 0.8745684695051784 0.04513240012693496 0.037974683544303646
0 0.36054633283221843 0.7367663981588033 0.046158136493456195 0.0350978135788262
0 0.5077395014280174 0.7459723820483315 0.04102945466084985 0.0270425776754891
0 0.7718666158072385 0.4188722669735328 0.062569918357796 0.027617951668584516
0 0.7795596385561478 0.44159953970080557 0.057441236525189975 0.03279631760644417
0 0.6698058473383744 0.33256616800920596 0.06769860019040236 0.03337169159953968
0 0.7749438249068022 0.318469505178366 0.046158136493456195 0.03394706559263518
0 0.26104990527965743 0.6064441887226698 0.0543640274256261 0.03912543153049484
0 0.6513425927409919 0.2730149597238205 0.0635956547243174 0.022439585730724954
0 0.6918591792185812 0.47899884925201386 0.08103317295517845 0.03049482163406214
0 0.39542136929394084 0.7062715765247412 0.0543640274256261 0.02243958573072504
0 0.07744309567235416 0.7013808975834293 0.04820960922649863 0.03912543153049484
0 0.7339143702459524 0.07249712313003452 0.05231255469258363 0.03912543153049482
0 0.6318536017770883 0.714614499424626 0.06564712745735989 0.029919447640966546
0 0.16770789592622393 0.6199654775604143 0.06462139109083856 0.0350978135788262
0 0.711348170182485 0.9617376294591485 0.05846697289171105 0.044303797468354486
0 0.25335688253074806 0.03193325661680092 0.07385301838952979 0.03739930955120829
0 0.9159825753034738 0.2597813578826237 0.04102945466084985 0.0350978135788262
0 0.08821332752082726 0.022727272727272728 0.06564712745735984 0.04430379746835443
0 0.722118402030958 0.3319907940161105 0.06154418199127493 0.03452243958573069
0 0.08103317295517853 0.8049482163406214 0.05538976379214734 0.02876869965477553
0 0.12667844126537403 0.852704257767549 0.06872433655692356 0.035673187571921616
0 0.15129611406188398 0.2278481012658228 0.042055191027371125 0.032220943613348665
0 0.3456731555176603 0.6323360184119677 0.06564712745735989 0.04027617951668585
0 0.6954492565014057 0.3624856156501726 0.06154418199127477 0.03912543153049484
0 0.26156277346291806 0.6444188722669735 0.06975007292344483 0.026467203682393504
0 0.5928756198492808 0.7597813578826237 0.04718387285997743 0.0270425776754891
0 0.11231813213407657 0.5420023014959724 0.05641550015866858 0.027617951668584516
0 0.1887354914399095 0.7212313003452244 0.06154418199127485 0.0270425776754891
0 0.9318814889845531 0.8084004602991944 0.05026108195954115 0.03222094361334875
0 0.1538604549781871 0.8975834292289988 0.036926509194764895 0.023014959723820637
0 0.6277506563110032 0.6510356731875719 0.06359565472431725 0.025891829689298086
0 0.39029268746133455 0.6852704257767549 0.0543640274256261 0.024165707710011475
0 0.4461953194367425 0.8587456846950519 0.034875036461722415 0.03049482163406232
0 0.5467174833558247 0.8075373993095513 0.06154418199127477 0.03164556962025315
0 0.2682300598453061 0.5532220943613348 0.07693022748909357 0.0270425776754891
0 0.45901702401825817 0.24108170310701954 0.062569918357796 0.029919447640966636
0 0.2430995188655356 0.7566168009205984 0.057441236525189815 0.02301495972382046
0 0.6041587198810147 0.6004027617951669 0.04308092739389232 0.03279631760644417
0 0.6795503428203262 0.6467203682393556 0.05846697289171105 0.05063291139240498
0 0.2959249417413798 0.5978135788262371 0.04615813649345612 0.02876869965477553
0 0.6133903471797059 0.9433256616800921 0.024617672796509876 0.02128883774453385
0 0.7103224338159636 0.30408515535097813 0.06462139109083864 0.029344073647871127
0 0.1087280548512522 0.7902761795166858 0.04923534559301987 0.02589182968929791
0 0.2713072689448699 0.7278481012658229 0.04820960922649859 0.03222094361334875
0 0.6200576335620939 0.6308975834292291 0.06667286382388111 0.02128883774453403
0 0.7282728202300854 0.9355581127733027 0.057441236525189975 0.04142692750287687