0 0.5643518518518518 0.11901041666666665 0.04537037037037032 0.044270833333333336
0 0.9291666666666667 0.2986979166666667 0.04907407407407397 0.0359375
0 0.13148148148148148 0.5716145833333333 0.05370370370370369 0.031770833333333394
0 0.2157407407407407 0.18671875 0.04259259259259262 0.0359375
0 0.6365740740740741 0.08333333333333333 0.049074074074074124 0.040625
0 0.13472222222222222 0.8809895833333332 0.04537037037037036 0.0359375
0 0.19907407407407404 0.14973958333333331 0.048148148148148155 0.02864583333333335
0 0.6310185185185185 0.2075520833333333 0.05648148148148143 0.04322916666666667
0 0.5314814814814814 0.7671875 0.04259259259259254 0.04375
0 0.6055555555555555 0.26119791666666664 0.04259259259259254 0.0265625
0 0.16157407407407406 0.9856770833333333 0.056481481481481466 0.027604166666666784
0 0.33935185185185185 0.7815104166666667 0.0398148148148148 0.0265625
0 0.600462962962963 0.15078125 0.05462962962962968 0.04010416666666665
0 0.7375 0.3026041666666667 0.043518518518518415 0.034375
0 0.5875 0.79765625 0.05648148148148143 0.0265625
0 0.9050925925925926 0.5783854166666667 0.05277777777777778 0.0421875
0 0.4722222222222222 0.8161458333333332 0.04074074074074079 0.04375
0 0.48981481481481476 0.23229166666666665 0.044444444444444446 0.038541666666666696
0 0.5888888888888889 0.3802083333333333 0.05555555555555555 0.0375
0 0.5263888888888889 0.7255208333333333 0.05277777777777778 0.029166666666666608
0 0.649537037037037 0.571875 0.049074074074074124 0.03229166666666661
0 0.7828703703703703 0.1921875 0.06203703703703714 0.034375
0 0.46898148148148144 0.5213541666666666 0.049074074074074124 0.028125
0 0.9032407407407407 0.9091145833333332 0.056481481481481584 0.03802083333333321
0 0.19351851851851848 0.9322916666666666 0.0425925925925926 0.03125
0 0.45509259259259255 0.4963541666666666 0.0657407407407408 0.02604166666666661
0 0.5078703703703703 0.2609375 0.049074074074074124 0.0322916666666667
0 0.1532407407407407 0.8388020833333332 0.05833333333333331 0.031770833333333214
0 0.7592592592592592 0.27057291666666666 0.042592592592592696 0.0380208333333333
0 0.6833333333333333 0.54296875 0.044444444444444446 0.030729166666666606
0 0.16435185185185183 0.17239583333333333 0.04537037037037036 0.03541666666666665
0 0.6027777777777777 0.7309895833333333 0.07037037037037032 0.0328125
0 0.5152777777777777 0.14713541666666666 0.05277777777777778 0.03802083333333335
0 0.20694444444444443 0.9630208333333332 0.023148148148148175 0.022916666666666786
0 0.5856481481481481 0.09036458333333333 0.06203703703703699 0.0265625
0 0.25925925925925924 0.9200520833333332 0.05 0.028645833333333214