0 0.4875 0.7088541666666666 0.034259259259259205 0.025
0 0.4166666666666667 0.7791666666666666 0.025925925925925873 0.021875
0 0.2625 0.5723958333333333 0.030555555555555555 0.023958333333333394
0 0.26296296296296295 0.7614583333333333 0.03703703703703706 0.027083333333333393
0 0.4013888888888889 0.7609375 0.03796296296296302 0.03125
0 0.7148148148148148 0.8671875 0.04259259259259262 0.030208333333333216
0 0.4842592592592592 0.86796875 0.051851851851851906 0.0421875
0 0.18379629629629626 0.7916666666666666 0.04537037037037038 0.027083333333333303
0 0.4453703703703703 0.846875 0.03148148148148143 0.025
0 0.6902777777777778 0.6979166666666666 0.07314814814814817 0.029166666666666608
0 0.6060185185185185 0.58125 0.05648148148148143 0.04270833333333339
0 0.3810185185185185 0.6138020833333333 0.03796296296296302 0.03489583333333339
0 0.899537037037037 0.6028645833333333 0.05277777777777778 0.024479166666666607
0 0.7560185185185184 0.85625 0.04722222222222222 0.0375
0 0.8939814814814814 0.578125 0.04907407407407397 0.030208333333333393
0 0.26666666666666666 0.68359375 0.03888888888888889 0.03385416666666661
0 0.825 0.95703125 0.04629629629629619 0.027604166666666784
0 0.6935185185185185 0.5442708333333333 0.04629629629629635 0.022916666666666606
0 0.7856481481481481 0.5393229166666667 0.03981481481481492 0.031770833333333394
0 0.21435185185185182 0.5752604166666666 0.039814814814814845 0.031770833333333394
0 0.7208333333333333 0.83671875 0.041666666666666664 0.031770833333333214
0 0.6726851851851852 0.80234375 0.06388888888888888 0.0296875
0 0.4175925925925925 0.6692708333333333 0.04259259259259254 0.02604166666666661
0 0.8166666666666667 0.6458333333333333 0.0574074074074073 0.022916666666666606
0 0.2967592592592592 0.61875 0.037962962962962934 0.02604166666666661
0 0.7851851851851851 0.9388020833333333 0.04629629629629619 0.0359375
0 0.6111111111111112 0.7234375 0.03888888888888889 0.034375
0 0.5560185185185185 0.64140625 0.049074074074074124 0.04010416666666661
0 0.46203703703703697 0.571875 0.04074074074074079 0.034375
0 0.4027777777777778 0.58125 0.029629629629629683 0.029166666666666608
0 0.5259259259259259 0.6807291666666666 0.05 0.028125
0 0.24907407407407406 0.7888020833333332 0.04629629629629627 0.029687499999999912
0 0.6138888888888889 0.840625 0.04814814814814809 0.035416666666666784
0 0.7319444444444444 0.6088541666666666 0.04351851851851849 0.028125
0 0.46203703703703697 0.7205729166666666 0.05 0.0234375
0 0.8875 0.91875 0.05462962962962952 0.038541666666666786
0 0.2634259259259259 0.5348958333333333 0.041666666666666664 0.03229166666666661
0 0.8652777777777778 0.6296875 0.056481481481481584 0.03125
0 0.6796296296296296 0.9197916666666666 0.044444444444444446 0.04166666666666678
0 0.7319444444444444 0.6622395833333333 0.045370370370370394 0.025520833333333392
0 0.4532407407407407 0.7833333333333333 0.034259259259259205 0.027083333333333393
0 0.5356481481481481 0.8130208333333332 0.04722222222222222 0.025
0 0.8277777777777777 0.5533854166666666 0.044444444444444446 0.03489583333333339
0 0.3814814814814814 0.5059895833333333 0.051851851851851864 0.0265625
0 0.6055555555555555 0.6348958333333333 0.059259259259259206 0.025
0 0.7402777777777778 0.8875 0.050925925925926034 0.03125
0 0.7365740740740739 0.9354166666666666 0.04722222222222222 0.03229166666666679
0 0.6699074074074074 0.61953125 0.06203703703703699 0.0328125
0 0.9083333333333333 0.6752604166666666 0.05370370370370381 0.0265625
0 0.2287037037037037 0.92734375 0.05370370370370373 0.0265625
0 0.34675925925925927 0.665625 0.04351851851851849 0.03229166666666661
0 0.4041666666666667 0.64921875 0.06388888888888888 0.0203125
0 0.6587962962962963 0.5807291666666666 0.05277777777777778 0.04270833333333339
0 0.6356481481481481 0.5942708333333333 0.034259259259259205 0.021875
0 0.9263888888888889 0.6341145833333333 0.041666666666666664 0.0296875
0 0.775 0.6125 0.05 0.021875
0 0.7486111111111111 0.6356770833333333 0.041666666666666664 0.02864583333333339
0 0.2361111111111111 0.6682291666666667 0.04259259259259262 0.034375
0 0.5175925925925925 0.7723958333333333 0.029629629629629683 0.028125
0 0.7393518518518517 0.72421875 0.05462962962962952 0.0359375
0 0.49027777777777776 0.78359375 0.041666666666666664 0.0380208333333333
0 0.5541666666666667 0.7677083333333333 0.04722222222222222 0.033333333333333395
0 0.3013888888888889 0.6666666666666666 0.05277777777777778 0.022916666666666606
0 0.8773148148148148 0.9455729166666667 0.05277777777777778 0.030729166666666786
0 0.8527777777777777 0.6755208333333333 0.04814814814814825 0.03125
0 0.20324074074074072 0.73359375 0.05277777777777778 0.030729166666666606
0 0.7375 0.5471354166666667 0.050925925925926034 0.04010416666666661
0 0.30601851851851847 0.68515625 0.045370370370370394 0.021354166666666608
0 0.5648148148148148 0.73359375 0.03888888888888889 0.030729166666666606
0 0.6754629629629629 0.83359375 0.06018518518518524 0.027604166666666784
0 0.7018518518518518 0.8901041666666666 0.05370370370370365 0.03229166666666679
0 0.6023148148148147 0.6083333333333333 0.05648148148148143 0.019791666666666607
0 0.6476851851851851 0.6427083333333333 0.050925925925925875 0.038541666666666606
0 0.824074074074074 0.6856770833333333 0.06111111111111111 0.03489583333333339
0 0.16527777777777777 0.8171875 0.03611111111111111 0.03125
0 0.2810185185185185 0.9127604166666666 0.030555555555555555 0.0203125