0 0.5830178937294663 0.06611570247933884 0.056828458955579704 0.04132231404958677
0 0.25046617095237 0.2833530106257379 0.05261894347738868 0.02479338842975203
0 0.7287723671618329 0.6827036599763872 0.0473570491296498 0.04073199527744986
0 0.12207594886754167 0.5481109799291618 0.05051418573829309 0.02892561983471076
0 0.5082989939915744 0.5085596221959858 0.04630467026010195 0.04781582054309332
0 0.4288443893407175 0.16292798110979928 0.0431475336514587 0.03423848878394331
0 0.5914369246858485 0.4737308146399055 0.05472370121648415 0.03955135773317586
0 0.2220519414745801 0.06227863046044864 0.05893321669467525 0.0360094451003542
0 0.6793105602930876 0.19037780401416765 0.04946180686874536 0.045454545454545456
0 0.5503941487734854 0.5472255017709563 0.05472370121648415 0.03659976387249113
0 0.7508723234223361 0.09208972845336481 0.05577608008603201 0.036599763872491156
0 0.4514705350359946 0.5416174734356553 0.0484094279991975 0.03955135773317586
0 0.4230563055582048 0.6340023612750885 0.04630467026010195 0.04014167650531295
0 0.5209275404261476 0.20277449822904367 0.0526189434773886 0.030106257378984667
0 0.9171481848108842 0.7172373081463991 0.051566564607840905 0.0425029515938606
0 0.6256392379461511 0.009445100354191263 0.045252291390554256 0.018890200708382526
0 0.2678304222999082 0.1036009445100354 0.05367132234693646 0.038370720188901995
0 0.616694017554995 0.24557260920897286 0.07787603634653521 0.0330578512396694
0 0.07103557369447468 0.0935655253837072 0.051566564607840884 0.03364817001180638
0 0.04998799630351922 0.24321133412042503 0.04735704912964979 0.04014167650531286
0 0.1410187685194016 0.04191263282172373 0.052618943477388644 0.046044864226682414
0 0.5219799192956954 0.025974025974025972 0.061037974433770806 0.03305785123966942
0 0.20363531125749407 0.006493506493506493 0.08103317295517853 0.012987012987012986
0 0.705093842597008 0.7163518299881936 0.05051418573829321 0.03600944510035422
0 0.44673483012302967 0.6646989374262102 0.051566564607840905 0.03423848878394331
0 0.6482653836414282 0.27863046044864226 0.06945700539015301 0.0330578512396694
0 0.5551298536864503 0.6638134592680047 0.0473570491296498 0.03010625737898458
0 0.8003341302910815 0.23701298701298704 0.051566564607840905 0.0548996458087367
0 0.8155936238995242 0.13606847697756788 0.05893321669467541 0.031286894923258576
0 0.3209755552120708 0.1626328217237308 0.0652474899119619 0.0501770956316411
0 0.10260693978090786 0.14285714285714285 0.07261414199879633 0.03541912632821722
0 0.635110647772081 0.3367768595041322 0.0915569616506562 0.043093270365997596
0 0.1362830636064366 0.004722550177095631 0.05998559556422307 0.009445100354191263
0 0.04419991252100647 0.005312868949232585 0.06945700539015302 0.01062573789846517
0 0.5861750303381096 0.029515938606847696 0.056828458955579704 0.02715466351829988
0 0.32571126012503576 0.052538370720188896 0.06629986878150976 0.03541912632821724
0 0.38674923455880655 0.9203069657615112 0.07050938425970087 0.029515938606847668
0 0.05945940612944918 0.5616883116883117 0.04946180686874534 0.031286894923258576
0 0.2415209505612139 0.18181818181818182 0.06209035330331858 0.03423848878394331
0 0.03472850269507651 0.9861275088547815 0.04840942799919756 0.027744982290436936
0 0.18521868104040803 0.09120425029515938 0.05051418573829313 0.032467532467532464
0 0.6393201632502722 0.9790436835891381 0.04946180686874536 0.04073199527744968
0 0.5803869465555967 0.608913813459268 0.05788083782512756 0.04663518299881932
0 0.639846352685046 0.30991735537190085 0.08419030956382186 0.02479338842975203
0 0.5367132234693642 0.793978748524203 0.056828458955579704 0.03896103896103895
0 0.7482413762484666 0.5944510035419126 0.06735224765105761 0.03778040141676513
0 0.6924652961624347 0.06700118063754427 0.0841903095638217 0.03482880755608029
0 0.11839262282412448 0.577922077922078 0.0473570491296498 0.03659976387249113
0 0.5088251834263483 0.179456906729634 0.09366171938975176 0.031877213695395534
0 0.5325037079911732 0.46900826446280985 0.0652474899119619 0.023022432113341117
0 0.16101396704080928 0.070543093270366 0.0631427321728664 0.03364817001180638
0 0.025257092869146555 0.2343565525383707 0.05051418573829311 0.044864226682408505