0 0.4328703703703703 0.6216145833333333 0.04722222222222222 0.03385416666666661
0 0.27824074074074073 0.7684895833333333 0.045370370370370394 0.03802083333333339
0 0.5226851851851851 0.3299479166666667 0.04537037037037032 0.0421875
0 0.35138888888888886 0.49375 0.04722222222222222 0.022916666666666606
0 0.4824074074074074 0.6989583333333333 0.051851851851851906 0.028125
0 0.4638888888888889 0.8200520833333332 0.03888888888888889 0.028645833333333214
0 0.3300925925925926 0.3489583333333333 0.045370370370370394 0.033333333333333305
0 0.21157407407407405 0.7518229166666666 0.05648148148148151 0.02864583333333339
0 0.5569444444444445 0.5638020833333333 0.0731481481481481 0.02864583333333339
0 0.137037037037037 0.7677083333333333 0.05740740740740738 0.03645833333333339
0 0.32222222222222224 0.58515625 0.08333333333333333 0.05364583333333339
0 0.7421296296296295 0.9145833333333332 0.056481481481481584 0.027083333333333216
0 0.6648148148148147 0.8286458333333332 0.04814814814814809 0.03645833333333322
0 0.46018518518518514 0.8486979166666666 0.037037037037036986 0.0265625
0 0.1560185185185185 0.6065104166666666 0.04537037037037036 0.0265625
0 0.11990740740740741 0.45572916666666663 0.04537037037037036 0.034375
0 0.7731481481481481 0.6052083333333333 0.051851851851851746 0.023958333333333394
0 0.7912037037037036 0.8747395833333332 0.041666666666666664 0.0328125
0 0.5967592592592592 0.29244791666666664 0.06203703703703699 0.030729166666666696
0 0.2222222222222222 0.9098958333333332 0.03888888888888889 0.035416666666666784
0 0.7782407407407407 0.97421875 0.03981481481481492 0.0359375
0 0.1925925925925926 0.5908854166666666 0.05185185185185182 0.0203125
0 0.7296296296296295 0.8330729166666666 0.04629629629629627 0.0328125
0 0.886574074074074 0.9192708333333333 0.05462962962962952 0.03229166666666679
0 0.3689814814814814 0.5630208333333333 0.06759259259259258 0.0625
0 0.14629629629629629 0.56640625 0.05555555555555555 0.025520833333333392
0 0.6861111111111111 0.8619791666666666 0.05185185185185182 0.03229166666666679
0 0.9 0.12786458333333334 0.051851851851851746 0.04427083333333335
0 0.46574074074074073 0.3864583333333333 0.044444444444444446 0.03645833333333335
0 0.5796296296296296 0.3606770833333333 0.05740740740740746 0.025520833333333305
0 0.6129629629629629 0.8393229166666666 0.04814814814814809 0.030729166666666786
0 0.3023148148148148 0.53046875 0.039814814814814845 0.025520833333333392
0 0.6439814814814814 0.12578125 0.050925925925925875 0.03802083333333335
0 0.6055555555555555 0.04036458333333333 0.04629629629629635 0.033854166666666664
0 0.29398148148148145 0.6247395833333333 0.04722222222222222 0.04010416666666661
0 0.4708333333333333 0.14322916666666666 0.049074074074074124 0.030208333333333347
0 0.1787037037037037 0.5078125 0.0425925925925926 0.028125
0 0.2060185185185185 0.5486979166666666 0.04907407407407405 0.03489583333333339
0 0.6046296296296296 0.6692708333333333 0.07962962962962969 0.030208333333333393
0 0.6212962962962962 0.8942708333333332 0.03888888888888889 0.04791666666666679
0 0.13935185185185184 0.41276041666666663 0.060185185185185196 0.0328125
0 0.8972222222222223 0.46640625 0.05370370370370381 0.030729166666666606
0 0.2550925925925926 0.4950520833333333 0.06944444444444445 0.025520833333333392
0 0.39861111111111114 0.5096354166666666 0.043518518518518574 0.031770833333333394
0 0.5662037037037037 0.85078125 0.043518518518518574 0.03385416666666678
0 0.7199074074074073 0.9765625 0.045370370370370394 0.04583333333333321
0 0.7638888888888888 0.7841145833333332 0.06111111111111111 0.035937499999999914
0 0.5217592592592593 0.2895833333333333 0.05462962962962968 0.03125
0 0.5435185185185185 0.6502604166666666 0.05 0.041145833333333395
0 0.26435185185185184 0.6552083333333333 0.05648148148148151 0.023958333333333394
0 0.45879629629629626 0.0796875 0.05277777777777778 0.0375
0 0.15555555555555556 0.9130208333333332 0.05370370370370371 0.026041666666666786
0 0.6518518518518518 0.8708333333333332 0.059259259259259206 0.029166666666666785
0 0.2601851851851852 0.5325520833333333 0.05 0.0265625
0 0.44490740740740736 0.055208333333333325 0.06203703703703699 0.029166666666666657
0 0.7421296296296295 0.97265625 0.03796296296296286 0.03802083333333321
0 0.5879629629629629 0.8697916666666666 0.05 0.015625