0 0.1867612293144208 0.8577127659574467 0.03877068557919622 0.03989361702127674
0 0.22127659574468087 0.8579787234042554 0.03782505910165486 0.02659574468085104
0 0.26335697399527186 0.10159574468085106 0.044444444444444446 0.03297872340425534
0 0.20378250591016547 0.9678191489361702 0.059574468085106407 0.03351063829787222
0 0.7815602836879432 0.030319148936170204 0.05957446808510648 0.04680851063829787
0 0.22033096926713946 0.7986702127659575 0.05484633569739954 0.02393617021276597
0 0.6312056737588652 0.43936170212765957 0.04255319148936173 0.020212765957446876
0 0.5040189125295509 0.027925531914893616 0.035933806146572066 0.03244680851063829
0 0.3054373522458629 0.4026595744680851 0.03782505910165486 0.028723404255319097
0 0.4085106382978723 0.09122340425531916 0.045390070921985805 0.03776595744680851
0 0.3910165484633569 0.3805851063829787 0.05957446808510632 0.030319148936170225
0 0.48936170212765956 0.3273936170212766 0.046335697399527156 0.027127659574468055
0 0.2973995271867612 0.8824468085106382 0.04255319148936173 0.024468085106382986
0 0.33617021276595743 0.286968085106383 0.052009456264775385 0.027127659574468055
0 0.5773049645390071 0.08856382978723404 0.055791962174940896 0.042021276595744686
0 0.5016548463356973 0.26941489361702126 0.0614657210401892 0.046276595744680814
0 0.6056737588652482 0.25292553191489364 0.04255319148936173 0.03882978723404253
0 0.45815602836879427 0.19069148936170213 0.03498817966903071 0.030319148936170225
0 0.3711583924349882 0.2643617021276595 0.055791962174940896 0.029787234042553214
0 0.3229314420803782 0.7039893617021276 0.0368794326241135 0.02819148936170208
0 0.383451536643026 0.8356382978723405 0.03877068557919614 0.02340425531914896
0 0.4652482269503546 0.2989361702127659 0.06052009456264768 0.02765957446808507
0 0.8633569739952719 0.635904255319149 0.06241134751773056 0.03031914893617014
0 0.5891252955082742 0.048138297872340426 0.045390070921985805 0.036702127659574466
0 0.28037825059101656 0.2845744680851064 0.044444444444444446 0.03404255319148932
0 0.6430260047281324 0.17101063829787233 0.05106382978723411 0.03776595744680851
0 0.23451536643026002 0.35452127659574467 0.04349881796690309 0.03244680851063828
0 0.18770685579196214 0.7441489361702127 0.04255319148936173 0.03936170212765955
0 0.5546099290780142 0.14441489361702126 0.055791962174940896 0.0271276595744681
0 0.2222222222222222 0.7353723404255319 0.03782505910165486 0.03244680851063837
0 0.5011820330969267 0.21436170212765954 0.05484633569739954 0.04148936170212769
0 0.8728132387706855 0.29308510638297874 0.047281323877068515 0.02659574468085104
0 0.5498817966903073 0.8170212765957446 0.06146572104018904 0.025531914893617013
0 0.17352245862884164 0.1382978723404255 0.05011820330969267 0.029787234042553214
0 0.7399527186761229 0.22420212765957448 0.057683215130023766 0.03776595744680851
0 0.7990543735224587 0.18191489361702126 0.05106382978723395 0.0457446808510638
0 0.7063829787234043 0.12632978723404256 0.07186761229314413 0.03563829787234041
0 0.32765957446808514 0.4202127659574468 0.04255319148936173 0.028723404255319097
0 0.7115839243498818 0.2625 0.05011820330969259 0.04095744680851068
0 0.830260047281324 0.275 0.047281323877068515 0.03191489361702127
0 0.17683215130023638 0.7843085106382979 0.05484633569739954 0.03244680851063837
0 0.451063829787234 0.4486702127659575 0.06052009456264768 0.03776595744680851
0 0.21938534278959812 0.00797872340425532 0.05484633569739954 0.01595744680851064
0 0.19432624113475178 0.07340425531914893 0.059574468085106407 0.03829787234042552
0 0.759338061465721 0.15691489361702127 0.045390070921985805 0.03510638297872339
0 0.9309692671394799 0.2776595744680851 0.05390070921985802 0.036170212765957464
0 0.5356973995271868 0.7773936170212765 0.03877068557919614 0.02819148936170208
0 0.4260047281323877 0.11702127659574468 0.03120567375886528 0.02978723404255317
0 0.6033096926713948 0.2936170212765957 0.05295508274231682 0.024468085106382986
0 0.18723404255319148 0.915159574468085 0.041607565011820294 0.03244680851063819
0 0.5380614657210402 0.10132978723404255 0.03215130023640664 0.03138297872340425
0 0.4562647754137116 0.7728723404255319 0.03498817966903071 0.028723404255319097
0 0.2799054373522459 0.7912234042553191 0.062411347517730476 0.03031914893617014
0 0.6297872340425532 0.03803191489361702 0.03971631205673765 0.044148936170212774
0 0.27801418439716313 0.8329787234042554 0.047281323877068515 0.028723404255319097
0 0.9404255319148935 0.24255319148936166 0.057683215130023766 0.04148936170212769
0 0.1929078014184397 0.4023936170212766 0.062411347517730476 0.02393617021276597
0 0.29267139479905435 0.8574468085106381 0.055791962174940896 0.02659574468085104
0 0.6245862884160757 0.27632978723404256 0.05011820330969259 0.026063829787234028
0 0.46761229314420805 0.11489361702127658 0.04255319148936173 0.03404255319148937
0 0.7531914893617022 0.19441489361702127 0.04255319148936173 0.03244680851063828
0 0.29550827423167847 0.02180851063829787 0.05011820330969267 0.03404255319148936
0 0.5078014184397163 0.11196808510638298 0.045390070921985805 0.039893617021276605
0 0.2425531914893617 0.3151595744680851 0.055791962174940896 0.0292553191489362
0 0.27801418439716313 0.5188829787234043 0.02647754137115841 0.019680851063829864
0 0.5437352245862884 0.006382978723404255 0.05484633569739954 0.01276595744680851
0 0.20141843971631204 0.6172872340425533 0.05862884160756497 0.026063829787234028
0 0.4453900709219858 0.25930851063829785 0.05862884160756497 0.028191489361702172
0 0.6789598108747045 0.4348404255319148 0.045390070921985805 0.025
0 0.22364066193853427 0.29255319148936165 0.05768321513002361 0.025531914893617013
0 0.22316784869976358 0.8829787234042554 0.07186761229314421 0.029787234042553123
0 0.6761229314420804 0.3513297872340425 0.04349881796690309 0.04095744680851068
0 0.16643026004728131 0.9553191489361701 0.045390070921985805 0.025531914893617013
0 0.7853427895981088 0.22074468085106386 0.055791962174941055 0.037234042553191495
0 0.3626477541371158 0.814095744680851 0.03498817966903071 0.02925531914893611
0 0.15602836879432624 0.17127659574468085 0.04349881796690309 0.044680851063829775
0 0.42553191489361697 0.3234042553191489 0.05295508274231682 0.02659574468085104
0 0.14988179669030732 0.975531914893617 0.044444444444444446 0.03297872340425521
0 0.7238770685579196 0.00851063829787234 0.0841607565011821 0.01702127659574468
0 0.5148936170212767 0.7962765957446809 0.06713947990543735 0.02765957446808507
0 0.18392434988179668 0.7047872340425532 0.052009456264775385 0.03510638297872344
0 0.38817966903073287 0.7984042553191489 0.03120567375886528 0.03510638297872326
0 0.2453900709219858 0.13138297872340426 0.055791962174940896 0.03191489361702127
0 0.47517730496453897 0.041223404255319146 0.05957446808510632 0.03244680851063829
0 0.7782505910165485 0.2728723404255319 0.05106382978723395 0.03085106382978724
0 0.6382978723404256 0.36090425531914894 0.035933806146572066 0.030319148936170225
0 0.7087470449172577 0.15904255319148936 0.06713947990543735 0.03085106382978724
0 0.35271867612293145 0.0023936170212765957 0.03782505910165486 0.0047872340425531915
0 0.26099290780141843 0.013829787234042554 0.045390070921985805 0.027659574468085108
0 0.18297872340425533 0.8079787234042554 0.04822695035460996 0.01914893617021285
0 0.3054373522458629 0.0034574468085106385 0.047281323877068515 0.006914893617021277
0 0.2349881796690307 0.8202127659574469 0.04255319148936173 0.02765957446808507