0 0.32222222222222224 0.6786458333333333 0.08333333333333333 0.055208333333333394
0 0.43472222222222223 0.7153645833333333 0.04722222222222222 0.03489583333333339
0 0.1587962962962963 0.6981770833333333 0.04537037037037036 0.02864583333333339
0 0.4111111111111111 0.2661458333333333 0.044444444444444446 0.0364583333333333
0 0.6675925925925925 0.92109375 0.05370370370370365 0.036979166666666785
0 0.14953703703703702 0.6588541666666666 0.054629629629629604 0.027083333333333393
0 0.30416666666666664 0.6221354166666666 0.041666666666666664 0.0265625
0 0.7314814814814814 0.9263020833333332 0.048148148148148176 0.034895833333333216
0 0.2972222222222222 0.71640625 0.04629629629629627 0.041145833333333395
0 0.12268518518518517 0.5484375 0.04722222222222222 0.034375
0 0.5449074074074074 0.74453125 0.049074074074074124 0.0421875
0 0.37083333333333335 0.6580729166666666 0.06574074074074075 0.05989583333333339
0 0.39953703703703697 0.6026041666666666 0.043518518518518574 0.034375
0 0.6064814814814814 0.7630208333333333 0.07592592592592587 0.03229166666666661
0 0.18194444444444444 0.6005208333333333 0.041666666666666664 0.028125
0 0.33287037037037037 0.4434895833333333 0.045370370370370394 0.02864583333333339
0 0.9023148148148148 0.5635416666666666 0.05277777777777778 0.03229166666666661
0 0.9032407407407407 0.22395833333333331 0.05277777777777778 0.04375
0 0.7916666666666666 0.9674479166666666 0.042592592592592696 0.03385416666666678
0 0.4847222222222222 0.790625 0.049074074074074124 0.029166666666666695
0 0.525 0.425 0.04629629629629635 0.04166666666666661
0 0.19444444444444445 0.6815104166666666 0.05555555555555555 0.0234375
0 0.25555555555555554 0.5890625 0.06851851851851849 0.02604166666666661
0 0.7731481481481481 0.7 0.05370370370370381 0.025
0 0.2111111111111111 0.6408854166666667 0.05185185185185182 0.03802083333333339
0 0.3523148148148148 0.5877604166666666 0.04907407407407405 0.025520833333333392
0 0.5217592592592593 0.3828125 0.05277777777777778 0.029166666666666695
0 0.7652777777777777 0.8778645833333332 0.06203703703703714 0.036979166666666785
0 0.21666666666666667 0.8427083333333332 0.06481481481481484 0.030208333333333216
0 0.5990740740740741 0.38776041666666666 0.06296296296296301 0.030729166666666696
0 0.46574074074074073 0.4799479166666666 0.04629629629629635 0.0359375
0 0.2810185185185185 0.8611979166666666 0.04722222222222222 0.04010416666666679
0 0.26620370370370366 0.7471354166666666 0.058333333333333334 0.025520833333333392
0 0.1398148148148148 0.8596354166666667 0.05740740740740738 0.0390625
0 0.2625 0.62578125 0.05092592592592595 0.0265625
0 0.6462962962962963 0.22057291666666665 0.05 0.0359375
0 0.5587962962962962 0.6578125 0.0731481481481481 0.030208333333333393
0 0.5888888888888889 0.02682291666666666 0.059259259259259206 0.0421875
0 0.44907407407407407 0.14973958333333331 0.06851851851851858 0.03072916666666665
0 0.6425925925925925 0.1828125 0.04629629629629635 0.0375
0 0.687037037037037 0.9557291666666666 0.05370370370370373 0.035416666666666784
0 0.4629629629629629 0.17526041666666664 0.05370370370370365 0.03489583333333335
0 0.14166666666666666 0.5065104166666666 0.06111111111111111 0.030729166666666606
0 0.5819444444444445 0.45572916666666663 0.05648148148148143 0.025
0 0.1597222222222222 0.9942708333333332 0.05277777777777778 0.010416666666666786