0 0.5742266529834334 0.6536842105263158 0.04128426916874356 0.024210526315789415
0 0.2547427063480428 0.10921052631578947 0.05160533646092944 0.04157894736842107
0 0.4663245858378537 0.2571052631578947 0.039407711479255286 0.02789473684210524
0 0.2106436006450667 0.09052631578947368 0.04972877877144109 0.037894736842105245
0 0.35560768215804134 0.565 0.04316082685823191 0.03210526315789473
0 0.6619557249670136 0.11605263157894737 0.0534818941504178 0.031052631578947353
0 0.380941210966134 0.045 0.06192640375311533 0.038421052631578946
0 0.17264330743292772 0.9505263157894737 0.041284269168743594 0.02947368421052623
0 0.2871133264917167 0.12631578947368421 0.05066705761618531 0.042105263157894736
0 0.21111274006743877 0.3505263157894737 0.0394077114792552 0.0189473684210526
0 0.282891071690368 0.5489473684210526 0.04597566339246447 0.02526315789473692
0 0.43723794165078433 0.41052631578947374 0.05817328837413863 0.02210526315789476
0 0.4949420906025509 0.6157894736842106 0.034716317255534444 0.027368421052631577
0 0.17921125934613694 0.26999999999999996 0.06567951913209204 0.03578947368421055
0 0.1290133411523237 0.12184210526315789 0.049728778771441134 0.042631578947368444
0 0.7149684796950593 0.6436842105263157 0.04503738454772042 0.03684210526315788
0 0.5775106289400381 0.5028947368421053 0.0534818941504178 0.024736842105263078
0 0.4283242926257147 0.11736842105263157 0.051605336460929525 0.027368421052631577
0 0.7027708547133852 0.047368421052631574 0.054420172995161935 0.05578947368421052
0 0.6788447441724087 0.7455263157894737 0.07037091335581287 0.022631578947368426
0 0.31479255241166987 0.14210526315789473 0.04409910570297612 0.03684210526315788
0 0.6155109221521771 0.27921052631578946 0.04503738454772026 0.03210526315789473
0 0.30775546107608853 0.34157894736842104 0.05442017299516201 0.02315789473684209
0 0.2594341005717637 0.3168421052631579 0.051605336460929525 0.030526315789473644
0 0.6633631432341298 0.47736842105263155 0.03565459610027858 0.03473684210526322
0 0.392200557103064 0.36184210526315785 0.05066705761618539 0.024736842105263168
0 0.7768948834481748 0.5615789473684211 0.04691394223720869 0.026315789473684247
0 0.5301275472804574 0.15 0.043160826858231985 0.027368421052631577
0 0.397361090749157 0.15026315789473682 0.045975663392464394 0.028947368421052656
0 0.16372965840785805 0.6773684210526316 0.04034599032399942 0.03157894736842106
0 0.15763084591702095 0.4607894736842105 0.06380296144260372 0.028947368421052565
0 0.566251282803108 0.631578947368421 0.08350681718223141 0.030526315789473735
0 0.3316815716170649 0.3605263157894737 0.059111567218882846 0.032631578947368386
0 0.8172408737721742 0.6873684210526315 0.043160826858231825 0.04105263157894736
0 0.1290133411523237 0.009210526315789473 0.047852221081952785 0.018421052631578946
0 0.7736109074915701 0.9857894736842105 0.060988124908371355 0.028421052631578902
0 0.3152616918340419 0.5307894736842105 0.05442017299516201 0.024736842105263078
0 0.1388652690221375 0.6681578947368421 0.05066705761618531 0.03842105263157887
0 0.3363729658407858 0.016052631578947367 0.04222254801348769 0.029999999999999992
0 0.6591408884327811 0.6913157894736842 0.06661779797683617 0.02789473684210524
0 0.2082979035332063 0.5918421052631578 0.06567951913209204 0.02684210526315791
0 0.3401260812197625 0.7144736842105263 0.04409910570297612 0.021578947368421097
0 0.43207740800469135 0.38368421052631574 0.03659287494502272 0.02947368421052632
0 0.6741533499486879 0.7721052631578947 0.07787714411376627 0.03894736842105271
0 0.5732883741386894 0.21026315789473685 0.060049846063627066 0.03421052631578947
0 0.18014953819088111 0.5497368421052632 0.04316082685823191 0.02684210526315791
0 0.32839759566046034 0.628157894736842 0.05254361530567366 0.030000000000000072
0 0.21580413429115966 0.039999999999999994 0.061926403753115415 0.04
0 0.28617504764697255 0.17421052631578945 0.05629673068465036 0.02421052631578946
0 0.28992816302594926 0.4636842105263158 0.05629673068465036 0.04105263157894736
0 0.2101744612226946 0.19947368421052633 0.05442017299516201 0.027368421052631577
0 0.4330156868494356 0.16973684210526316 0.045975663392464394 0.027894736842105285
0 0.23597712945315935 0.1394736842105263 0.0647412402873479 0.026315789473684202
0 0.6253628500219909 0.5410526315789473 0.045975663392464394 0.03473684210526322
0 0.3978302301715291 0.6142105263157894 0.05254361530567366 0.04105263157894736
0 0.22518692273860136 0.9400000000000001 0.04128426916874356 0.03368421052631589
0 0.6169183404192933 0.1636842105263158 0.045975663392464394 0.026315789473684202
0 0.6328690807799443 0.5039473684210527 0.045975663392464394 0.021578947368421097
0 0.8331916141328252 0.6010526315789473 0.05066705761618523 0.024210526315789415
0 0.3457557542882275 0.48473684210526313 0.06286468259785954 0.02526315789473692
0 0.7665738161559889 0.30473684210526314 0.04128426916874356 0.0336842105263158
0 0.6267702682891071 0.014210526315789474 0.04503738454772026 0.028421052631578948
0 0.3945462542149245 0.5284210526315789 0.055358451839906224 0.028421052631578902
0 0.685412696085618 0.7207894736842105 0.060988124908371355 0.030000000000000072
0 0.3030640668523677 0.02526315789473684 0.05442017299516201 0.0431578947368421
0 0.24019938425450812 0.5094736842105263 0.04691394223720861 0.03894736842105271
0 0.7248204075648732 0.5399999999999999 0.07412402873478957 0.028421052631578902
0 0.6220788740653863 0.33973684210526317 0.06192640375311533 0.024736842105263168
0 0.2603723794165078 0.5321052631578947 0.0534818941504178 0.02526315789473692
0 0.7464008209939891 0.3310526315789474 0.05348189415041795 0.03684210526315788
0 0.4241020378243659 0.09657894736842106 0.05629673068465036 0.024736842105263168
0 0.7285735229438499 0.3571052631578947 0.04785222108195282 0.03842105263157895
0 0.24629819674534525 0.44210526315789467 0.03471631725553437 0.02947368421052623
0 0.6399061721155256 0.8844736842105263 0.043160826858231985 0.035263157894736705
0 0.5761032106729218 0.16394736842105262 0.05066705761618523 0.031052631578947353
0 0.6178566192640376 0.45789473684210524 0.04972877877144109 0.02210526315789476
0 0.6338073596246885 0.1376315789473684 0.060988124908371195 0.031052631578947353
0 0.13511215364316084 0.22657894736842105 0.058173288374138675 0.028947368421052656
0 0.3040023456971119 0.060789473684210525 0.060049846063627066 0.02894736842105263
0 0.41284269168743587 0.07052631578947369 0.06755607682158046 0.03894736842105262
0 0.23832282656501977 0.471578947368421 0.05254361530567366 0.019999999999999928
0 0.35560768215804134 0.07578947368421053 0.06380296144260368 0.04105263157894736
0 0.5019791819381323 0.17684210526315788 0.05066705761618523 0.028421052631578948
0 0.5423251722621317 0.19157894736842104 0.08444509602697554 0.03052631578947369
0 0.9415628207007769 0.2 0.04972877877144109 0.034736842105263135
0 0.17451986512241605 0.21105263157894738 0.07693886526902213 0.02526315789473683
0 0.6539803547866881 0.05394736842105263 0.06380296144260376 0.033157894736842095
0 0.18249523530274153 0.003157894736842105 0.0572350095293945 0.00631578947368421
0 0.6460049846063627 0.034736842105263156 0.0572350095293945 0.021052631578947368