0 0.17936111111111108 0.010786458333333334 0.061009259259259256 0.018692708333333332
0 0.2611111111111111 0.00828125 0.034166666666666616 0.0165625
0 0.3872777777777777 0.02920833333333333 0.047342592592592644 0.04386979166666666
0 0.4136944444444445 0.014218749999999997 0.04722222222222222 0.02555208333333333
0 0.4404166666666666 0.03229687499999999 0.0474629629629629 0.02945833333333333
0 0.5476018518518518 0.023651041666666664 0.0507592592592592 0.03412499999999999
0 0.6582129629629629 0.0067760416666666655 0.03648148148148162 0.013546875000000003
0 0.17838888888888887 0.04530208333333333 0.0492962962962963 0.03418750000000001
0 0.2914907407407407 0.049796875 0.05344444444444447 0.03836979166666665
0 0.31363888888888886 0.083015625 0.04526851851851848 0.03068229166666665
0 0.34853703703703703 0.07783333333333334 0.03697222222222219 0.025130208333333327
0 0.3459166666666666 0.11560937500000001 0.0451481481481481 0.039593750000000004
0 0.27447222222222223 0.11516145833333333 0.04258333333333337 0.02291666666666665
0 0.1915 0.087921875 0.050388888888888914 0.019223958333333326
0 0.20504629629629628 0.11560937499999999 0.057472222222222216 0.04233854166666666
0 0.1710648148148148 0.12058333333333333 0.0492962962962963 0.03238541666666665
0 0.4671944444444444 0.1016875 0.038796296296296225 0.02684895833333334
0 0.6920648148148147 0.10270833333333332 0.051731481481481406 0.043989583333333325
0 0.6530833333333333 0.13602604166666668 0.06527777777777778 0.023458333333333314
0 0.4934259259259259 0.17221875 0.0595462962962963 0.03613541666666666
0 0.4714074074074074 0.19621354166666666 0.060638888888888846 0.03540104166666667
0 0.21932407407407406 0.16410416666666666 0.06405555555555556 0.025531250000000005
0 0.24299074074074073 0.18252604166666667 0.06259259259259259 0.026552083333333344
0 0.25861111111111107 0.20026562499999997 0.05478703703703702 0.022911458333333346
0 0.2110277777777778 0.2480625 0.05234259259259259 0.035463541666666654
0 0.7418518518518519 0.2235677083333333 0.05856481481481492 0.023531250000000004
0 0.8200648148148147 0.23602083333333335 0.041731481481481425 0.03539583333333338
0 0.624898148148148 0.28427604166666665 0.060157407407407486 0.028958333333333287
0 0.498 0.33176041666666667 0.05038888888888885 0.022348958333333346
0 0.18338888888888888 0.29612499999999997 0.051981481481481476 0.03001041666666664
0 0.23445370370370372 0.3026822916666666 0.04062962962962963 0.03885937499999992
0 0.28642592592592586 0.33414062499999997 0.05771296296296297 0.029171875000000024
0 0.22529629629629627 0.37826562499999994 0.05112037037037038 0.02819270833333336
0 0.16423148148148148 0.38997916666666665 0.030749999999999982 0.028968749999999942
0 0.3554907407407407 0.4267916666666666 0.03867592592592592 0.022296874999999973
0 0.24232407407407403 0.45382812499999997 0.05026851851851851 0.026953125
0 0.16069444444444445 0.5002708333333332 0.04075 0.02581249999999997
0 0.1907685185185185 0.5215104166666666 0.07039814814814815 0.019557291666666643
0 0.2313425925925926 0.5430885416666666 0.033185185185185165 0.04555208333333329
0 0.47 0.5072708333333333 0.03709259259259249 0.02333333333333325
0 0.5724907407407407 0.5301197916666667 0.046851851851851714 0.03471875000000004
0 0.5963518518518518 0.5102864583333333 0.037212962962963066 0.03486458333333342
0 0.6351481481481481 0.49783333333333335 0.04649074074074078 0.0257447916666667
0 0.4761018518518519 0.5536718749999999 0.0492962962962963 0.02279687500000005
0 0.4429166666666666 0.5882916666666667 0.05124999999999997 0.02271354166666679
0 0.3078425925925926 0.6171093749999998 0.06662037037037041 0.025447916666666792
0 0.1683796296296296 0.6033489583333334 0.05368518518518521 0.031557291666666744
0 0.2559259259259259 0.6888645833333332 0.03477777777777773 0.035119791666666525
0 0.468537037037037 0.6260416666666666 0.15129629629629637 0.05758333333333336
0 0.18790740740740738 0.7345729166666667 0.06832407407407406 0.03868229166666666
0 0.22127777777777777 0.7764010416666667 0.03379629629629635 0.029692708333333505
0 0.22304629629629627 0.8742083333333334 0.036120370370370365 0.026265624999999914
0 0.5601111111111111 0.7497499999999999 0.045268518518518555 0.031984374999999864
0 0.9299999999999998 0.5962083333333333 0.053194444444444385 0.027156249999999993
0 0.7785185185185185 0.636328125 0.06942592592592595 0.030942708333333256
0 0.7321481481481481 0.6683749999999999 0.05747222222222214 0.02502604166666682
0 0.7940092592592591 0.7036458333333333 0.05674074074074061 0.029682291666666492
0 0.6527777777777778 0.7671041666666666 0.05612962962962958 0.029625000000000058
0 0.7208611111111111 0.8180520833333332 0.0507592592592592 0.040244791666666654
0 0.6615 0.8270416666666666 0.05526851851851862 0.021161458333333272
0 0.8917499999999999 0.8251406249999998 0.04477777777777779 0.03383333333333347
0 0.7824814814814814 0.8558177083333334 0.06417592592592598 0.025171874999999844
0 0.7701574074074073 0.8728333333333331 0.04197222222222226 0.029010416666666573
0 0.7847407407407407 0.893078125 0.05283333333333328 0.021453125000000028
0 0.7131203703703702 0.8585260416666666 0.0633240740740742 0.023046875
0 0.6793796296296296 0.8810677083333334 0.06930555555555544 0.029005208333333244
0 0.7251944444444445 0.8860416666666666 0.054787037037037106 0.027286458333333385
0 0.7003611111111111 0.9086197916666666 0.05368518518518523 0.024942708333333386
0 0.7630833333333332 0.9562968749999999 0.05222222222222241 0.025723958333333387
0 0.7713148148148147 0.97715625 0.05526851851851847 0.029010416666666573
0 0.9136481481481481 0.972078125 0.055638888888888814 0.043557291666666845