0 0.23232928701706249 0.4042002301495972 0.04820960922649859 0.03624856156501721
0 0.3477246282507028 0.03452243958573072 0.1025736366521247 0.06904487917146145
0 0.39644710566046204 0.02013808975834292 0.07898170022213598 0.04027617951668584
0 0.5026108195954112 0.29976985040276183 0.05128681832606239 0.031070195627157647
0 0.2979764144744223 0.2459723820483314 0.05231255469258363 0.040851553509781355
0 0.8682858342602356 0.3535673187571922 0.046158136493456195 0.0362485615650173
0 0.6544198018405557 0.12313003452243958 0.09231627298691224 0.04027617951668585
0 0.6687801109718532 0.5158227848101266 0.0451324001269348 0.03279631760644417
0 0.6087745335303602 0.012658227848101267 0.08718759115430605 0.025316455696202535
0 0.8005872340698335 0.30696202531645567 0.05231255469258363 0.0362485615650173
0 0.31643966907180476 0.08055235903337168 0.05231255469258363 0.04487917146144995
0 0.8452067660135077 0.04861910241657077 0.057441236525189975 0.03049482163406214
0 0.8113574659183066 0.39930955120828543 0.06975007292344483 0.027617951668584606
0 0.8534126569456777 0.4640391254315305 0.04102945466084985 0.03624856156501721
0 0.49902074231258675 0.33141542002301494 0.046158136493456195 0.031070195627157647
0 0.7508390202935529 0.3391829689298044 0.059492709258232454 0.03970080552359034
0 0.670318715521635 0.3158803222094361 0.0543640274256261 0.03797468354430382
0 0.5964656971321053 0.10385500575373993 0.05846697289171105 0.046605293440736474
0 0.14873177314558086 0.016685845799769852 0.0656471274573598 0.033371691599539705
0 0.28002602806030047 0.11967779056386652 0.06154418199127485 0.031070195627157647
0 0.22771347336771686 0.010356731875719217 0.06359565472431733 0.020713463751438434
0 0.21796897788576503 0.21950517836593786 0.0687243365569236 0.03049482163406214
0 0.8164861477509128 0.4649021864211738 0.04102945466084985 0.03912543153049484
0 0.3000278872074648 0.4582853855005754 0.06256991835779609 0.02243958573072504
0 0.14052588221341086 0.24309551208285388 0.0656471274573598 0.04200230149597237
0 0.967966573816156 0.515625 0.06406685236768803 0.025
0 0.1584762686275327 0.4108170310701956 0.06051844562475361 0.02531645569620249
0 0.16155347772709644 0.0661680092059839 0.05026108195954111 0.032220943613348686
0 0.5190226014597511 0.1380897583429229 0.059492709258232294 0.031070195627157647
0 0.726221347497043 0.3020713463751438 0.055389763792147495 0.03912543153049484
0 0.2020700642046857 0.049482163406214044 0.05949270925823237 0.027617951668584585
0 0.4933791922967199 0.08199079401611047 0.05333829105910486 0.03970080552359034
0 0.8354622705315559 0.2520138089758343 0.06667286382388096 0.03682393555811281
0 0.9707520891364902 0.39765625 0.0584958217270195 0.0296875
0 0.6790374746370657 0.37945914844649026 0.04308092739389232 0.047756041426927534
0 0.30361796449028916 0.43872266973532803 0.06975007292344483 0.0270425776754891
0 0.7877655294883179 0.4720943613348677 0.0451324001269348 0.045454545454545504
0 0.6200576335620939 0.33256616800920596 0.0543640274256261 0.03682393555811281
0 0.713912511098788 0.3541426927502877 0.06975007292344483 0.02819332566168011
0 0.6303149972273064 0.3552934407364787 0.07282728202300855 0.0178365937859609