0 0.5958333333333333 0.6924479166666666 0.043518518518518574 0.036979166666666605
0 0.35138888888888886 0.271875 0.034259259259259246 0.025
0 0.46759259259259256 0.8088541666666667 0.14444444444444443 0.0625
0 0.19722222222222222 0.51015625 0.04074074074074074 0.01822916666666661
0 0.3458333333333333 0.3052083333333333 0.0398148148148148 0.0364583333333333
0 0.44259259259259254 0.7684895833333333 0.04814814814814809 0.0234375
0 0.7717592592592593 0.03203125 0.04722222222222222 0.0421875
0 0.4685185185185185 0.6861979166666666 0.03888888888888889 0.022395833333333393
0 0.9787037037037036 0.02109375 0.042592592592592696 0.0328125
0 0.23472222222222222 0.7205729166666666 0.037962962962962934 0.046354166666666606
0 0.24490740740740738 0.009375 0.039814814814814845 0.017708333333333333
0 0.3134259259259259 0.2763020833333333 0.045370370370370394 0.0338541666666667
0 0.8518518518518517 0.18203125 0.04814814814814825 0.0453125
0 0.17222222222222222 0.778125 0.05370370370370371 0.034375
0 0.23935185185185182 0.027604166666666662 0.04907407407407405 0.026041666666666664
0 0.38333333333333336 0.2234375 0.04629629629629635 0.0458333333333333
0 0.6217592592592592 0.06692708333333333 0.043518518518518574 0.022395833333333327
0 0.6902777777777778 0.29947916666666663 0.041666666666666664 0.038541666666666696
0 0.25925925925925924 0.86328125 0.03888888888888889 0.036979166666666785
0 0.41388888888888886 0.2075520833333333 0.04259259259259254 0.025520833333333326
0 0.25879629629629625 0.19036458333333334 0.04907407407407405 0.03697916666666665
0 0.5018518518518518 0.11796875 0.051851851851851906 0.024479166666666653
0 0.4444444444444444 0.23203125 0.044444444444444446 0.0265625
0 0.2435185185185185 0.6328125 0.04259259259259262 0.02604166666666661
0 0.25925925925925924 0.3872395833333333 0.05555555555555555 0.025520833333333305
0 0.8143518518518518 0.42734375 0.04537037037037048 0.03489583333333339
0 0.29212962962962963 0.17369791666666665 0.041666666666666664 0.031770833333333345
0 0.7916666666666666 0.8846354166666666 0.04629629629629619 0.0296875
0 0.662037037037037 0.190625 0.04629629629629635 0.038541666666666675
0 0.19675925925925924 0.13776041666666666 0.04537037037037038 0.03385416666666665
0 0.3541666666666667 0.06510416666666666 0.04537037037037036 0.034375
0 0.5504629629629629 0.2234375 0.050925925925925875 0.033333333333333305
0 0.19166666666666668 0.90546875 0.06111111111111111 0.0421875
0 0.16296296296296295 0.6770833333333333 0.04259259259259258 0.028125
0 0.35509259259259257 0.6083333333333333 0.04351851851851849 0.028125
0 0.7296296296296295 0.8486979166666666 0.05 0.031770833333333214
0 0.3527777777777778 0.09791666666666667 0.04629629629629631 0.039583333333333325
0 0.22777777777777777 0.5606770833333333 0.05370370370370373 0.0265625
0 0.24398148148148147 0.3700520833333333 0.05648148148148151 0.0234375
0 0.5717592592592592 0.709375 0.041666666666666664 0.04166666666666661
0 0.8898148148148147 0.12005208333333332 0.051851851851851746 0.03697916666666665
0 0.21898148148148147 0.3528645833333333 0.058333333333333334 0.025520833333333305
0 0.3074074074074074 0.2388020833333333 0.044444444444444446 0.041145833333333305
0 0.6222222222222222 0.13411458333333331 0.04814814814814809 0.02864583333333335
0 0.19537037037037036 0.6984375 0.06851851851851849 0.022916666666666606
0 0.175 0.2348958333333333 0.05 0.030208333333333302
0 0.21203703703703702 0.4333333333333333 0.04629629629629627 0.0375
0 0.886574074074074 0.08072916666666666 0.058333333333333334 0.033333333333333326
0 0.23518518518518516 0.4875 0.04629629629629627 0.03645833333333339
0 0.8375 0.03802083333333333 0.04722222222222222 0.027083333333333338
0 0.22175925925925924 0.9453125 0.03240740740740738 0.029166666666666785
0 0.20833333333333334 0.30338541666666663 0.05555555555555555 0.0401041666666667
0 0.8824074074074073 0.990625 0.027777777777777776 0.017708333333333215
0 0.9217592592592592 0.78046875 0.050925925925926034 0.031770833333333394
0 0.798148148148148 0.04296875 0.03518518518518508 0.02760416666666666
0 0.8398148148148148 0.07395833333333332 0.06666666666666667 0.039583333333333325
0 0.17731481481481481 0.2 0.05648148148148149 0.027083333333333327
0 0.7828703703703703 0.1796875 0.058333333333333334 0.03229166666666665
0 0.2625 0.2890625 0.039814814814814845 0.022916666666666696
0 0.4722222222222222 0.2953125 0.037037037037036986 0.029166666666666695
0 0.4925925925925925 0.5158854166666667 0.05 0.021354166666666608
0 0.49444444444444446 0.36171875 0.05740740740740746 0.030729166666666696
0 0.7412037037037037 0.4153645833333333 0.056481481481481584 0.022395833333333393
0 0.1907407407407407 0.2778645833333333 0.05 0.0203125
0 0.610648148148148 0.16197916666666665 0.075 0.0375
0 0.31296296296296294 0.7927083333333333 0.06111111111111111 0.02604166666666661
0 0.47407407407407404 0.7328125 0.04629629629629635 0.027083333333333393
0 0.16574074074074074 0.5697916666666666 0.03148148148148147 0.02604166666666661
0 0.7148148148148148 0.9875 0.048148148148148176 0.023958333333333214
0 0.18240740740740738 0.47916666666666663 0.048148148148148155 0.030208333333333393
0 0.6222222222222222 0.475 0.06296296296296301 0.029166666666666608
0 0.5175925925925925 0.14557291666666666 0.06296296296296301 0.03697916666666665
0 0.9657407407407407 0.1703125 0.06666666666666667 0.034375
0 0.46898148148148144 0.38671875 0.05648148148148143 0.03072916666666665
0 0.4060185185185185 0.021875 0.04722222222222222 0.04270833333333333
0 0.7708333333333334 0.8177083333333333 0.06574074074074064 0.033333333333333215
0 0.9578703703703704 0.0484375 0.04722222222222222 0.04479166666666666
0 0.65 0.3296875 0.059259259259259206 0.021875
0 0.28703703703703703 0.5190104166666666 0.05370370370370373 0.0296875
0 0.17453703703703702 0.30703125 0.04722222222222222 0.0296875
0 0.6300925925925925 0.6809895833333333 0.04722222222222222 0.027604166666666607
0 0.6861111111111111 0.00546875 0.05185185185185182 0.0109375