0 0.5319444444444444 0.4221354166666666 0.03796296296296302 0.0234375
0 0.3828703703703703 0.31640625 0.060185185185185196 0.0359375
0 0.9273148148148148 0.47265625 0.050925925925926034 0.0296875
0 0.7833333333333333 0.13046875 0.05370370370370381 0.03489583333333335
0 0.5736111111111111 0.7565104166666666 0.050925925925925875 0.0234375
0 0.6824074074074074 0.02786458333333333 0.06296296296296301 0.0359375
0 0.4930555555555556 0.8627604166666666 0.03611111111111111 0.028645833333333214
0 0.7055555555555556 0.8942708333333332 0.04629629629629627 0.039583333333333214
0 0.7759259259259259 0.10833333333333332 0.051851851851851746 0.029166666666666653
0 0.35648148148148145 0.8140625 0.03888888888888889 0.03125
0 0.33055555555555555 0.8674479166666667 0.04629629629629627 0.021354166666666785
0 0.14444444444444443 0.4846354166666666 0.05740740740740738 0.025520833333333392
0 0.399074074074074 0.415625 0.04259259259259254 0.027083333333333393
0 0.24583333333333332 0.7208333333333333 0.04907407407407405 0.02083333333333339
0 0.3486111111111111 0.7380208333333333 0.060185185185185196 0.030208333333333393
0 0.24629629629629626 0.75703125 0.044444444444444446 0.0390625
0 0.4305555555555556 0.38541666666666663 0.04629629629629635 0.020833333333333304
0 0.3949074074074074 0.7776041666666667 0.05277777777777778 0.027083333333333393
0 0.33518518518518514 0.6166666666666666 0.06111111111111111 0.03541666666666661
0 0.5717592592592592 0.43359375 0.043518518518518574 0.027604166666666607
0 0.36666666666666664 0.19088541666666664 0.04074074074074075 0.0296875
0 0.44166666666666665 0.2333333333333333 0.051851851851851906 0.0416666666666667
0 0.6305555555555555 0.22291666666666665 0.04629629629629635 0.025
0 0.1685185185185185 0.23567708333333331 0.048148148148148134 0.0234375
0 0.4143518518518518 0.3421875 0.06018518518518524 0.0322916666666667
0 0.6097222222222223 0.5419270833333333 0.041666666666666664 0.031770833333333394
0 0.16527777777777777 0.7091145833333333 0.06203703703703704 0.030729166666666606
0 0.8212962962962962 0.8549479166666666 0.04629629629629619 0.0265625
0 0.18518518518518515 0.528125 0.06296296296296294 0.03125
0 0.5685185185185185 0.47734375 0.05555555555555555 0.027604166666666607
0 0.3726851851851852 0.62890625 0.04722222222222222 0.027604166666666607
0 0.32222222222222224 0.7791666666666666 0.05 0.029166666666666608
0 0.6194444444444445 0.7932291666666667 0.044444444444444446 0.0364583333333333
0 0.43657407407407406 0.6661458333333333 0.058333333333333334 0.021875
0 0.7680555555555556 0.81640625 0.04537037037037048 0.027604166666666784
0 0.2152777777777778 0.4640625 0.05277777777777778 0.027083333333333393
0 0.2148148148148148 0.8380208333333332 0.05925925925925928 0.029166666666666785
0 0.4004629629629629 0.86171875 0.049074074074074124 0.0453125
0 0.6606481481481481 0.93515625 0.049074074074074124 0.025520833333333215
0 0.6263888888888889 0.7583333333333333 0.04722222222222222 0.022916666666666606
0 0.6879629629629629 0.96875 0.04259259259259254 0.033333333333333215
0 0.28564814814814815 0.7971354166666667 0.037962962962962934 0.0265625
0 0.735185185185185 0.025520833333333333 0.05185185185185182 0.036458333333333336
0 0.4259259259259259 0.36666666666666664 0.051851851851851906 0.020833333333333304
0 0.6092592592592592 0.6098958333333333 0.07222222222222222 0.025
0 0.9300925925925926 0.11692708333333332 0.05462962962962952 0.04010416666666665
0 0.1375 0.38671875 0.04537037037037036 0.03697916666666665
0 0.2902777777777778 0.43671875 0.054629629629629604 0.019270833333333393
0 0.3541666666666667 0.22109375 0.04537037037037036 0.0359375
0 0.2157407407407407 0.3572916666666667 0.04629629629629627 0.030208333333333302
0 0.25925925925925924 0.37526041666666665 0.048148148148148176 0.0380208333333333
0 0.49675925925925923 0.440625 0.04537037037037032 0.022916666666666606
0 0.7375 0.5947916666666666 0.04907407407407397 0.034375
0 0.5300925925925926 0.2765625 0.05648148148148143 0.026041666666666696
0 0.21388888888888888 0.5723958333333333 0.03703703703703706 0.019791666666666607
0 0.7041666666666667 0.16588541666666665 0.07314814814814817 0.0296875
0 0.6212962962962962 0.28463541666666664 0.04074074074074079 0.0359375
0 0.31157407407407406 0.5989583333333333 0.05648148148148151 0.022916666666666606
0 0.4324074074074074 0.6403645833333333 0.03888888888888889 0.027604166666666607
0 0.7194444444444444 0.008333333333333333 0.06111111111111111 0.016666666666666666
0 0.18935185185185183 0.0484375 0.041666666666666664 0.034375
0 0.1898148148148148 0.2583333333333333 0.05370370370370371 0.027083333333333303
0 0.30694444444444446 0.33072916666666663 0.06018518518518516 0.025
0 0.6125 0.43203125 0.041666666666666664 0.0234375
0 0.22083333333333333 0.3083333333333333 0.058333333333333334 0.033333333333333305
0 0.6921296296296295 0.32421875 0.0527777777777777 0.046354166666666696
0 0.17175925925925925 0.9200520833333332 0.03611111111111111 0.031770833333333214
0 0.4305555555555556 0.4385416666666666 0.04259259259259254 0.023958333333333394
0 0.7861111111111111 0.571875 0.04074074074074063 0.03229166666666661
0 0.611574074074074 0.7143229166666666 0.049074074074074124 0.021354166666666608
0 0.8060185185185185 0.9377604166666667 0.041666666666666664 0.0390625
0 0.6013888888888889 0.209375 0.049074074074074124 0.033333333333333326
0 0.13287037037037036 0.2684895833333333 0.041666666666666664 0.0328125
0 0.2689814814814815 0.5692708333333333 0.05277777777777778 0.027083333333333393
0 0.7162037037037037 0.7955729166666666 0.06944444444444445 0.031770833333333304
0 0.33935185185185185 0.2872395833333333 0.0398148148148148 0.025520833333333305
0 0.29398148148148145 0.7138020833333333 0.05648148148148151 0.04010416666666661
0 0.2902777777777778 0.3916666666666666 0.05092592592592595 0.03749999999999996
0 0.18888888888888888 0.7966145833333333 0.0425925925925926 0.02864583333333339
0 0.7958333333333333 0.0359375 0.058333333333333334 0.033333333333333326
0 0.7074074074074073 0.05703125 0.06111111111111103 0.0421875
0 0.649074074074074 0.38932291666666663 0.059259259259259206 0.026562499999999954
0 0.1699074074074074 0.46953125 0.050925925925925916 0.022395833333333393
0 0.4962962962962963 0.056770833333333326 0.059259259259259206 0.030208333333333327
0 0.2412037037037037 0.403125 0.058333333333333334 0.02291666666666665
0 0.624074074074074 0.4083333333333333 0.05740740740740746 0.025
0 0.5388888888888889 0.4583333333333333 0.08148148148148143 0.025
0 0.3125 0.24453125 0.06944444444444445 0.0265625
0 0.7189814814814814 0.6197916666666666 0.04722222222222222 0.03645833333333339
0 0.6569444444444444 0.7333333333333333 0.03611111111111111 0.034375
0 0.2657407407407407 0.7799479166666666 0.048148148148148176 0.025520833333333392
0 0.30648148148148147 0.2947916666666667 0.05 0.038541666666666696
0 0.35694444444444445 0.3453125 0.060185185185185196 0.0364583333333333
0 0.4754629629629629 0.5309895833333333 0.03796296296296302 0.0296875
0 0.14814814814814814 0.91015625 0.05370370370370369 0.041145833333333215
0 0.6925925925925925 0.9919270833333332 0.029629629629629683 0.015104166666666785
0 0.7759259259259259 0.015885416666666666 0.042592592592592696 0.03177083333333333
0 0.6384259259259258 0.31171875 0.05648148148148143 0.019270833333333303
0 0.2518518518518518 0.6940104166666666 0.03518518518518516 0.0328125
0 0.6472222222222223 0.3294270833333333 0.059259259259259206 0.024479166666666698
0 0.3175925925925926 0.40859375 0.044444444444444446 0.03072916666666665
0 0.5412037037037036 0.8828125 0.03611111111111111 0.028125
0 0.8064814814814815 0.0049479166666666664 0.03888888888888889 0.009895833333333333
0 0.5680555555555555 0.8734375 0.06759259259259254 0.017708333333333215