0 0.42750193168020467 0.10198135198135198 0.1734941010707027 0.0780885780885781
0 0.20362181922070505 0.778846153846154 0.054022115303452384 0.04020979020979017
0 0.5064573309698659 0.8336247086247086 0.042594360143106656 0.026223776223776342
0 0.34127432456123263 0.7188228438228439 0.06752764412931546 0.04020979020979017
0 0.6409931758121173 0.2814685314685315 0.06856653096207421 0.04079254079254078
0 0.7734512469888515 0.5049533799533801 0.05713877580172856 0.027389277389277388
0 0.2503717266948465 0.11625874125874128 0.07687762562414376 0.03904428904428907
0 0.18492185623104845 0.20775058275058278 0.04571102064138276 0.04370629370629366
0 0.7853984455655765 0.12092074592074593 0.0768776256241436 0.04137529137529139
0 0.9417509138957608 0.5160256410256411 0.06337209679828076 0.04137529137529139
0 0.8378622306198908 0.21066433566433568 0.05090545480517636 0.03787878787878789
0 0.6035932498328042 0.6876456876456877 0.04571102064138276 0.03613053613053605
0 0.1080442306069047 0.25932400932400934 0.07895539928966115 0.05011655011655014
0 0.5459350306146964 0.8968531468531469 0.05921654946724591 0.03379953379953378
0 0.1423274960879418 0.31060606060606066 0.04155547331034798 0.03263403263403264
0 0.9355175928992085 0.8988927738927739 0.04882768113965885 0.03438228438228421
0 0.0711637480439709 0.7890442890442891 0.05090545480517628 0.03962703962703955
0 0.4638629708267592 0.8534382284382286 0.04882768113965885 0.025058275058275115
0 0.3111466064112304 0.6156759906759908 0.04674990747414143 0.03787878787878789
0 0.15635246833018424 0.7587412587412589 0.05090545480517624 0.034965034965035
0 0.1205108726000091 0.9411421911421913 0.07064430462759153 0.037296037296037456
0 0.3916603359500296 0.7934149184149184 0.0540221153034523 0.021561771561771435
0 0.4067241950250307 0.6282051282051283 0.052983228470693707 0.045454545454545504
0 0.1288219672620787 0.6532634032634033 0.056099888968969766 0.027972027972028003
0 0.630084864068151 0.738927738927739 0.06337209679828061 0.027972027972028003
0 0.7931900968112668 0.4271561771561772 0.06544987046379795 0.027972027972028003
0 0.1038886832758699 0.8773310023310025 0.05194434163793495 0.026223776223776342
0 0.14492471316983854 0.42803030303030304 0.04674990747414147 0.030885780885780888
0 0.5890488341741824 0.9615384615384617 0.04363324697586541 0.03263403263403255
0 0.2914077565888151 0.6847319347319348 0.04674990747414143 0.02913752913752905
0 0.9604508768854174 0.07022144522144522 0.061294323132763257 0.04137529137529139
0 0.11012200427242211 0.011946386946386948 0.08311094662069592 0.023892773892773896
0 0.06596931388017739 0.6611305361305362 0.04467213380862406 0.03438228438228439
0 0.5074962178026245 0.6628787878787878 0.0654498704637981 0.025058275058275115
0 0.15843024199570158 0.03496503496503497 0.04882768113965885 0.054778554778554776
0 0.6119043444948739 0.6244172494172495 0.05194434163793495 0.025058275058275115
0 0.7313763302621242 0.33916083916083917 0.058177662634487315 0.04895104895104892
0 0.15583302491380488 0.8712121212121213 0.05609988896896973 0.03263403263403255
0 0.07428040854224699 0.8933566433566436 0.055061002136211054 0.027972027972028003
0 0.6519014875560837 0.3560606060606061 0.0654498704637981 0.023310023310023277
0 0.1049275701086286 0.6276223776223777 0.05402211530345234 0.029137529137529226
0 0.26751335943536503 0.81497668997669 0.042594360143106656 0.03438228438228421
0 0.39010200570089154 0.8502331002331003 0.044672133808624004 0.029137529137529226
0 0.5537266818603866 0.013986013986013988 0.05194434163793495 0.027972027972027975
0 0.7771587743732591 0.990625 0.05013927576601671 0.01875
0 0.47217406548882873 0.3050699300699301 0.061294323132763257 0.030885780885780888
0 0.25556616085864 0.69493006993007 0.054022115303452384 0.04020979020979017
0 0.16258578932673645 0.7071678321678323 0.06544987046379803 0.03438228438228439
0 0.3121854932439891 0.7502913752913754 0.06544987046379803 0.03787878787878789
0 0.4363324697586537 0.04166666666666667 0.0540221153034523 0.02855477855477856
0 0.34023543772847403 0.5900349650349651 0.04882768113965885 0.025058275058275115
0 0.2399828583672595 0.7977855477855478 0.054022115303452384 0.041958041958042
0 0.7916317665621287 0.38432400932400934 0.0768776256241436 0.02622377622377625
0 0.08830538078448943 0.1016899766899767 0.06648875729655675 0.04370629370629371
0 0.6976125081974665 0.44842657342657344 0.061294323132763257 0.035547785547785614
0 0.692418074033673 0.5658508158508159 0.0820720597879372 0.027972027972028003
0 0.23894397153450078 0.8438228438228439 0.058177662634487155 0.024475524475524323
0 0.3563381836362338 0.8225524475524477 0.049866567972417605 0.04020979020979034
0 0.7142346975216056 0.3878205128205129 0.06752764412931546 0.027389277389277388
0 0.26335781210433024 0.638986013986014 0.075838738791385 0.027389277389277388
0 0.680470875456948 0.7348484848484849 0.058177662634487155 0.0524475524475525
0 0.20829680996811917 0.9851398601398602 0.057138775801728485 0.029720279720279665
0 0.1844024128146691 0.8085664335664337 0.061294323132763257 0.028554778554778438
0 0.5106128783009006 0.8747086247086248 0.09038315445000676 0.031468531468531326
0 0.9220120640733455 0.34411421911421913 0.04051658647758915 0.03438228438228439
0 0.7807234548181624 0.5282634032634033 0.055061002136211054 0.03205128205128212
0 0.2571244911077781 0.7325174825174826 0.0696054177948328 0.027972027972028003
0 0.5812571829284922 0.6095571095571096 0.055061002136211054 0.03263403263403273
0 0.6051515800819423 0.8234265734265735 0.06337209679828061 0.030303030303030453
0 0.14752193025173527 0.9854312354312356 0.039477699644830555 0.024475524475524323
0 0.7329346605112622 0.15122377622377622 0.055061002136211054 0.036713286713286705
0 0.37607703345864907 0.7470862470862472 0.0664887572965567 0.0314685314685315
0 0.4430852341715852 0.9484265734265735 0.04051658647758931 0.03321678321678334
0 0.38542701495347736 0.7724358974358976 0.0540221153034523 0.02389277389277389
0 0.5911266078396998 0.8487762237762239 0.049866567972417605 0.026223776223776342
0 0.5485322476965931 0.8484848484848486 0.047788794306900105 0.030303030303030453
0 0.6295654206517717 0.8036130536130537 0.06856653096207421 0.031468531468531326
0 0.7246235658491926 0.41724941724941733 0.06544987046379795 0.03263403263403273
0 0.6752764412931545 0.4166666666666667 0.0831109466206958 0.03379953379953378
0 0.7765679074871276 0.402972027972028 0.04882768113965885 0.03205128205128212
0 0.6217737694060814 0.717948717948718 0.06752764412931546 0.023310023310023277