0 0.23703703703703702 0.15859375 0.048148148148148176 0.04114583333333335
0 0.4907407407407407 0.26640625 0.037037037037036986 0.0296875
0 0.5611111111111111 0.5690104166666666 0.04074074074074079 0.041145833333333395
0 0.5981481481481481 0.6026041666666666 0.04814814814814809 0.03229166666666661
0 0.19814814814814813 0.028645833333333332 0.03888888888888889 0.029166666666666664
0 0.3541666666666667 0.2140625 0.04537037037037036 0.034375
0 0.487037037037037 0.67890625 0.04074074074074079 0.03489583333333339
0 0.7111111111111111 0.290625 0.044444444444444446 0.039583333333333304
0 0.21898148148148147 0.6291666666666667 0.041666666666666664 0.03229166666666661
0 0.6342592592592592 0.5388020833333333 0.04814814814814809 0.03489583333333339
0 0.14629629629629629 0.98671875 0.04259259259259258 0.025520833333333215
0 0.7546296296296295 0.7229166666666667 0.042592592592592696 0.03541666666666661
0 0.8162037037037037 0.3317708333333333 0.04537037037037048 0.046875
0 0.2361111111111111 0.12395833333333332 0.05185185185185182 0.025
0 0.3347222222222222 0.3703125 0.04722222222222222 0.022916666666666696
0 0.2222222222222222 0.6033854166666666 0.044444444444444446 0.0265625
0 0.7337962962962962 0.75234375 0.043518518518518415 0.0328125
0 0.17731481481481481 0.2036458333333333 0.04537037037037038 0.029166666666666674
0 0.5722222222222222 0.30078125 0.04629629629629635 0.025520833333333305
0 0.6560185185185184 0.3388020833333333 0.06759259259259254 0.028645833333333304
0 0.5106481481481481 0.5984375 0.043518518518518574 0.034375
0 0.7740740740740739 0.20416666666666666 0.05 0.03125
0 0.6023148148148147 0.7052083333333333 0.041666666666666664 0.02604166666666661
0 0.6171296296296296 0.09921875 0.05277777777777778 0.0265625
0 0.24305555555555555 0.09322916666666665 0.037962962962962934 0.03437499999999999
0 0.9203703703703703 0.7536458333333333 0.04629629629629619 0.0375
0 0.6606481481481481 0.1203125 0.03796296296296302 0.0375
0 0.3967592592592592 0.2653645833333333 0.05648148148148143 0.043229166666666693
0 0.312037037037037 0.18203125 0.05185185185185182 0.027604166666666652
0 0.5069444444444444 0.7065104166666666 0.04537037037037032 0.030729166666666606
0 0.8310185185185184 0.24375 0.050925925925926034 0.026041666666666696
0 0.35648148148148145 0.09557291666666666 0.05370370370370369 0.036979166666666674
0 0.724537037037037 0.00859375 0.04351851851851849 0.01614583333333333
0 0.6236111111111111 0.65859375 0.050925925925925875 0.041145833333333395
0 0.6842592592592592 0.36822916666666666 0.05925925925925928 0.029166666666666695
0 0.6851851851851851 0.9815104166666666 0.029629629629629683 0.03385416666666678
0 0.2787037037037037 0.2013020833333333 0.04629629629629627 0.028645833333333325
0 0.6722222222222223 0.4190104166666666 0.0814814814814815 0.03802083333333335
0 0.15324074074074073 0.11197916666666666 0.06203703703703702 0.036458333333333336
0 0.1587962962962963 0.33541666666666664 0.0398148148148148 0.034375
0 0.29444444444444445 0.11223958333333332 0.07222222222222222 0.04010416666666665
0 0.6236111111111111 0.18515625 0.04722222222222222 0.036979166666666674
0 0.32222222222222224 0.28385416666666663 0.05370370370370373 0.03125
0 0.4236111111111111 0.06692708333333333 0.06203703703703699 0.028645833333333325
0 0.6287037037037037 0.14791666666666664 0.051851851851851906 0.02395833333333335
0 0.20555555555555555 0.24479166666666666 0.06481481481481483 0.029166666666666695
0 0.16712962962962963 0.6145833333333333 0.04351851851851853 0.027083333333333393
0 0.561574074074074 0.28046875 0.08240740740740746 0.0265625
0 0.5879629629629629 0.8197916666666666 0.05 0.034375
0 0.6763888888888889 0.3955729166666666 0.07314814814814817 0.020312499999999956
0 0.3875 0.18307291666666664 0.06203703703703699 0.031770833333333345
0 0.324537037037037 0.009635416666666665 0.06759259259259262 0.018229166666666668
0 0.7203703703703703 0.18359375 0.07407407407407404 0.03072916666666665
0 0.1337962962962963 0.32682291666666663 0.05277777777777778 0.0390625
0 0.5796296296296296 0.14479166666666665 0.05555555555555555 0.027083333333333348
0 0.5828703703703704 0.5346354166666666 0.058333333333333334 0.0203125
0 0.7712962962962961 0.6450520833333333 0.06111111111111111 0.03489583333333339
0 0.2550925925925926 0.18359375 0.058333333333333334 0.02864583333333335