0 0.590371102524935 0.1509462365591398 0.07349447389702592 0.03437634408602155
0 0.5036499236229671 0.14560215053763442 0.06338275376643618 0.03024193548387095
0 0.5048192410219547 0.18818279569892474 0.06572138856441122 0.044505376344086044
0 0.5651924401713243 0.22013440860215056 0.06007607751520067 0.03206451612903223
0 0.4501776140413934 0.24843010752688172 0.04589091562584246 0.037392473118279576
0 0.31086590589151464 0.2119516129032258 0.05697067720969236 0.035338709677419367
0 0.1156569922424896 0.2777634408602151 0.07097373229101149 0.037161290322580684
0 0.09008536256626831 0.3212688172043011 0.04122323059873603 0.03910752688172048
0 0.2311510468146285 0.36063440860215057 0.07641776739449488 0.028403225806451538
0 0.15221253781411928 0.37562903225806454 0.04296762212837331 0.02894086021505373
0 0.3310893461526942 0.36068817204301074 0.05075029202983205 0.02306451612903233
0 0.37911762063078447 0.375247311827957 0.041807889298229824 0.03581182795698919
0 0.8929080180908737 0.3349032258064516 0.0563860185101986 0.03365053763440855
0 0.7713852697157578 0.4733118279569893 0.05677898583280915 0.02035483870967738
0 0.5442884955222093 0.4318225806451614 0.08632821157935709 0.03008064516129032
0 0.28101955851079763 0.3983978494623656 0.041999580675113106 0.029768817204301003
0 0.23241620990205772 0.40199462365591404 0.06143708629107139 0.030419354838709722
0 0.18244226794860277 0.41818817204301084 0.05871506873932964 0.03553763440860216
0 0.12012340132386859 0.4370000000000001 0.06824213017042562 0.02408064516129027
0 0.16572677988438614 0.46322580645161293 0.06882678886991946 0.018725806451612925
0 0.12955461706652288 0.4788172043010753 0.03850121304699435 0.030279569892473112
0 0.3022206247940815 0.4546075268817205 0.10382963428879513 0.05166129032258056
0 0.3502393147033277 0.4255483870967742 0.07154880642166113 0.06443010752688175
0 0.4165453619672328 0.49097849462365595 0.04472159822685478 0.03387096774193541
0 0.530390870698176 0.5220107526881721 0.048804624554467414 0.042494623655913874
0 0.5915404199239225 0.5392956989247312 0.0836061940276155 0.03234946236559146
0 0.2778183125168479 0.4957311827956989 0.060862012160421704 0.04010752688172037
0 0.2405822625572828 0.5279516129032259 0.07777877617036567 0.0271182795698925
0 0.46865666277293566 0.5723010752688172 0.05560966843382148 0.027473118279569775
0 0.2550645460808099 0.6445967741935485 0.04258423937460687 0.04336021505376344
0 0.18594063557672152 0.6299892473118279 0.06572138856441122 0.022870967741935467
0 0.1069062808877707 0.6458494623655915 0.07290981519753197 0.03823655913978481
0 0.12692844520322283 0.7954408602150538 0.06241471231317579 0.024392473118279412
0 0.1961482013957529 0.7926021505376345 0.03752358702488992 0.031811827956989266
0 0.2669302423098811 0.8206290322580646 0.06241471231317579 0.0333279569892472
0 0.2594446940425914 0.8435322580645161 0.05871506873932972 0.021532258064516085
0 0.6025243358193308 0.9001236559139786 0.04141492197561927 0.02434946236559128
0 0.8810519064306467 0.9072634408602152 0.05211130080570261 0.02576344086021507
0 0.7080983616377632 0.863209677419355 0.0542486596579506 0.047591397849462425
0 0.7426123940455867 0.8568870967741935 0.03188786054452345 0.03930645161290336
0 0.7713852697157578 0.854215053763441 0.042775930751490145 0.03941935483870971
0 0.8872722916105071 0.7981129032258065 0.05677898583280915 0.02864516129032264
0 0.7338616826908676 0.7968010752688173 0.07271812382064881 0.026026881720429884
0 0.7872381465839998 0.7550913978494624 0.04530625692634854 0.0309516129032259
0 0.613604097403181 0.773736559139785 0.04413693952736086 0.04424731182795707
0 0.5711252882858598 0.7500806451612905 0.062223020936292665 0.016564516129032293
0 0.5508060023362387 0.7300107526881721 0.054632042411717166 0.03314516129032263
0 0.44473357893790993 0.6993172043010754 0.05054901608410454 0.027376344086021475
0 0.4441585048072603 0.7291397849462367 0.04549794830323174 0.027037634408602074
0 0.6039811902836434 0.7198709677419355 0.05405696828106756 0.02813440860215053
0 0.6565717195315542 0.7058602150537635 0.05307934225896325 0.042204301075268805
0 0.7252068170245904 0.7112043010752689 0.04958097463084422 0.03587634408602156
0 0.7583598406565432 0.6561344086021507 0.0672740887171653 0.036994623655913904
0 0.6438434121065085 0.7517150537634409 0.07232515649803825 0.0254999999999999
0 0.6785491358912152 0.739720430107527 0.05735405996345876 0.0329247311827956