0 0.562037037037037 0.3690104166666667 0.04259259259259254 0.0421875
0 0.8152777777777778 0.12291666666666665 0.04722222222222222 0.05
0 0.21944444444444444 0.40546875 0.044444444444444446 0.025520833333333347
0 0.5990740740740741 0.4018229166666666 0.05 0.0359375
0 0.735185185185185 0.5526041666666666 0.04629629629629619 0.03125
0 0.7125 0.08203125 0.04351851851851849 0.03802083333333334
0 0.4921296296296296 0.06015625 0.03981481481481476 0.03385416666666666
0 0.33518518518518514 0.16875 0.048148148148148134 0.025
0 0.5111111111111111 0.3984375 0.044444444444444446 0.03541666666666665
0 0.7717592592592593 0.440625 0.06018518518518508 0.034375
0 0.17037037037037037 0.010416666666666666 0.048148148148148155 0.01979166666666667
0 0.7555555555555555 0.5216145833333333 0.042592592592592696 0.0359375
0 0.6782407407407407 0.7880208333333332 0.04537037037037032 0.03437499999999991
0 0.13842592592592592 0.8036458333333332 0.04537037037037036 0.034375
0 0.925 0.5520833333333333 0.04814814814814825 0.03645833333333339
0 0.8342592592592593 0.03359375 0.051851851851851746 0.03072916666666666
0 0.20185185185185184 0.048958333333333326 0.06666666666666667 0.034374999999999996
0 0.6032407407407407 0.5075520833333333 0.041666666666666664 0.0265625
0 0.5078703703703703 0.5078125 0.04537037037037032 0.030208333333333393
0 0.899537037037037 0.8268229166666666 0.056481481481481584 0.046354166666666786
0 0.624537037037037 0.45859375 0.05277777777777778 0.041145833333333395
0 0.325 0.08255208333333333 0.05740740740740738 0.03802083333333334
0 0.3949074074074074 0.061197916666666664 0.05648148148148143 0.0421875
0 0.5712962962962963 0.09505208333333333 0.04629629629629635 0.0296875
0 0.6851851851851851 0.1609375 0.06666666666666658 0.03333333333333335
0 0.3814814814814814 0.010677083333333332 0.05 0.0203125
0 0.6486111111111111 0.8171875 0.049074074074074124 0.035416666666666693
0 0.45509259259259255 0.7377604166666666 0.0657407407407408 0.027604166666666607
0 0.672685185185185 0.21223958333333331 0.08055555555555548 0.0421875
0 0.5884259259259259 0.62421875 0.058333333333333334 0.03802083333333339
0 0.4888888888888889 0.4807291666666666 0.04074074074074079 0.03541666666666661
0 0.6356481481481481 0.33619791666666665 0.049074074074074124 0.0359375
0 0.2671296296296296 0.006770833333333332 0.04722222222222222 0.012499999999999999
0 0.2157407407407407 0.43203125 0.044444444444444446 0.03385416666666661
0 0.15694444444444444 0.13125 0.04351851851851851 0.04270833333333335
0 0.1648148148148148 0.4190104166666666 0.044444444444444446 0.02864583333333339
0 0.7782407407407407 0.008333333333333331 0.056481481481481584 0.015625
0 0.46898148148148144 0.7619791666666667 0.04722222222222222 0.029166666666666608
0 0.5648148148148148 0.07395833333333332 0.08333333333333333 0.034375
0 0.662037037037037 0.13333333333333333 0.07037037037037032 0.03229166666666665
0 0.5837962962962963 0.33229166666666665 0.06018518518518524 0.023958333333333304
0 0.6777777777777778 0.18854166666666666 0.0703703703703704 0.021875
0 0.12962962962962962 0.12786458333333334 0.05 0.0421875