0 0.6339309956457468 0.18772563176895307 0.0493414988150666 0.038507821901323694
0 0.17484052840990985 0.07460890493381468 0.05148678137224338 0.04091456077015645
0 0.6816635325429309 0.018050541516245487 0.07401224822259983 0.032490974729241874
0 0.24295324960027354 0.13116726835138387 0.06972168310824628 0.02888086642599279
0 0.8275427464309538 0.1305655836341757 0.0461235749793015 0.042117930204572794
0 0.8506045339206044 0.01835138387484958 0.04719621625788971 0.03670276774969916
0 0.9466059283542666 0.18411552346570398 0.06757640055106946 0.02888086642599279
0 0.09975563890872159 0.08152827918170878 0.06435847671530424 0.029482551143200975
0 0.7878550191231829 0.06407942238267147 0.06114055287953895 0.03068592057761732
0 0.9525054553865029 0.06107099879663057 0.06006791160095074 0.035499398315282794
0 0.5808352523556208 0.007821901323706377 0.058995270322362216 0.015643802647412754
0 0.7572847426834134 0.14109506618531892 0.04719621625788971 0.04392298435619737
0 0.4639173529894848 0.009927797833935019 0.05041414009365497 0.019855595667870037
0 0.24938909727180397 0.10860409145607701 0.0740122482225999 0.03068592057761732
0 0.719205977293525 0.01233453670276775 0.06543111799389273 0.0246690734055355
0 0.7894639810410655 0.13206979542719616 0.040760368586359515 0.041516245487364635
0 0.6435847671530425 0.04632972322503008 0.045050933700712975 0.048134777376654635
0 0.5912505991707143 0.02152226233453671 0.0795256243945444 0.020385078219013236