0 0.4671296296296296 0.22291666666666665 0.15092592592592588 0.065625
0 0.4375 0.8325520833333332 0.041666666666666664 0.019270833333333216
0 0.6013888888888889 0.11067708333333333 0.04722222222222222 0.04322916666666665
0 0.5361111111111111 0.8700520833333332 0.035185185185185236 0.028645833333333214
0 0.1638888888888889 0.21875 0.06111111111111111 0.0375
0 0.34907407407407404 0.02786458333333333 0.048148148148148134 0.033854166666666664
0 0.9060185185185184 0.4377604166666666 0.03611111111111111 0.030729166666666606
0 0.3902777777777778 0.7658854166666667 0.05648148148148143 0.0359375
0 0.2708333333333333 0.8174479166666666 0.04351851851851849 0.036979166666666695
0 0.3134259259259259 0.7432291666666666 0.045370370370370394 0.033333333333333395
0 0.7907407407407406 0.4729166666666666 0.06666666666666667 0.023958333333333394
0 0.7300925925925925 0.5028645833333333 0.06018518518518516 0.031770833333333394
0 0.6217592592592592 0.73984375 0.03981481481481476 0.031770833333333394
0 0.9254629629629628 0.5919270833333333 0.05462962962962952 0.041145833333333395
0 0.25 0.3130208333333333 0.03703703703703706 0.039583333333333304
0 0.3472222222222222 0.7361979166666666 0.04074074074074075 0.0265625
0 0.774537037037037 0.5809895833333333 0.05277777777777778 0.024479166666666607
0 0.1509259259259259 0.8252604166666666 0.04259259259259258 0.036979166666666785
0 0.325 0.8497395833333332 0.04259259259259262 0.031770833333333214
0 0.7861111111111111 0.23958333333333331 0.07037037037037047 0.0375
0 0.14814814814814814 0.7130208333333333 0.03888888888888889 0.030208333333333393
0 0.23287037037037037 0.7526041666666666 0.054629629629629604 0.029166666666666608
0 0.7810185185185184 0.6010416666666666 0.04907407407407397 0.028125
0 0.6319444444444444 0.6846354166666666 0.04537037037037032 0.0234375
0 0.6912037037037037 0.784375 0.05277777777777778 0.046875
0 0.1560185185185185 0.009375 0.03240740740740742 0.017708333333333333
0 0.7777777777777778 0.4903645833333333 0.042592592592592696 0.0296875
0 0.4476851851851852 0.6859375 0.05277777777777778 0.044791666666666605
0 0.1523148148148148 0.11223958333333332 0.04537037037037036 0.025520833333333336
0 0.1796296296296296 0.6830729166666666 0.04629629629629627 0.0265625
0 0.2273148148148148 0.79921875 0.039814814814814845 0.0328125
0 0.2148148148148148 0.4046875 0.03888888888888889 0.029166666666666653
0 0.499537037037037 0.8859375 0.04537037037037032 0.023958333333333214
0 0.9412037037037037 0.19505208333333332 0.05462962962962952 0.03697916666666665
0 0.22685185185185183 0.06223958333333333 0.04259259259259262 0.030729166666666658
0 0.7430555555555556 0.27369791666666665 0.05277777777777778 0.0328125
0 0.40324074074074073 0.8598958333333332 0.043518518518518574 0.035416666666666784
0 0.7254629629629629 0.43515625 0.05092592592592595 0.036979166666666605
0 0.5791666666666667 0.13463541666666665 0.04537037037037032 0.03697916666666665
0 0.5537037037037037 0.37109375 0.04629629629629635 0.031770833333333304
0 0.4356481481481481 0.8825520833333332 0.041666666666666664 0.027604166666666784
0 0.18287037037037035 0.3591145833333333 0.06759259259259259 0.041145833333333305
0 0.8074074074074074 0.31328125 0.04629629629629619 0.0328125
0 0.7930555555555555 0.5122395833333333 0.058333333333333334 0.024479166666666607
0 0.5361111111111111 0.7122395833333333 0.059259259259259206 0.025520833333333392
0 0.21712962962962962 0.5080729166666667 0.04351851851851849 0.027604166666666607
0 0.6583333333333333 0.3809895833333333 0.06481481481481476 0.0338541666666667
0 0.18564814814814815 0.13359375 0.07129629629629627 0.027604166666666652
0 0.4782407407407407 0.16354166666666664 0.050925925925925875 0.02395833333333335
0 0.6652777777777777 0.44791666666666663 0.058333333333333334 0.02083333333333339
0 0.15648148148148147 0.9182291666666667 0.05 0.026041666666666786
0 0.7032407407407407 0.6325520833333333 0.07685185185185191 0.030729166666666606
0 0.3638888888888889 0.7932291666666667 0.05370370370370369 0.0364583333333333
0 0.19583333333333333 0.9606770833333332 0.06018518518518516 0.03385416666666678
0 0.6384259259259258 0.09557291666666666 0.050925925925925875 0.03385416666666667
0 0.6032407407407407 0.6716145833333333 0.050925925925925875 0.02864583333333339
0 0.31666666666666665 0.7776041666666667 0.05925925925925928 0.02604166666666661
0 0.2263888888888889 0.8997395833333333 0.05277777777777778 0.031770833333333214
0 0.2273148148148148 0.15911458333333334 0.041666666666666664 0.047395833333333345
0 0.32037037037037036 0.6950520833333333 0.06481481481481484 0.0265625
0 0.39120370370370366 0.6526041666666667 0.04537037037037032 0.023958333333333394
0 0.36296296296296293 0.6763020833333333 0.04074074074074075 0.03489583333333339
0 0.47407407407407404 0.10807291666666666 0.04074074074074079 0.028645833333333336
0 0.9189814814814814 0.9309895833333333 0.04722222222222222 0.03385416666666678
0 0.20185185185185184 0.70703125 0.05 0.0265625
0 0.2972222222222222 0.8755208333333332 0.05 0.021875
0 0.6458333333333334 0.78671875 0.05277777777777778 0.024479166666666607
0 0.3074074074074074 0.23177083333333331 0.06666666666666667 0.030208333333333302
0 0.6375 0.76875 0.058333333333333334 0.02083333333333339
0 0.2518518518518518 0.84375 0.05555555555555555 0.026041666666666786
0 0.6467592592592593 0.8434895833333332 0.06203703703703699 0.0296875
0 0.7074074074074073 0.5302083333333333 0.055555555555555476 0.03125
0 0.42083333333333334 0.78984375 0.050925925925925875 0.0265625
0 0.17916666666666667 0.9041666666666666 0.04537037037037038 0.023958333333333214
0 0.4300925925925925 0.8130208333333332 0.043518518518518574 0.022916666666666786
0 0.7194444444444444 0.47734375 0.05925925925925928 0.025520833333333392
0 0.6814814814814815 0.503125 0.059259259259259206 0.028125
0 0.625 0.86171875 0.059259259259259206 0.0296875
0 0.3013888888888889 0.8356770833333332 0.04722222222222222 0.036979166666666785