0 0.18646296296296297 0.008588541666666666 0.03991666666666668 0.015828125
0 0.22407407407407404 0.006510416666666666 0.031481481481481506 0.013020833333333332
0 0.2818611111111111 0.052932291666666666 0.06258333333333334 0.027645833333333324
0 0.3691296296296296 0.07102083333333334 0.04512037037037039 0.03392187499999999
0 0.39564814814814814 0.05878645833333333 0.03633333333333329 0.03691666666666667
0 0.4587777777777778 0.022125 0.0393703703703704 0.030708333333333327
0 0.5498888888888889 0.02078645833333333 0.04111111111111114 0.03046354166666667
0 0.5261388888888889 0.04302083333333333 0.0738703703703703 0.030395833333333334
0 0.554287037037037 0.08505208333333333 0.06616666666666665 0.03025520833333335
0 0.39646296296296296 0.11982291666666667 0.04773148148148149 0.024140625000000027
0 0.1704074074074074 0.04921354166666666 0.05553703703703705 0.03118749999999999
0 0.21987037037037038 0.060375 0.06334259259259262 0.023005208333333325
0 0.18337037037037035 0.07809895833333333 0.05650925925925926 0.023671874999999988
0 0.23321296296296296 0.083375 0.048814814814814866 0.031171875000000005
0 0.27931481481481485 0.09389583333333333 0.052064814814814835 0.03208333333333333
0 0.2945555555555555 0.12317708333333333 0.0641018518518519 0.027192708333333336
0 0.17479629629629628 0.13141145833333331 0.058898148148148165 0.03267708333333332
0 0.21753703703703703 0.13327604166666665 0.04458333333333329 0.02114583333333333
0 0.22144444444444444 0.15584375 0.07842592592592589 0.036999999999999963
0 0.2964537037037037 0.15212499999999998 0.06464814814814816 0.02833854166666665
0 0.3526944444444444 0.17489062500000002 0.05889814814814815 0.03359895833333333
0 0.18272222222222223 0.19328125000000002 0.04653703703703703 0.03194270833333337
0 0.15950925925925927 0.24377604166666664 0.04783333333333333 0.02127604166666668
0 0.2036574074074074 0.25008854166666666 0.06020370370370366 0.029630208333333297
0 0.14529629629629628 0.260609375 0.04762037037037036 0.035416666666666693
0 0.4358888888888889 0.25756249999999997 0.07212962962962956 0.02688020833333331
0 0.24752777777777774 0.32365104166666664 0.043601851851851905 0.028489583333333356
0 0.24888888888888888 0.346953125 0.053046296296296286 0.021401041666666655
0 0.41142592592592586 0.34982291666666665 0.0603055555555555 0.0234739583333333
0 0.3906574074074074 0.37678124999999996 0.043712962962962995 0.031031249999999934
0 0.35898148148148146 0.41573958333333333 0.04545370370370373 0.032671874999999996
0 0.2046296296296296 0.45110416666666664 0.046972222222222214 0.025911458333333394
0 0.2982962962962963 0.48790104166666665 0.0444722222222222 0.027510416666666693
0 0.2666759259259259 0.5038541666666666 0.04523148148148148 0.03317708333333336
0 0.18944444444444442 0.5084895833333333 0.05564814814814814 0.022927083333333265
0 0.20929629629629629 0.5256614583333332 0.041111111111111064 0.018828125000000105
0 0.18564814814814815 0.54503125 0.045879629629629645 0.02400520833333335
0 0.20039814814814813 0.5828958333333334 0.04935185185185187 0.02102604166666655
0 0.21574999999999997 0.6079947916666666 0.05076851851851853 0.0352291666666666
0 0.18120370370370367 0.6140364583333333 0.04350000000000001 0.031447916666666666
0 0.22854629629629628 0.6551041666666666 0.05726851851851854 0.02449999999999992
0 0.2537129629629629 0.6715416666666666 0.0529351851851852 0.021380208333333428
0 0.2679259259259259 0.6902083333333333 0.048814814814814866 0.022109374999999966
0 0.21932407407407406 0.7320052083333334 0.04534259259259264 0.03858333333333323
0 0.1910185185185185 0.7720052083333333 0.05337037037037037 0.031333333333333255
0 0.24101851851851852 0.7816458333333334 0.04274074074074071 0.031088541666666636
0 0.20512037037037037 0.7999479166666668 0.045990740740740756 0.02619791666666673
0 0.2915648148148148 0.8133072916666666 0.05705555555555553 0.03217187499999996
0 0.23537962962962963 0.85434375 0.05141666666666672 0.030656250000000183
0 0.1743148148148148 0.8593437500000001 0.028638888888888894 0.02113541666666663
0 0.24519444444444444 0.9199999999999999 0.04132407407407407 0.025296875000000087
0 0.1660185185185185 0.9626718749999998 0.04350000000000001 0.028270833333333557
0 0.18944444444444442 0.9836562499999999 0.046972222222222214 0.0263072916666669
0 0.4915925925925925 0.8155520833333332 0.04925000000000005 0.0214114583333334
0 0.46973148148148147 0.695390625 0.054777777777777696 0.029416666666666737
0 0.4977685185185185 0.671203125 0.08113888888888883 0.030463541666666493
0 0.47309259259259256 0.6091718749999999 0.0393703703703704 0.02904687500000005
0 0.35138888888888886 0.6153958333333333 0.03547222222222217 0.03416666666666668
0 0.31993518518518516 0.5864479166666666 0.04545370370370373 0.03302083333333332
0 0.35512962962962963 0.5797708333333333 0.03232407407407405 0.026374999999999992
0 0.31966666666666665 0.5473802083333333 0.04599074074074068 0.03456250000000001
0 0.6183518518518519 0.7798333333333333 0.059898148148148145 0.027171874999999977
0 0.7285092592592592 0.7249062499999999 0.06350925925925921 0.04090624999999992
0 0.8043611111111111 0.7405625 0.046648148148148355 0.04343750000000011
0 0.64725 0.645015625 0.05749074074074072 0.027395833333333286
0 0.6844166666666667 0.6167447916666667 0.05056481481481478 0.03790625000000016
0 0.5527407407407408 0.5421041666666666 0.04905555555555562 0.02744270833333342
0 0.44725 0.5468437500000001 0.045749999999999916 0.023375000000000055
0 0.3917222222222222 0.5360937499999999 0.04604629629629626 0.046229166666666724
0 0.4189629629629629 0.5202656250000001 0.03732407407407408 0.027786458333333285
0 0.634611111111111 0.15399479166666669 0.056287037037037004 0.03846354166666668
0 0.6875833333333333 0.3285416666666666 0.04183333333333334 0.03203125
0 0.6219629629629629 0.3926927083333333 0.043037037037037054 0.021510416666666643
0 0.5048888888888888 0.44109895833333324 0.055685185185185226 0.03029166666666665
0 0.5178333333333333 0.46801562499999994 0.06350925925925913 0.03332291666666674
0 0.6206111111111111 0.46278645833333326 0.04334259259259249 0.026255208333333436
0 0.6109814814814815 0.4853802083333333 0.07223148148148148 0.025734375000000042
0 0.6537222222222222 0.5106875 0.04695370370370379 0.030635416666666693
0 0.7711018518518518 0.5039166666666667 0.06741666666666661 0.030635416666666693
0 0.8407777777777776 0.5073020833333333 0.04123148148148156 0.030635416666666693
0 0.9546944444444443 0.4959583333333333 0.07343518518518503 0.03165624999999998
0 0.8771944444444444 0.4564375 0.04062962962962963 0.02947395833333335
0 0.7658611111111111 0.36544791666666665 0.043305555555555646 0.03567187499999998
0 0.789361111111111 0.37787499999999996 0.03187962962962969 0.023380208333333385
0 0.8270185185185184 0.3721614583333333 0.039879629629629675 0.017666666666666674
0 0.8263148148148147 0.40936979166666665 0.06769444444444446 0.030651041666666635
0 0.8761666666666665 0.4155104166666666 0.0492777777777778 0.02865104166666672
0 0.9467777777777777 0.3860885416666666 0.04317592592592613 0.03837500000000005
0 0.9733796296296295 0.3622656249999999 0.046861111111111124 0.041458333333333285