0 0.225 0.69921875 0.03703703703703706 0.024479166666666607
0 0.7541666666666667 0.01796875 0.043518518518518415 0.0328125
0 0.5 0.04427083333333333 0.05740740740740746 0.04479166666666666
0 0.17175925925925925 0.7963541666666666 0.04537037037037038 0.023958333333333304
0 0.7833333333333333 0.04479166666666666 0.05555555555555555 0.040625
0 0.5018518518518518 0.09817708333333333 0.06296296296296301 0.050520833333333334
0 0.9430555555555555 0.06302083333333333 0.058333333333333334 0.039583333333333325
0 0.30694444444444446 0.2372395833333333 0.03611111111111111 0.0328125
0 0.2810185185185185 0.1171875 0.04351851851851849 0.03541666666666665
0 0.39305555555555555 0.2114583333333333 0.06388888888888888 0.03645833333333333
0 0.28148148148148144 0.671875 0.048148148148148176 0.027083333333333393
0 0.2546296296296296 0.8958333333333333 0.044444444444444446 0.020833333333333214
0 0.22361111111111112 0.6369791666666667 0.054629629629629604 0.021875
0 0.7703703703703704 0.9424479166666666 0.027777777777777776 0.024479166666666784
0 0.23935185185185182 0.18984375 0.04351851851851849 0.03385416666666667
0 0.3018518518518518 0.7216145833333333 0.04259259259259262 0.022395833333333393
0 0.1574074074074074 0.01484375 0.04074074074074075 0.028645833333333325
0 0.9152777777777777 0.9580729166666666 0.04722222222222222 0.0390625
0 0.28009259259259256 0.35546875 0.025 0.019270833333333303
0 0.2513888888888889 0.8734375 0.037962962962962934 0.023958333333333214
0 0.39166666666666666 0.6369791666666667 0.03333333333333333 0.034375
0 0.44583333333333336 0.27734375 0.06388888888888888 0.041145833333333305
0 0.15555555555555556 0.8151041666666666 0.044444444444444446 0.033333333333333305
0 0.6773148148148148 0.17994791666666665 0.04537037037037032 0.0453125
0 0.5365740740740741 0.6119791666666666 0.043518518518518574 0.028125
0 0.6805555555555556 0.26432291666666663 0.04629629629629635 0.027604166666666697
0 0.225 0.12473958333333332 0.05740740740740738 0.027604166666666652
0 0.2287037037037037 0.72265625 0.07407407407407404 0.027604166666666607
0 0.1907407407407407 0.5822916666666667 0.04074074074074074 0.03541666666666661
0 0.37222222222222223 0.09609375 0.05555555555555555 0.03177083333333334
0 0.36481481481481476 0.6513020833333333 0.03888888888888889 0.030729166666666606
0 0.6685185185185185 0.8971354166666666 0.044444444444444446 0.028645833333333214
0 0.6199074074074074 0.73515625 0.050925925925925875 0.0265625
0 0.6064814814814814 0.07890625 0.04074074074074079 0.03697916666666665
0 0.4652777777777778 0.1296875 0.06018518518518524 0.030208333333333347
0 0.8027777777777778 0.9411458333333332 0.044444444444444446 0.025
0 0.6407407407407407 0.19036458333333334 0.037037037037036986 0.031770833333333345
0 0.6472222222222223 0.00859375 0.04629629629629635 0.015104166666666663
0 0.38703703703703696 0.6729166666666666 0.04074074074074079 0.021875
0 0.19027777777777777 0.75390625 0.039814814814814824 0.0328125
0 0.3379629629629629 0.11875 0.051851851851851864 0.030208333333333347
0 0.8717592592592592 0.1171875 0.050925925925926034 0.030208333333333347
0 0.7125 0.08880208333333332 0.05092592592592595 0.04114583333333334
0 0.3259259259259259 0.540625 0.03888888888888889 0.029166666666666608
0 0.5523148148148148 0.6513020833333333 0.0657407407407408 0.025520833333333392
0 0.4282407407407407 0.821875 0.06018518518518524 0.030208333333333216
0 0.32916666666666666 0.25494791666666666 0.041666666666666664 0.0328125
0 0.8314814814814814 0.09921875 0.04814814814814825 0.0359375
0 0.20972222222222223 0.8059895833333333 0.058333333333333334 0.028645833333333304
0 0.6259259259259259 0.10234375 0.051851851851851906 0.03177083333333334
0 0.19629629629629627 0.23854166666666665 0.06296296296296294 0.025
0 0.6324074074074074 0.2703125 0.044444444444444446 0.020833333333333304
0 0.4282407407407407 0.15390625 0.05462962962962968 0.027604166666666652
0 0.28425925925925927 0.6309895833333333 0.06296296296296294 0.025520833333333392
0 0.22592592592592592 0.5736979166666666 0.03888888888888889 0.0328125
0 0.7782407407407407 0.09869791666666666 0.050925925925926034 0.03489583333333333
0 0.9310185185185185 0.10026041666666666 0.058333333333333334 0.04114583333333334
0 0.20509259259259258 0.9869791666666666 0.025 0.022916666666666786
0 0.8648148148148148 0.4651041666666666 0.059259259259259366 0.028125
0 0.1884259259259259 0.6979166666666666 0.041666666666666664 0.03645833333333339
0 0.7435185185185185 0.934375 0.042592592592592696 0.03645833333333322
0 0.44629629629629625 0.08932291666666667 0.06111111111111111 0.031770833333333325
0 0.24444444444444444 0.14895833333333333 0.05740740740740738 0.03125
0 0.2962962962962963 0.6955729166666667 0.05740740740740738 0.0265625
0 0.4583333333333333 0.609375 0.03888888888888889 0.027083333333333393
0 0.1787037037037037 0.6252604166666667 0.05185185185185182 0.031770833333333394
0 0.5171296296296296 0.6317708333333333 0.075 0.027083333333333393
0 0.4893518518518518 0.1578125 0.04537037037037032 0.028125
0 0.6027777777777777 0.12213541666666665 0.05555555555555555 0.0265625
0 0.7412037037037037 0.05026041666666666 0.058333333333333334 0.041145833333333326
0 0.9425925925925925 0.9377604166666667 0.05370370370370381 0.041145833333333215
0 0.4597222222222222 0.0203125 0.03611111111111111 0.033333333333333326
0 0.2046296296296296 0.45546875 0.05740740740740738 0.024479166666666607
0 0.18796296296296294 0.5440104166666666 0.05370370370370371 0.0328125
0 0.8537037037037036 0.9822916666666666 0.04814814814814825 0.03229166666666679
0 0.35648148148148145 0.7450520833333333 0.05 0.0296875
0 0.23981481481481481 0.6578125 0.04259259259259262 0.027083333333333393
0 0.8064814814814815 0.9786458333333332 0.06296296296296286 0.038541666666666786
0 0.7990740740740739 0.01614583333333333 0.05555555555555555 0.03125
0 0.18796296296296294 0.6473958333333333 0.048148148148148155 0.021875