0 0.44237037037037036 0.013932291666666666 0.06622222222222215 0.02786458333333333
0 0.2496574074074074 0.055515625 0.05000925925925925 0.03169270833333333
0 0.24184259259259258 0.08188541666666667 0.05000925925925925 0.022895833333333317
0 0.41052777777777777 0.07144791666666667 0.06114814814814811 0.03058854166666667
0 0.4034907407407407 0.09814062500000001 0.0470833333333333 0.03343229166666667
0 0.3528981481481481 0.14950000000000002 0.043564814814814785 0.036161458333333306
0 0.622287037037037 0.12434375 0.03926851851851865 0.01881249999999999
0 0.6903703703703704 0.051010416666666655 0.048444444444444436 0.033671875
0 0.7735833333333334 0.08891145833333333 0.04298148148148155 0.04574479166666666
0 0.8020092592592591 0.10001041666666666 0.03145370370370383 0.03057812499999999
0 0.8323888888888888 0.09231770833333333 0.039462962962962755 0.02398958333333333
0 0.9540925925925927 0.10632291666666664 0.05235185185185192 0.039911458333333316
0 0.9776296296296294 0.08001041666666667 0.04474074074074079 0.03542708333333331
0 0.8399074074074074 0.12983333333333333 0.060361111111111164 0.038583333333333324
0 0.8833703703703704 0.13725520833333332 0.06720370370370353 0.028145833333333314
0 0.8927499999999999 0.17586979166666666 0.05157407407407422 0.0405416666666667
0 0.9599444444444444 0.21349479166666666 0.06407407407407391 0.03118749999999999
0 0.8526018518518517 0.23683854166666665 0.04277777777777771 0.04161458333333332
0 0.7853055555555555 0.23541145833333332 0.057046296296296206 0.032166666666666635
0 0.6247314814814815 0.19069791666666663 0.05000925925925925 0.02845312499999999
0 0.5080092592592592 0.17202604166666666 0.04903703703703712 0.021869791666666673
0 0.5214814814814815 0.20025520833333332 0.0720833333333333 0.03657812500000002
0 0.6118333333333333 0.21756250000000002 0.08673148148148155 0.02833333333333332
0 0.193787037037037 0.19163541666666667 0.044537037037037035 0.029218750000000026
0 0.29253703703703704 0.22675520833333335 0.04395370370370376 0.030239583333333275
0 0.25981481481481483 0.24372916666666664 0.06250925925925925 0.03671354166666667
0 0.18099074074074073 0.25295833333333334 0.051379629629629636 0.02880208333333334
0 0.17571296296296296 0.28828125 0.052546296296296306 0.03460937500000005
0 0.30503703703703705 0.2916302083333333 0.045518518518518486 0.03581770833333335
0 0.38484259259259257 0.277125 0.05469444444444444 0.04197395833333335
0 0.41609259259259257 0.2621354166666666 0.03907407407407407 0.021875
0 0.44490740740740736 0.2854791666666666 0.043953703703703675 0.02791145833333326
0 0.549712962962963 0.27707291666666667 0.048444444444444436 0.029781250000000002
0 0.6608703703703703 0.24658854166666666 0.04024074074074077 0.03803124999999996
0 0.6926111111111111 0.3543854166666666 0.03926851851851857 0.036057291666666644
0 0.6509074074074074 0.38448958333333333 0.05548148148148155 0.021541666666666615
0 0.47548148148148145 0.352734375 0.04062962962962963 0.034958333333333244
0 0.3520185185185185 0.32307291666666665 0.028129629629629626 0.02838020833333337
0 0.3156851851851852 0.32955729166666664 0.04298148148148147 0.030354166666666682
0 0.2561018518518518 0.3290624999999999 0.0433703703703704 0.021677083333333246
0 0.1951574074074074 0.33175520833333333 0.04962037037037032 0.02156250000000002
0 0.1758148148148148 0.3592708333333333 0.04298148148148151 0.027156250000000083
0 0.20941666666666664 0.3560885416666667 0.047666666666666656 0.04055729166666664
0 0.34479629629629627 0.35762499999999997 0.03321296296296295 0.03484375000000002
0 0.2237685185185185 0.4053177083333333 0.054888888888888945 0.02473958333333335
0 0.24701851851851847 0.4237760416666666 0.05840740740740742 0.022098958333333307
0 0.26137962962962963 0.44014583333333335 0.05782407407407406 0.01747916666666658
0 0.47137962962962954 0.4406927083333333 0.06759259259259254 0.029562499999999936
0 0.5013611111111111 0.4143229166666666 0.07481481481481482 0.03396875000000001
0 0.7384259259259258 0.4676302083333333 0.05860185185185184 0.028494791666666686
0 0.8150925925925925 0.48311979166666663 0.04434259259259268 0.039697916666666624
0 0.21439814814814817 0.48488020833333334 0.05176851851851849 0.03881770833333338
0 0.1862685185185185 0.5320625 0.04238888888888892 0.03319270833333334
0 0.2379351851851852 0.5367864583333334 0.04219444444444444 0.036046875000000075
0 0.19632407407407407 0.55975 0.04883333333333335 0.018239583333333264
0 0.2883333333333333 0.5705677083333333 0.05704629629629628 0.034385416666666654
0 0.4928703703703703 0.5679895833333333 0.04805555555555559 0.02372916666666658
0 0.6190648148148148 0.5282760416666666 0.06602777777777773 0.02671354166666671
0 0.3565092592592592 0.6609010416666667 0.041027777777777726 0.026046875000000115
0 0.23138888888888892 0.612890625 0.050592592592592606 0.02452604166666674
0 0.16907407407407404 0.6211875 0.03926851851851855 0.02463541666666682
0 0.24389814814814817 0.6828749999999999 0.042777777777777796 0.028671875000000034
0 0.16536111111111113 0.7279687499999999 0.04356481481481483 0.027223958333333263
0 0.1961296296296296 0.74840625 0.06798148148148148 0.01974479166666665
0 0.23920370370370364 0.7697708333333333 0.03496296296296298 0.04379687500000014
0 0.17562037037037037 0.8285677083333333 0.046490740740740694 0.03613020833333316
0 0.4718703703703704 0.7392552083333332 0.03536111111111116 0.022322916666666793
0 0.574324074074074 0.7619947916666666 0.035166666666666735 0.03923437500000002
0 0.5966944444444444 0.7434270833333334 0.031064814814814826 0.04385416666666657
0 0.6294166666666666 0.731234375 0.051574074074074064 0.026062499999999923
0 0.4790925925925925 0.7834166666666667 0.04590740740740734 0.02714062500000001
0 0.4462777777777778 0.8183541666666667 0.05059259259259253 0.022291666666666644
0 0.31665740740740744 0.8431822916666667 0.06289814814814818 0.023598958333333187
0 0.25893518518518516 0.9087708333333332 0.04082407407407413 0.038291666666666654
0 0.19222222222222218 0.9527135416666667 0.052351851851851844 0.03827604166666667
0 0.9180462962962963 0.83203125 0.04629629629629619 0.030963541666666573
0 0.7724166666666666 0.867625 0.07188888888888888 0.031828125000000186
0 0.7310925925925926 0.8988802083333333 0.04981481481481475 0.03170312499999994
0 0.7914629629629628 0.9349166666666665 0.04942592592592613 0.037843750000000044
0 0.46161111111111114 0.8596041666666666 0.16526851851851854 0.06193229166666647