0 0.19814814814814813 0.4330729166666666 0.044444444444444446 0.0203125
0 0.3532407407407407 0.4627604166666666 0.03611111111111111 0.0296875
0 0.3560185185185185 0.4294270833333333 0.03240740740740742 0.0203125
0 0.2023148148148148 0.6588541666666666 0.041666666666666664 0.017708333333333392
0 0.4703703703703703 0.8341145833333332 0.035185185185185236 0.0234375
0 0.41712962962962963 0.36822916666666666 0.041666666666666664 0.022916666666666696
0 0.5953703703703703 0.84296875 0.04074074074074079 0.0390625
0 0.18009259259259258 0.9208333333333332 0.05648148148148149 0.0375
0 0.24444444444444444 0.16119791666666666 0.04259259259259262 0.025520833333333347
0 0.837037037037037 0.20703125 0.044444444444444446 0.0234375
0 0.8851851851851851 0.25026041666666665 0.05555555555555555 0.030729166666666696
0 0.662962962962963 0.3533854166666667 0.04259259259259254 0.034895833333333307
0 0.6902777777777778 0.4609375 0.03981481481481476 0.03645833333333339
0 0.17314814814814813 0.7169270833333333 0.031481481481481485 0.0234375
0 0.5055555555555555 0.28203125 0.04814814814814809 0.024479166666666698
0 0.2652777777777778 0.3494791666666667 0.045370370370370394 0.035416666666666693
0 0.7722222222222223 0.2015625 0.04629629629629619 0.038541666666666675
0 0.7666666666666667 0.9653645833333332 0.06666666666666667 0.0359375
0 0.21805555555555556 0.5848958333333333 0.045370370370370394 0.0375
0 0.6236111111111111 0.2328125 0.04537037037037032 0.020833333333333304
0 0.23657407407407405 0.40390625 0.041666666666666664 0.019270833333333348
0 0.24074074074074073 0.8638020833333332 0.03703703703703706 0.047395833333333214
0 0.7990740740740739 0.21171875 0.03333333333333333 0.022395833333333302
0 0.18055555555555555 0.46328125 0.044444444444444446 0.0265625
0 0.24814814814814815 0.7791666666666666 0.03888888888888889 0.027083333333333393
0 0.312037037037037 0.3958333333333333 0.040740740740740716 0.03541666666666665
0 0.5537037037037037 0.38515625 0.04629629629629635 0.0296875
0 0.18148148148148147 0.3927083333333333 0.048148148148148155 0.02604166666666665
0 0.837037037037037 0.24479166666666666 0.06666666666666667 0.035416666666666693
0 0.6231481481481481 0.30104166666666665 0.04629629629629635 0.027083333333333303
0 0.23472222222222222 0.7088541666666666 0.05092592592592595 0.028125
0 0.43472222222222223 0.11614583333333332 0.0657407407407408 0.029166666666666653
0 0.849074074074074 0.34713541666666664 0.044444444444444446 0.0390625
0 0.4481481481481481 0.3924479166666666 0.04259259259259254 0.023437499999999955
0 0.2152777777777778 0.4583333333333333 0.04907407407407405 0.03645833333333339
0 0.8125 0.58671875 0.04537037037037048 0.0359375
0 0.24675925925925923 0.1890625 0.04722222222222222 0.023958333333333325
0 0.20046296296296293 0.8421875 0.06388888888888888 0.025
0 0.3587962962962963 0.25807291666666665 0.04537037037037036 0.0380208333333333
0 0.5722222222222222 0.8578125 0.04074074074074079 0.040625
0 0.32037037037037036 0.4341145833333333 0.04259259259259262 0.027604166666666607
0 0.2657407407407407 0.54140625 0.05370370370370373 0.022395833333333393
0 0.24027777777777778 0.6364583333333333 0.041666666666666664 0.03541666666666661
0 0.20185185185185184 0.29635416666666664 0.04259259259259262 0.030208333333333302
0 0.9777777777777777 0.1942708333333333 0.044444444444444446 0.034374999999999975
0 0.39166666666666666 0.38203125 0.04814814814814809 0.04427083333333335
0 0.16898148148148145 0.8216145833333333 0.041666666666666664 0.030729166666666786
0 0.6898148148148148 0.16484375 0.048148148148148176 0.02864583333333335
0 0.41018518518518515 0.18671875 0.06666666666666667 0.0265625
0 0.35694444444444445 0.014322916666666666 0.056481481481481466 0.028645833333333332
0 0.8888888888888888 0.2895833333333333 0.05 0.034375
0 0.35833333333333334 0.7572916666666666 0.04074074074074075 0.028125
0 0.47592592592592586 0.8796875 0.04259259259259254 0.030208333333333216
0 0.1907407407407407 0.6286458333333333 0.05 0.03229166666666661
0 0.20324074074074072 0.08984375 0.058333333333333334 0.034895833333333334
0 0.7388888888888889 0.5736979166666666 0.05740740740740738 0.025520833333333392
0 0.49351851851851847 0.66796875 0.051851851851851906 0.024479166666666607
0 0.14166666666666666 0.09947916666666665 0.05370370370370369 0.04062499999999999
0 0.9157407407407406 0.93125 0.05 0.033333333333333215
0 0.17731481481481481 0.03307291666666666 0.04722222222222222 0.03489583333333333
0 0.15787037037037036 0.084375 0.04537037037037038 0.019791666666666673
0 0.9555555555555556 0.2203125 0.044444444444444446 0.04166666666666667
0 0.18472222222222223 0.3572916666666667 0.05648148148148149 0.026041666666666696
0 0.4939814814814814 0.5190104166666666 0.05462962962962968 0.02864583333333339
0 0.7287037037037036 0.9890625 0.048148148148148176 0.020833333333333214
0 0.5203703703703704 0.3098958333333333 0.06111111111111111 0.03125
0 0.475 0.4552083333333333 0.037037037037036986 0.02604166666666661
0 0.3888888888888889 0.21197916666666666 0.044444444444444446 0.03229166666666668
0 0.6125 0.3260416666666667 0.0731481481481481 0.0322916666666667
0 0.29814814814814816 0.3333333333333333 0.03888888888888889 0.029166666666666695
0 0.2518518518518518 0.52421875 0.05555555555555555 0.021354166666666608
0 0.65 0.4903645833333333 0.05740740740740746 0.0203125
0 0.22777777777777777 0.5065104166666666 0.06111111111111111 0.024479166666666607
0 0.29212962962962963 0.6692708333333333 0.05277777777777778 0.029166666666666608
0 0.6236111111111111 0.63046875 0.06388888888888888 0.02864583333333339
0 0.7814814814814814 0.34479166666666666 0.0574074074074073 0.029166666666666695
0 0.6277777777777778 0.8315104166666666 0.04629629629629635 0.028645833333333214
0 0.575462962962963 0.004947916666666667 0.05277777777777778 0.008854166666666666
0 0.4722222222222222 0.54296875 0.05740740740740746 0.02864583333333339
0 0.9625 0.3375 0.06574074074074064 0.03125
0 0.2162037037037037 0.00546875 0.07685185185185182 0.0109375