0 0.7833353518226959 0.358695652173913 0.0397238706552016 0.034782608695652154
0 0.19474385369989103 0.30543478260869567 0.04456824512534819 0.034782608695652154
0 0.7988373501271648 0.2548913043478261 0.043599370231318935 0.032608695652173926
0 0.25772072181179606 0.3565217391304348 0.060070243429817115 0.023913043478260843
0 0.45004238827661375 0.20489130434782607 0.049412619595494776 0.0304347826086957
0 0.47135763594525854 0.04809782608695652 0.061039118323846446 0.03315217391304348
0 0.610875620685479 0.21956521739130436 0.05135036938355328 0.036956521739130464
0 0.7348916071212305 0.20978260869565216 0.049412619595494776 0.034782608695652154
0 0.6520528036817246 0.25625 0.06588349279399303 0.02771739130434785
0 0.1259537362238101 0.3122282608695652 0.0561947438536999 0.023369565217391308
0 0.4481046384885552 0.23505434782608697 0.043599370231318935 0.03206521739130439
0 0.2572362843647814 0.15 0.04941261959549469 0.03695652173913042
0 0.6099067457914497 0.4095108695652174 0.0397238706552016 0.02880434782608692
0 0.59537362238101 0.033967391304347824 0.09010536514472563 0.03641304347826087
0 0.6651326147511202 0.20380434782608697 0.05522586895967061 0.036956521739130464
0 0.45537120019377497 0.010054347826086957 0.05813249364175853 0.020108695652173915
0 0.7460336684025676 0.2994565217391304 0.0620079932178757 0.026086956521739157
0 0.7208429211578056 0.3673913043478261 0.04069274554923086 0.04130434782608692
0 0.1840862298655686 0.13668478260869565 0.06394574300593436 0.03315217391304346
0 0.8947559646360663 0.40842391304347825 0.06297686811190495 0.025543478260869536
0 0.6186266198377134 0.2796195652173913 0.0397238706552016 0.04728260869565215
0 0.27419159501029433 0.010054347826086957 0.052319244277582694 0.020108695652173915
0 0.08719874046263776 0.13369565217391305 0.06394574300593435 0.03913043478260869
0 0.8981470267651689 0.296195652173913 0.056194743853699866 0.027173913043478225
0 0.5624318759840136 0.23478260869565215 0.05135036938355328 0.034782608695652154
0 0.7494247305316701 0.36032608695652174 0.0377861208671431 0.035869565217391305
0 0.5265835049049291 0.01902173913043478 0.057163618747729114 0.03804347826086956
0 0.763473416495095 0.16277173913043477 0.0620079932178757 0.03532608695652173
0 0.6859634249727503 0.2421195652173913 0.056194743853699866 0.0375
0 0.24318759840135643 0.03206521739130434 0.06782124258205162 0.033695652173913036
0 0.2611117839408986 0.33695652173913043 0.06297686811190503 0.025
0 0.5750272496063946 0.2576086956521739 0.06879011747608095 0.017391304347826077