0 0.7763888888888889 0.125 0.03981481481481492 0.0375
0 0.6069444444444444 0.17447916666666666 0.03981481481481476 0.03229166666666665
0 0.5652777777777778 0.013541666666666665 0.05462962962962968 0.02708333333333333
0 0.8842592592592592 0.06276041666666667 0.05555555555555555 0.031770833333333325
0 0.2111111111111111 0.07838541666666667 0.044444444444444446 0.03802083333333332
0 0.65 0.028125 0.06296296296296301 0.03125
0 0.7907407407407406 0.025520833333333333 0.042592592592592696 0.034375
0 0.2777777777777778 0.10625 0.06666666666666667 0.028125
0 0.7421296296296295 0.12604166666666666 0.034259259259259364 0.03645833333333335
0 0.7162037037037037 0.13515625 0.04351851851851849 0.03697916666666665
0 0.46342592592592585 0.014322916666666666 0.043518518518518574 0.028645833333333332
0 0.8754629629629629 0.17083333333333334 0.06203703703703714 0.027083333333333348
0 0.7393518518518517 0.06875 0.058333333333333334 0.028125
0 0.13796296296296295 0.08333333333333333 0.048148148148148134 0.030208333333333327
0 0.6175925925925926 0.05182291666666666 0.04074074074074079 0.0453125
0 0.6069444444444444 0.00625 0.04537037037037032 0.01145833333333333
0 0.27361111111111114 0.12760416666666666 0.062037037037037064 0.027083333333333348
0 0.6824074074074074 0.01640625 0.05370370370370365 0.0328125
0 0.5714444444444443 0.034515624999999994 0.059898148148148145 0.02286979166666666