0 0.6634259259259259 0.029166666666666664 0.0731481481481481 0.03229166666666666
0 0.22037037037037036 0.30546875 0.044444444444444446 0.025520833333333305
0 0.5625 0.2669270833333333 0.043518518518518574 0.043229166666666693
0 0.5347222222222222 0.8971354166666666 0.034259259259259205 0.022395833333333216
0 0.6254629629629629 0.3567708333333333 0.050925925925925875 0.040625
0 0.9254629629629628 0.4481770833333333 0.04722222222222222 0.03489583333333339
0 0.487037037037037 0.3807291666666667 0.04074074074074079 0.034375
0 0.6851851851851851 0.05572916666666666 0.06481481481481476 0.034375
0 0.7361111111111112 0.4502604166666666 0.044444444444444446 0.031770833333333394
0 0.649074074074074 0.7171875 0.05370370370370365 0.03645833333333339
0 0.8125 0.0234375 0.04722222222222222 0.04583333333333332
0 0.33703703703703697 0.06744791666666666 0.04999999999999996 0.025520833333333326
0 0.6782407407407407 0.6875 0.04722222222222222 0.034375
0 0.7777777777777778 0.3427083333333333 0.06111111111111111 0.034375
0 0.9023148148148148 0.7260416666666666 0.05462962962962952 0.044791666666666605
0 0.6046296296296296 0.4072916666666666 0.04074074074074079 0.02604166666666665
0 0.599537037037037 0.29947916666666663 0.050925925925925875 0.0375
0 0.5273148148148148 0.8674479166666667 0.049074074074074124 0.030729166666666786
0 0.5074074074074074 0.4072916666666666 0.04629629629629635 0.030208333333333347
0 0.21435185185185182 0.33359375 0.045370370370370394 0.0359375
0 0.5888888888888889 0.5247395833333333 0.05740740740740746 0.036979166666666605
0 0.5115740740740741 0.296875 0.04537037037037032 0.035416666666666693
0 0.637037037037037 0.2341145833333333 0.05 0.0401041666666667
0 0.1337962962962963 0.7067708333333333 0.04537037037037036 0.033333333333333395
0 0.7569444444444444 0.4192708333333333 0.043518518518518415 0.03541666666666661
0 0.46944444444444444 0.66484375 0.051851851851851906 0.02864583333333339
0 0.4546296296296296 0.63984375 0.06851851851851858 0.02864583333333339
0 0.6745370370370369 0.10286458333333333 0.08240740740740739 0.0546875
0 0.6018518518518519 0.8721354166666666 0.06666666666666667 0.027604166666666784
0 0.1560185185185185 0.029427083333333326 0.04351851851851853 0.04531249999999999
0 0.15555555555555556 0.9763020833333332 0.05925925925925927 0.034895833333333216
0 0.16203703703703703 0.31796875 0.044444444444444446 0.031770833333333304
0 0.5837962962962963 0.23046875 0.06018518518518524 0.0234375
0 0.5731481481481481 0.00390625 0.037037037037036986 0.0078125
0 0.13194444444444445 0.02734375 0.056481481481481466 0.04427083333333333
0 0.3402777777777778 0.006770833333333332 0.04907407407407409 0.012499999999999999
0 0.6898148148148148 0.08411458333333333 0.05 0.022395833333333327