0 0.47129629629629627 0.4013020833333333 0.15555555555555556 0.05885416666666665
0 0.4523148148148148 0.8458333333333332 0.049074074074074124 0.044791666666666785
0 0.4467592592592592 0.3700520833333333 0.04537037037037032 0.016145833333333304
0 0.7773148148148148 0.6588541666666666 0.043518518518518415 0.028125
0 0.6333333333333333 0.846875 0.044444444444444446 0.023958333333333214
0 0.17037037037037037 0.38697916666666665 0.05740740740740738 0.035416666666666693
0 0.1949074074074074 0.10651041666666665 0.041666666666666664 0.0234375
0 0.9236111111111112 0.7606770833333333 0.050925925925926034 0.0421875
0 0.7731481481481481 0.7471354166666666 0.051851851851851746 0.024479166666666607
0 0.2569444444444444 0.4796875 0.039814814814814845 0.03541666666666661
0 0.20879629629629626 0.8635416666666667 0.05092592592592595 0.030208333333333216
0 0.2222222222222222 0.6692708333333333 0.040740740740740716 0.027083333333333393
0 0.6583333333333333 0.5510416666666667 0.059259259259259206 0.03229166666666661
0 0.3560185185185185 0.20390625 0.04351851851851853 0.028645833333333325
0 0.1884259259259259 0.8411458333333333 0.04907407407407405 0.027083333333333216
0 0.7861111111111111 0.4135416666666666 0.06851851851851841 0.034375
0 0.6402777777777777 0.2716145833333333 0.049074074074074124 0.0296875
0 0.23379629629629628 0.0796875 0.04722222222222222 0.046875
0 0.6925925925925925 0.94453125 0.05185185185185182 0.04947916666666678
0 0.4810185185185185 0.3356770833333333 0.049074074074074124 0.024479166666666698
0 0.39444444444444443 0.8119791666666666 0.04259259259259254 0.025
0 0.31296296296296294 0.4015625 0.06666666666666667 0.027083333333333348
0 0.23287037037037037 0.32838541666666665 0.037962962962962934 0.0453125
0 0.7925925925925925 0.6802083333333333 0.0574074074074073 0.023958333333333394
0 0.16342592592592592 0.17083333333333334 0.03611111111111111 0.03333333333333335
0 0.5666666666666667 0.5341145833333333 0.04259259259259254 0.030729166666666606
0 0.15787037037037036 0.28229166666666666 0.04351851851851851 0.026041666666666696
0 0.8064814814814815 0.4861979166666666 0.044444444444444446 0.02864583333333339
0 0.2384259259259259 0.90859375 0.05277777777777778 0.031770833333333214
0 0.47407407407407404 0.28385416666666663 0.03888888888888889 0.023958333333333304
0 0.21990740740740738 0.5684895833333333 0.037962962962962934 0.02864583333333339
0 0.7430555555555556 0.446875 0.05277777777777778 0.029166666666666608
0 0.6041666666666666 0.8341145833333332 0.049074074074074124 0.028645833333333214
0 0.324537037037037 0.8528645833333333 0.06018518518518516 0.0265625
0 0.15833333333333333 0.9786458333333332 0.044444444444444446 0.039583333333333214
0 0.15416666666666667 0.8697916666666666 0.037962962962962976 0.03125
0 0.21157407407407405 0.025 0.04907407407407405 0.041666666666666664
0 0.7287037037037036 0.6049479166666666 0.05185185185185182 0.036979166666666605
0 0.18240740740740738 0.075 0.05185185185185182 0.03229166666666665
0 0.22824074074074072 0.9518229166666666 0.03611111111111111 0.0296875
0 0.6018518518518519 0.2856770833333333 0.044444444444444446 0.041145833333333305
0 0.9069444444444444 0.6088541666666666 0.03796296296296286 0.03229166666666661
0 0.24490740740740738 0.2328125 0.045370370370370394 0.028125
0 0.7032407407407406 0.79765625 0.07499999999999993 0.0296875
0 0.19027777777777777 0.3046875 0.06944444444444445 0.023958333333333304
0 0.5810185185185185 0.3083333333333333 0.043518518518518574 0.035416666666666693
0 0.5384259259259259 0.871875 0.058333333333333334 0.026041666666666786
0 0.4962962962962963 0.10703125 0.05555555555555555 0.028645833333333336
0 0.2273148148148148 0.15833333333333333 0.05648148148148151 0.030208333333333347
0 0.7810185185185184 0.7690104166666666 0.050925925925926034 0.027604166666666607
0 0.9416666666666667 0.3716145833333333 0.05370370370370381 0.0328125
0 0.1884259259259259 0.5247395833333333 0.06759259259259259 0.04010416666666661
0 0.2935185185185185 0.1078125 0.05740740740740738 0.034375
0 0.36851851851851847 0.8364583333333332 0.03703703703703702 0.033333333333333215
0 0.7074074074074074 0.6971354166666666 0.05370370370370365 0.02864583333333339
0 0.7203703703703703 0.6450520833333333 0.05740740740740738 0.025520833333333392
0 0.7319444444444444 0.6721354166666667 0.054629629629629604 0.027604166666666607
0 0.8060185185185185 0.0109375 0.04537037037037048 0.020833333333333332
0 0.7898148148148147 0.6421875 0.06851851851851841 0.027083333333333393
0 0.6347222222222222 0.05625 0.06759259259259254 0.03541666666666666
0 0.6875 0.6703125 0.06759259259259262 0.028125
0 0.6675925925925925 0.6153645833333333 0.06111111111111111 0.022395833333333393