0 0.1561147569362479 0.43531073446327684 0.04834521505122518 0.022033898305084777
0 0.324819413625419 0.4675141242937853 0.03928048722912041 0.03220338983050848
0 0.32784098956612057 0.4313559322033898 0.03525171930818502 0.022033898305084777
0 0.16064712084730023 0.6802259887005649 0.04532363911052362 0.019209039548022666
0 0.452229199125002 0.8703389830508474 0.038273295248886584 0.025423728813559164
0 0.3943156602615551 0.3649717514124294 0.04532363911052362 0.024858757062146887
0 0.5882001164565727 0.8799435028248588 0.04431644713028971 0.04237288135593218
0 0.13647451332168767 0.964406779661017 0.06143871079426531 0.04067796610169481
0 0.20647435594794078 0.1403954802259887 0.046330831090757446 0.02768361581920904
0 0.8510772232976096 0.19011299435028248 0.04834521505122503 0.025423728813559344
0 0.90345120626977 0.23700564971751414 0.06043151881403128 0.033333333333333305
0 0.6617251310136443 0.3488700564971751 0.04633083109075737 0.037853107344632785
0 0.6914372944305431 0.46553672316384176 0.043309255150055806 0.03954802259887007
0 0.12892057346993374 0.7432203389830508 0.03424452732795115 0.025423728813559344
0 0.49050249437388854 0.27146892655367233 0.05237398297216066 0.02655367231638417
0 0.22913617550320256 0.3446327683615819 0.04935240703145901 0.03841807909604515
0 0.7805737846812395 0.18418079096045198 0.05035959901169284 0.041807909604519765
0 0.17776938451127583 0.6 0.04935240703145901 0.04067796610169498
0 0.6189194718537053 0.21807909604519776 0.04935240703145909 0.022598870056497144
0 0.19791322411595297 0.4036723163841808 0.04532363911052354 0.02090395480225986
0 0.20244558802700535 0.9025423728813559 0.04028767920935432 0.051412429378531146
0 0.8097823521080214 0.19519774011299434 0.03625891128841877 0.02429378531073447
0 0.1369781093118046 0.46807909604519776 0.048345215051225146 0.02881355932203391
0 0.21050312386887618 0.8107344632768362 0.04230206316982198 0.029378531073446366
0 0.27999937050501233 0.3949152542372881 0.04431644713028971 0.03841807909604515
0 0.5428764773460492 0.38333333333333336 0.05035959901169284 0.03220338983050848
0 0.13798530129203845 0.3915254237288136 0.052373982972160574 0.02824858757062145
0 0.8510772232976096 0.23107344632768362 0.07251782257683785 0.03841807909604524
0 0.6184158758635884 0.292090395480226 0.05035959901169284 0.029378531073446366
0 0.19589884015548525 0.7344632768361582 0.05539555891286214 0.030508474576271104
0 0.41345230788599846 0.09152542372881356 0.07151063059660395 0.031638418079096065
0 0.8641707190406497 0.342090395480226 0.04834521505122503 0.04237288135593218
0 0.42805659159938936 0.3912429378531074 0.04633083109075737 0.025423728813559344
0 0.17474780857057426 0.4627118644067797 0.053381174952394445 0.03954802259887007
0 0.8243866358214123 0.6019774011299435 0.049352407031458934 0.03898305084745761
0 0.2089923358985254 0.17062146892655367 0.05136679099192675 0.025988700564971757
0 0.15863273688683252 0.8790960451977401 0.06949624663613617 0.027118644067796537
0 0.33086256550682214 0.24548022598870056 0.04935240703145901 0.041242937853107356
0 0.5630203169507263 0.8960451977401129 0.04431644713028971 0.04406779661016955
0 0.2890640983271171 0.43644067796610175 0.046330831090757446 0.029943502824858824
0 0.22963977149331946 0.5528248587570621 0.0584171348535637 0.02429378531073443
0 0.2019419920368884 0.6559322033898305 0.04532363911052362 0.03841807909604515
0 0.16014352485718333 0.28700564971751413 0.046330831090757446 0.03276836158192094
0 0.9888579387186629 0.175 0.022284122562674095 0.0375
0 0.36661788080512414 0.3799435028248587 0.05237398297216066 0.048022598870056575
0 0.12438820955888139 0.8567796610169491 0.04532363911052358 0.033333333333333215
0 0.6909336984404262 0.14435028248587572 0.05237398297216066 0.031073446327683607
0 0.3867617204098012 0.16807909604519772 0.0725178225768377 0.02881355932203391
0 0.9074799741907055 0.2796610169491526 0.054388366932628156 0.03728813559322033
0 0.33035896951670524 0.7870056497175141 0.04431644713028971 0.030508474576271104
0 0.4582723510064051 0.9197740112994349 0.04633083109075737 0.03276836158192076
0 0.14805722109437705 0.6474576271186441 0.054388366932628315 0.03502824858757059
0 0.16165431282753412 0.06299435028248587 0.063453094754733 0.037853107344632764
0 0.7443148733928205 0.5878531073446328 0.062445902774499094 0.027683615819208994
0 0.4774089986308484 0.6901129943502825 0.05640275089309597 0.02655367231638426
0 0.09467604614198259 0.07344632768361582 0.0584171348535637 0.044067796610169484
0 0.9366885416174874 0.9757062146892655 0.054388366932628156 0.0361581920903955
0 0.1334529373809861 0.01016949152542373 0.05136679099192671 0.02033898305084746
0 0.1123019057960751 0.05706214689265536 0.04935240703145901 0.02146892655367232
0 0.9777158774373259 0.20390625 0.04456824512534819 0.0453125
0 0.14151047322285695 0.3531073446327683 0.06143871079426531 0.02824858757062145
0 0.47791259462096536 0.5285310734463277 0.05942432683379753 0.031073446327683562
0 0.5066175660576303 0.3016949152542373 0.06647467069543457 0.03389830508474576
0 0.45726515902617126 0.4593220338983051 0.04028767920935424 0.02824858757062145
0 0.36359630486442257 0.19548022598870057 0.04834521505122518 0.03502824858757059
0 0.606833168090899 0.3192090395480226 0.07956816643847474 0.03502824858757059
0 0.2648914908015045 0.3271186440677966 0.04230206316982198 0.03163841807909602
0 0.2145318917898116 0.534180790960452 0.06043151881403144 0.02316384180790969
0 0.6476244432903703 0.49745762711864405 0.062445902774499094 0.022033898305084777
0 0.18834490030373133 0.5149717514124295 0.06647467069543457 0.02655367231638426
0 0.2583447429299844 0.6915254237288135 0.05740994287332988 0.03163841807909602
0 0.6189194718537053 0.6494350282485876 0.06949624663613613 0.031073446327683562
0 0.7906457044835781 0.33954802259887007 0.062445902774499094 0.03163841807909602
0 0.6234518357647577 0.8675141242937853 0.05035959901169284 0.03107344632768374
0 0.4542435830854697 0.5545197740112994 0.062445902774499094 0.031073446327683562
0 0.9749303621169917 0.33125 0.05013927576601671 0.034375