0 0.6678809957498483 0.016120218579234975 0.07674559805707351 0.03224043715846995
0 0.20303582270795384 0.3051912568306011 0.04663023679417119 0.02677595628415297
0 0.5619914996964177 0.2647540983606557 0.045658773527626 0.04535519125683063
0 0.5328476017000607 0.9259562841530056 0.03594414086217357 0.023497267759562845
0 0.6280510018214936 0.359016393442623 0.05343047965998788 0.042622950819672135
0 0.9428051001821494 0.45491803278688525 0.049544626593806936 0.03661202185792352
0 0.4828172434729812 0.3841530054644809 0.04274438372799033 0.0360655737704918
0 0.6907103825136611 0.04316939890710382 0.06800242865816636 0.03606557377049181
0 0.744140862173649 0.4571038251366121 0.04663023679417127 0.033333333333333395
0 0.6528233151183971 0.7371584699453553 0.05634486945962354 0.03825136612021858
0 0.8242865816636309 0.016666666666666666 0.049544626593806936 0.03333333333333333
0 0.3254401942926533 0.055464480874316935 0.0524590163934426 0.026775956284153014
0 0.6834244080145719 0.7060109289617487 0.049544626593806936 0.03606557377049189
0 0.7878567091681846 0.3442622950819672 0.06411657559198558 0.0360655737704918
0 0.9185185185185186 0.746448087431694 0.05731633272616882 0.04699453551912569
0 0.6061930783242259 0.4120218579234972 0.04274438372799033 0.027322404371584775
0 0.600850030358227 0.29890710382513663 0.05343047965998788 0.03934426229508192
0 0.5250758955676988 0.8948087431693988 0.05148755312689733 0.032240437158469956
0 0.5041894353369762 0.4120218579234972 0.048573163327261665 0.031693989071038334
0 0.19672131147540983 0.33469945355191255 0.04760170006071647 0.03770491803278686
0 0.5896782027929569 0.5352459016393443 0.060230722525804484 0.0387978142076502
0 0.5085610200364299 0.29617486338797816 0.04760170006071639 0.03715846994535523
0 0.640194292653309 0.23032786885245898 0.0524590163934426 0.042076502732240416
0 0.1122040072859745 0.7262295081967214 0.04760170006071647 0.03497267759562846
0 0.7659987856709168 0.42459016393442617 0.04565877352762584 0.03715846994535514
0 0.4643594414086217 0.6822404371584699 0.05440194292653315 0.030054644808743092
0 0.448816029143898 0.6560109289617486 0.0718882817243473 0.030054644808743092
0 0.679538554948391 0.09262295081967213 0.08646023072252579 0.05737704918032786
0 0.6032786885245902 0.8997267759562841 0.06994535519125675 0.028961748633879836
0 0.1355191256830601 0.019672131147540982 0.045658773527626 0.039344262295081964
0 0.13503339404978748 0.9953551912568306 0.06217364905889495 0.009289617486338742
0 0.14183363691560413 0.31830601092896177 0.046630236794171234 0.033333333333333305
0 0.5843351548269581 0.22650273224043715 0.06314511232544015 0.02459016393442619
0 0.11026108075288403 0.01830601092896175 0.05925925925925925 0.0366120218579235
0 0.6955676988463874 0.07295081967213116 0.0524590163934426 0.023497267759562845