0 0.30416666666666664 0.8619791666666666 0.045370370370370394 0.04166666666666678
0 0.4861111111111111 0.03307291666666666 0.04259259259259254 0.03802083333333332
0 0.30972222222222223 0.7658854166666667 0.041666666666666664 0.027604166666666607
0 0.6814814814814815 0.35 0.04629629629629635 0.0322916666666667
0 0.549074074074074 0.8770833333333332 0.04074074074074079 0.017708333333333215
0 0.1310185185185185 0.6927083333333333 0.04722222222222222 0.03541666666666661
0 0.21712962962962962 0.78515625 0.04722222222222222 0.036979166666666695
0 0.5888888888888889 0.18151041666666665 0.05740740740740746 0.04010416666666668
0 0.26805555555555555 0.7690104166666666 0.04722222222222222 0.02864583333333339
0 0.7365740740740739 0.10130208333333332 0.04722222222222222 0.03697916666666665
0 0.9050925925925926 0.7138020833333333 0.05462962962962952 0.03385416666666661
0 0.5259259259259259 0.5322916666666666 0.05 0.028125
0 0.14953703703703702 0.65078125 0.058333333333333334 0.031770833333333394
0 0.6032407407407407 0.5372395833333333 0.06388888888888888 0.030729166666666606
0 0.35694444444444445 0.7325520833333333 0.04722222222222222 0.0265625
0 0.4393518518518518 0.8596354166666667 0.04537037037037032 0.0359375
0 0.5064814814814814 0.05833333333333333 0.051851851851851906 0.0375
0 0.7523148148148148 0.06744791666666666 0.043518518518518415 0.03489583333333333
0 0.6185185185185185 0.015885416666666666 0.051851851851851906 0.03177083333333333
0 0.6055555555555555 0.06015625 0.04259259259259254 0.0296875
0 0.33055555555555555 0.82265625 0.07407407407407408 0.0536458333333333
0 0.14953703703703702 0.9890625 0.054629629629629604 0.020833333333333214
0 0.4708333333333333 0.6278645833333333 0.04537037037037032 0.0390625
0 0.40555555555555556 0.746875 0.04259259259259254 0.033333333333333395
0 0.5287037037037037 0.57421875 0.044444444444444446 0.041145833333333395
0 0.9287037037037037 0.0953125 0.05 0.038541666666666655
0 0.9060185185185184 0.37734375 0.05277777777777778 0.0421875
0 0.5629629629629629 0.8044270833333332 0.07037037037037032 0.030729166666666696
0 0.649074074074074 0.37369791666666663 0.05 0.0338541666666667
0 0.3384259259259259 0.5903645833333333 0.04907407407407405 0.0296875
0 0.45370370370370366 0.3005208333333333 0.06666666666666667 0.029166666666666695
0 0.2648148148148148 0.7322916666666666 0.06666666666666667 0.028125
0 0.2675925925925926 0.39375 0.04629629629629627 0.034375
0 0.3759259259259259 0.8049479166666667 0.0648148148148148 0.0609375
0 0.16666666666666666 0.8419270833333332 0.0425925925925926 0.027604166666666784
0 0.1574074074074074 0.8013020833333332 0.05740740740740742 0.031770833333333304
0 0.7773148148148148 0.8471354166666666 0.05277777777777778 0.027604166666666784
0 0.8171296296296295 0.011197916666666665 0.06388888888888888 0.021354166666666667
0 0.2 0.8221354166666666 0.05740740740740738 0.0265625
0 0.5856481481481481 0.6044270833333333 0.05648148148148143 0.0234375
0 0.46759259259259256 0.3255208333333333 0.05 0.0322916666666667
0 0.1884259259259259 0.74453125 0.041666666666666664 0.02864583333333339
0 0.274537037037037 0.8895833333333332 0.058333333333333334 0.027083333333333216
0 0.6282407407407408 0.9067708333333332 0.03796296296296302 0.030208333333333216