0 0.142909046869323 0.9516304347826086 0.061039118323846446 0.04130434782608709
0 0.5643696257720722 0.8347826086956521 0.05135036938355328 0.04239130434782616
0 0.9640305195591619 0.01168478260869565 0.052319244277582534 0.0233695652173913
0 0.31294659077146664 0.7073369565217391 0.0426304953372896 0.02880434782608692
0 0.44907351338258444 0.8008152173913043 0.043599370231318935 0.0375
0 0.14436235921036694 0.5858695652173913 0.06200799321787574 0.032608695652173836
0 0.30761777885430547 0.8065217391304348 0.04747486980743611 0.04130434782608709
0 0.21412135158047715 0.726086956521739 0.05231924427758261 0.04021739130434785
0 0.699043236042146 0.264945652173913 0.04747486980743627 0.03641304347826084
0 0.3192442775826571 0.32364130434782606 0.04553712001937752 0.03532608695652177
0 0.5425699406564127 0.5043478260869565 0.04650599491340685 0.04347826086956523
0 0.2688627830931331 0.7103260869565217 0.049412619595494776 0.029347826086956453
0 0.5004238827661378 0.8831521739130433 0.05328811917161194 0.0304347826086957
0 0.5396633159743248 0.46141304347826084 0.052319244277582694 0.029347826086956453
0 0.3410439626983166 0.5228260869565217 0.04650599491340685 0.0304347826086957
0 0.12450042388276612 0.629891304347826 0.049412619595494735 0.03586956521739122
0 0.7939929756570183 0.9752717391304347 0.06297686811190495 0.042934782608695696
0 0.38222114569456217 0.7459239130434783 0.06879011747608095 0.06358695652173907
0 0.4137095797505147 0.6869565217391304 0.04844374470146536 0.034782608695652154
0 0.935933147632312 0.65 0.06007024342981719 0.03586956521739122
0 0.21848128860360908 0.9358695652173912 0.061039118323846446 0.033695652173912904
0 0.6210488070727868 0.46630434782608693 0.06782124258205154 0.03152173913043477
0 0.6065156836623471 0.09239130434782608 0.06394574300593436 0.04347826086956521
0 0.802712849703282 0.7902173913043478 0.0532881191716121 0.027173913043478316
0 0.9383553348673853 0.2980978260869565 0.05522586895967061 0.044021739130434764
0 0.26401840862298653 0.6720108695652174 0.0746033668402567 0.02771739130434785
0 0.5779338742884825 0.7459239130434783 0.07460336684025679 0.030978260869565233
0 0.4786241976504783 0.24456521739130435 0.052319244277582694 0.033695652173913085
0 0.18602397965362721 0.6845108695652173 0.04456824512534819 0.029891304347826164
0 0.6021557466392152 0.5364130434782608 0.059101368535787784 0.023913043478260933
0 0.33280852609906747 0.7654891304347826 0.08235436599249128 0.054891304347826166
0 0.4824996972265956 0.561141304347826 0.04650599491340685 0.039673913043478316
0 0.2746760324573089 0.836141304347826 0.0571636187477292 0.027717391304347673
0 0.7600823543659925 0.01358695652173913 0.04747486980743627 0.02717391304347826
0 0.36235921036696134 0.6714673913043478 0.050381494489524024 0.02663043478260878
0 0.6699769892212668 0.2940217391304348 0.05522586895967061 0.035869565217391305
0 0.16034879496185053 0.7847826086956522 0.04553712001937752 0.0304347826086957
0 0.46409107424003876 0.21793478260869564 0.07363449194622737 0.03152173913043477
0 0.15308223325663076 0.7445652173913043 0.060070243429817115 0.0304347826086957
0 0.6268620564369626 0.854891304347826 0.08138549109846188 0.03478260869565233
0 0.19765047838197894 0.7679347826086956 0.05813249364175853 0.025