0 0.3277407407407407 0.012640624999999999 0.037203703703703656 0.025281249999999998
0 0.18282407407407406 0.016635416666666666 0.051092592592592606 0.02948958333333333
0 0.22269444444444442 0.047713541666666665 0.03644444444444446 0.036125
0 0.18836111111111112 0.055708333333333325 0.03828703703703705 0.03624479166666667
0 0.17046296296296296 0.10206770833333331 0.052388888888888846 0.033781250000000006
0 0.21525925925925923 0.11533854166666666 0.05737962962962963 0.02432291666666666
0 0.28055555555555556 0.10871875 0.062157407407407404 0.02878124999999998
0 0.23522222222222217 0.137359375 0.04349999999999999 0.030536458333333315
0 0.17849074074074073 0.13080208333333332 0.05542592592592595 0.024135416666666697
0 0.27605555555555555 0.15146874999999999 0.056407407407407344 0.023369791666666685
0 0.452537037037037 0.07797916666666667 0.03405555555555553 0.03075520833333334
0 0.5485370370370369 0.0770625 0.04251851851851853 0.030145833333333337
0 0.5233148148148148 0.09649479166666666 0.07907407407407416 0.022026041666666683
0 0.5539074074074074 0.11925 0.08385185185185186 0.031166666666666655
0 0.39629629629629626 0.11320833333333333 0.03980555555555551 0.0383645833333333
0 0.3638148148148148 0.1243125 0.04317592592592594 0.033723958333333345
0 0.38175925925925924 0.15703645833333332 0.04545370370370373 0.027796874999999988
0 0.1776759259259259 0.18483333333333332 0.044037037037037034 0.03029687499999998
0 0.21873148148148147 0.18635416666666665 0.033953703703703694 0.024807291666666665
0 0.29059259259259257 0.17583333333333334 0.0637777777777778 0.02877604166666665
0 0.29748148148148146 0.2075364583333333 0.04132407407407407 0.02689583333333332
0 0.22203703703703706 0.21113541666666666 0.07853703703703706 0.027994791666666675
0 0.18261111111111109 0.24535937499999996 0.03763888888888886 0.029322916666666643
0 0.35356481481481483 0.2302604166666667 0.04978703703703703 0.030244791666666694
0 0.6291851851851852 0.2114427083333333 0.05650925925925918 0.029822916666666654
0 0.4341574074074074 0.3108333333333333 0.06736111111111111 0.027260416666666655
0 0.2071759259259259 0.303359375 0.059222222222222204 0.027567708333333395
0 0.1608611111111111 0.2955520833333333 0.042953703703703695 0.019276041666666632
0 0.14328703703703702 0.3114114583333333 0.051194444444444466 0.033906249999999985
0 0.24856481481481477 0.376 0.043712962962962995 0.02336458333333331
0 0.24785185185185182 0.39982291666666664 0.05640740740740742 0.019145833333333327
0 0.20696296296296296 0.5018020833333333 0.04707407407407405 0.02358333333333338
0 0.29688888888888887 0.5391458333333333 0.04164814814814816 0.027494791666666706
0 0.2635277777777778 0.5553125 0.04762037037037033 0.031760416666666735
0 0.18483333333333332 0.5614739583333332 0.054018518518518556 0.020901041666666665
0 0.2048981481481481 0.5753802083333334 0.03991666666666668 0.021869791666666492
0 0.18386111111111111 0.5948229166666665 0.04555555555555555 0.025973958333333335
0 0.2004537037037037 0.6337239583333333 0.04967592592592591 0.021406249999999894
0 0.3111481481481482 0.5974791666666667 0.040888888888888884 0.03189062499999995
0 0.41620370370370363 0.5738072916666667 0.041657407407407414 0.023604166666666693
0 0.3864814814814815 0.5884479166666666 0.047296296296296385 0.043119791666666706
0 0.4448888888888889 0.59646875 0.04587962962962959 0.02560937499999998
0 0.5449074074074074 0.5938489583333333 0.05065740740740744 0.02646354166666658
0 0.41024074074074074 0.40144791666666657 0.06660185185185176 0.026661458333333377
0 0.389787037037037 0.42770833333333336 0.04501851851851847 0.03220312500000002
0 0.35822222222222216 0.46796875 0.043935185185185216 0.032187500000000036
0 0.6184444444444444 0.44580729166666666 0.04587962962962959 0.018984374999999963
0 0.5028148148148148 0.49381770833333327 0.048916666666666546 0.0234739583333333
0 0.5153425925925926 0.5196197916666666 0.057703703703703646 0.02993229166666662
0 0.6164351851851851 0.5131822916666666 0.05162962962962957 0.021333333333333294
0 0.6081388888888888 0.5376302083333333 0.07343518518518519 0.025677083333333427
0 0.6537499999999999 0.5634947916666666 0.04208333333333343 0.03103645833333335
0 0.7711203703703703 0.5551354166666667 0.052935185185185356 0.025307291666666742
0 0.8384259259259259 0.561171875 0.03894444444444439 0.03128124999999997
0 0.6823888888888889 0.38378645833333336 0.04729629629629623 0.02490104166666667
0 0.7596203703703703 0.42084374999999996 0.03861111111111105 0.036171874999999964
0 0.7861944444444444 0.4306041666666666 0.033194444444444256 0.021526041666666627
0 0.8230185185185184 0.425390625 0.043712962962962995 0.02268749999999997
0 0.9712962962962962 0.4171875 0.0574074074074073 0.033333333333333395
0 0.9434259259259259 0.44091666666666657 0.03627777777777794 0.03285416666666663
0 0.8215277777777777 0.463609375 0.06546296296296311 0.025734375000000042
0 0.8731666666666666 0.46899479166666663 0.048212962962963006 0.029854166666666692
0 0.8754722222222221 0.505546875 0.05399999999999983 0.03382291666666663
0 0.9438333333333333 0.551796875 0.0647592592592591 0.0332760416666666
0 0.6840925925925926 0.6693385416666666 0.04821296296296285 0.0343697916666665
0 0.6379537037037036 0.6964218750000001 0.06109259259259261 0.0227291666666666
0 0.7278148148148148 0.7770989583333333 0.055305555555555545 0.027213541666666608
0 0.7994351851851851 0.7917187499999999 0.047268518518518474 0.037843749999999954
0 0.6136666666666666 0.8310520833333331 0.06334259259259262 0.034744791666666684
0 0.31679629629629624 0.6358958333333333 0.04104629629629631 0.029713541666666822
0 0.35341666666666666 0.6334114583333333 0.03325925925925921 0.021031250000000057
0 0.3492592592592592 0.6626510416666667 0.037351851851851865 0.03200520833333318
0 0.21926851851851853 0.6584583333333333 0.043944444444444425 0.033265624999999945
0 0.1824537037037037 0.6668802083333334 0.046851851851851874 0.038979166666666745
0 0.22302777777777777 0.702171875 0.06598148148148147 0.030130208333333287
0 0.2493611111111111 0.7220312499999999 0.05238888888888893 0.02010416666666668
0 0.26209259259259254 0.7391354166666667 0.05964814814814814 0.023880208333333285
0 0.4719907407407407 0.6594635416666667 0.03999074074074084 0.027109375000000036
0 0.4899444444444444 0.7196510416666666 0.06004629629629632 0.03613541666666666
0 0.4669166666666666 0.743625 0.058592592592592516 0.02855729166666663
0 0.4904722222222222 0.8657031249999999 0.05054629629629627 0.026104166666666727
0 0.21616666666666665 0.779015625 0.04170370370370375 0.033859375000000115
0 0.1895740740740741 0.8199062500000001 0.05054629629629633 0.031020833333333185
0 0.2390648148148148 0.829 0.04658333333333336 0.030645833333333528
0 0.20132407407407404 0.8474791666666667 0.04500000000000005 0.024552083333333384
0 0.29106481481481483 0.8627343749999999 0.05027777777777776 0.029072916666666872
0 0.2356388888888889 0.9013229166666665 0.057675925925925894 0.034994791666666816
0 0.17301851851851852 0.9071510416666666 0.02665740740740744 0.025119791666666558