0 0.4046875 0.1515625 0.4125 0.1546875 0.4234375 0.165625 0.428125 0.18125 0.4265625 0.196875 0.4109375 0.1984375 0.4015625 0.1953125 0.3953125 0.1875 0.3953125 0.1828125 0.3921875 0.18125 0.3921875 0.16875 0.3953125 0.1671875 0.3984375 0.15625 0.4046875 0.153125
0 0.3046875 0.90625 0.3125 0.90625 0.3140625 0.909375 0.31875 0.9109375 0.31875 0.9453125 0.3078125 0.9578125 0.296875 0.9578125 0.2859375 0.95 0.2859375 0.921875 0.2890625 0.9203125 0.2921875 0.9140625 0.3046875 0.9078125
0 0.303125 0.7640625 0.3140625 0.7625 0.3203125 0.765625 0.3421875 0.7890625 0.35 0.8046875 0.35 0.825 0.34375 0.8265625 0.3375 0.825 0.3265625 0.8125 0.3234375 0.8125 0.3078125 0.796875 0.3015625 0.784375 0.3015625 0.7671875 0.303125 0.765625
0 0.184375 0.85625 0.190625 0.859375 0.19375 0.8640625 0.19375 0.909375 0.1921875 0.9125 0.18125 0.915625 0.1703125 0.9125 0.1671875 0.9015625 0.1640625 0.9 0.1640625 0.871875 0.1671875 0.8703125 0.1703125 0.859375 0.175 0.85625 0.1828125 0.85625
0 0.5421875 0.6171875 0.54375 0.61875 0.54375 0.6609375 0.5421875 0.6671875 0.5390625 0.66875 0.5359375 0.675 0.525 0.675 0.5171875 0.665625 0.5171875 0.6328125 0.5203125 0.63125 0.528125 0.615625 0.5390625 0.6140625 0.540625 0.6171875
0 0.215625 0.9265625 0.234375 0.9359375 0.2421875 0.9453125 0.246875 0.9578125 0.246875 0.98125 0.2390625 0.9828125 0.2234375 0.9734375 0.215625 0.965625 0.2109375 0.9578125 0.2109375 0.9515625 0.2078125 0.95 0.2078125 0.940625 0.2109375 0.9390625 0.2109375 0.934375 0.215625 0.928125
0 0.24375 0.86875 0.25 0.875 0.253125 0.8921875 0.253125 0.925 0.246875 0.928125 0.2328125 0.925 0.2296875 0.9125 0.2265625 0.9109375 0.2265625 0.8875 0.2296875 0.8859375 0.2296875 0.8703125 0.2421875 0.86875
0 0.2671875 0.8515625 0.2765625 0.8515625 0.278125 0.8546875 0.284375 0.85625 0.29375 0.8640625 0.3015625 0.88125 0.3 0.909375 0.2890625 0.909375 0.2828125 0.9046875 0.2671875 0.8859375 0.265625 0.8734375 0.2625 0.871875 0.2625 0.8625 0.265625 0.8609375 0.2671875 0.853125
0 0.19375 0.95 0.2 0.9546875 0.203125 0.9640625 0.203125 0.984375 0.2 0.9921875 0.1921875 0.996875 0.18125 0.996875 0.1765625 0.99375 0.1765625 0.9890625 0.1734375 0.9875 0.1734375 0.971875 0.1765625 0.9703125 0.1765625 0.965625 0.18125 0.959375 0.19375 0.9515625
0 0.4765625 0.95 0.4828125 0.953125 0.4828125 0.9859375 0.4796875 0.9875 0.4765625 0.984375 0.475 0.9765625 0.4703125 0.9734375 0.46875 0.96875 0.4625 0.9625 0.459375 0.9625 0.465625 0.9515625 0.475 0.95
0 0.3359375 0.6859375 0.3453125 0.696875 0.35 0.709375 0.353125 0.7109375 0.3578125 0.728125 0.3578125 0.771875 0.353125 0.7734375 0.346875 0.7734375 0.346875 0.7703125 0.34375 0.76875 0.3375 0.7515625 0.3328125 0.7484375 0.3296875 0.7390625 0.3265625 0.7375 0.3234375 0.73125 0.321875 0.721875 0.31875 0.7203125 0.31875 0.69375 0.3265625 0.6859375 0.334375 0.6859375
0 0.2625 0.9515625 0.2671875 0.9484375 0.275 0.9515625 0.2765625 0.9578125 0.2796875 0.959375 0.284375 0.9796875 0.284375 0.996875 0.2828125 0.9984375 0.2546875 0.996875 0.2546875 0.984375 0.2578125 0.9828125 0.2546875 0.98125 0.2546875 0.9703125 0.2578125 0.96875 0.2625 0.953125