0 0.35625 0.071875 0.3609375 0.0765625 0.3671875 0.0890625 0.36875 0.1015625 0.3625 0.1125 0.3546875 0.1109375 0.3484375 0.1046875 0.3421875 0.090625 0.34375 0.071875 0.3453125 0.0703125 0.3546875 0.071875
0 0.4171875 0 0.43125 0 0.43125 0.0234375 0.425 0.0328125 0.4171875 0.03125 0.409375 0.0265625 0.4109375 0.0125 0.4171875 0.0015625
0 0.415625 0.03125 0.4296875 0.0375 0.4328125 0.04375 0.43125 0.0609375 0.425 0.0640625 0.409375 0.05 0.4015625 0.0484375 0.4 0.0453125 0.4015625 0.0328125 0.4046875 0.0296875 0.4140625 0.03125
0 0.478125 0.190625 0.48125 0.1953125 0.48125 0.2109375 0.478125 0.221875 0.4703125 0.2328125 0.45625 0.2453125 0.453125 0.2453125 0.4484375 0.240625 0.45 0.2109375 0.4546875 0.2 0.4625 0.1921875 0.4703125 0.1890625 0.4765625 0.190625
0 0.4109375 0.1265625 0.415625 0.1125 0.4234375 0.1046875 0.4265625 0.103125 0.4390625 0.1046875 0.4421875 0.1078125 0.44375 0.1171875 0.4421875 0.125 0.434375 0.1359375 0.425 0.1390625 0.4140625 0.1390625 0.4125 0.128125
0 0.3484375 0.1078125 0.3515625 0.1125 0.353125 0.125 0.353125 0.1546875 0.3484375 0.1609375 0.34375 0.1609375 0.340625 0.1578125 0.3375 0.1421875 0.3375 0.1203125 0.340625 0.1125 0.346875 0.1078125
0 0.3828125 0.08125 0.390625 0.0765625 0.4015625 0.0765625 0.4078125 0.084375 0.4078125 0.09375 0.4015625 0.1046875 0.3953125 0.1109375 0.3875 0.1125 0.3828125 0.1109375 0.375 0.1015625 0.3765625 0.0890625 0.3828125 0.0828125
0 0.4046875 0.05 0.409375 0.0515625 0.4203125 0.0625 0.425 0.071875 0.425 0.0859375 0.421875 0.0890625 0.4109375 0.0875 0.4 0.0734375 0.3984375 0.0546875 0.403125 0.05
0 0.3765625 0 0.3953125 0 0.39375 0.0234375 0.390625 0.03125 0.3859375 0.0359375 0.3796875 0.0359375 0.3765625 0.03125 0.3765625 0.0015625
0 0.2734375 0.2265625 0.2796875 0.23125 0.2859375 0.240625 0.284375 0.2609375 0.2765625 0.2640625 0.2625 0.2609375 0.2546875 0.2484375 0.25625 0.23125 0.2609375 0.2265625 0.271875 0.2265625
0 0.646875 0.478125 0.6546875 0.4890625 0.6578125 0.503125 0.6578125 0.5359375 0.6546875 0.5484375 0.646875 0.559375 0.64375 0.559375 0.6390625 0.5484375 0.634375 0.5234375 0.634375 0.490625 0.640625 0.4796875 0.6453125 0.478125
0 0.375 0.1046875 0.3875 0.115625 0.3953125 0.1265625 0.3953125 0.1484375 0.390625 0.1546875 0.3859375 0.1546875 0.3765625 0.1484375 0.36875 0.1359375 0.365625 0.125 0.365625 0.1125 0.3734375 0.1046875
0 0.3328125 0 0.3640625 0 0.3625 0.00625 0.353125 0.009375 0.334375 0.009375 0.3328125 0.0015625
0 0.246875 0.0375 0.2515625 0.0453125 0.2515625 0.0796875 0.25 0.084375 0.24375 0.090625 0.240625 0.090625 0.2359375 0.0859375 0.2328125 0.05 0.2375 0.0390625 0.2453125 0.0375