0 0.4078125 0.1515625 0.4203125 0.1640625 0.4265625 0.1875 0.425 0.19375 0.415625 0.1984375 0.4109375 0.1984375 0.403125 0.19375 0.396875 0.1859375 0.3953125 0.1796875 0.396875 0.1609375 0.4 0.1546875 0.40625 0.1515625
0 0.309375 0.9078125 0.315625 0.9125 0.3171875 0.9171875 0.3171875 0.934375 0.3125 0.946875 0.303125 0.9578125 0.2984375 0.9578125 0.2890625 0.9484375 0.2875 0.928125 0.2921875 0.915625 0.303125 0.9078125 0.3078125 0.9078125
0 0.3140625 0.7609375 0.3203125 0.7640625 0.33125 0.7765625 0.346875 0.803125 0.3484375 0.8203125 0.34375 0.8265625 0.3359375 0.8234375 0.3203125 0.8078125 0.309375 0.7953125 0.303125 0.7828125 0.303125 0.765625 0.3046875 0.7625 0.3125 0.7609375
0 0.18125 0.8546875 0.190625 0.8640625 0.1921875 0.8734375 0.1890625 0.9078125 0.18125 0.915625 0.171875 0.9109375 0.1671875 0.8984375 0.16875 0.8640625 0.175 0.8546875 0.1796875 0.8546875
0 0.5359375 0.6125 0.5390625 0.6171875 0.5421875 0.6359375 0.5375 0.665625 0.53125 0.675 0.525 0.6734375 0.521875 0.66875 0.51875 0.653125 0.51875 0.6375 0.5265625 0.615625 0.5296875 0.6125 0.534375 0.6125
0 0.2171875 0.9265625 0.23125 0.934375 0.2375 0.94375 0.2453125 0.965625 0.24375 0.98125 0.2390625 0.9828125 0.23125 0.978125 0.21875 0.9671875 0.2140625 0.959375 0.2109375 0.9484375 0.2109375 0.9390625 0.215625 0.928125
0 0.2421875 0.8671875 0.2484375 0.878125 0.2484375 0.8890625 0.2515625 0.9 0.2515625 0.91875 0.246875 0.928125 0.240625 0.928125 0.234375 0.9234375 0.2296875 0.909375 0.23125 0.86875 0.240625 0.8671875
0 0.26875 0.8515625 0.2765625 0.8515625 0.2828125 0.8546875 0.29375 0.8671875 0.2984375 0.8796875 0.2984375 0.903125 0.2953125 0.909375 0.2890625 0.909375 0.2765625 0.896875 0.26875 0.884375 0.265625 0.8703125 0.265625 0.8609375 0.26875 0.853125
0 0.1890625 0.9734375 0.02578125 0.046875
0 0.478125 0.95 0.48125 0.9578125 0.4796875 0.9875 0.4765625 0.9859375 0.46875 0.9671875 0.4625 0.9609375 0.4671875 0.95 0.4703125 0.9484375 0.4765625 0.95
0 0.334375 0.684375 0.3390625 0.6890625 0.3515625 0.71875 0.35625 0.75 0.35625 0.765625 0.353125 0.7734375 0.346875 0.7734375 0.34375 0.7703125 0.321875 0.71875 0.3203125 0.70625 0.321875 0.6921875 0.328125 0.684375 0.3328125 0.684375
0 0.271875 0.9484375 0.2796875 0.96875 0.2828125 0.9984375 0.259375 0.9984375 0.2578125 0.9953125 0.259375 0.9625 0.2640625 0.95 0.2671875 0.946875 0.2703125 0.9484375