0 0.3625 0.075 0.365625 0.0828125 0.371875 0.0890625 0.371875 0.10625 0.36875 0.1109375 0.3625 0.1125 0.3546875 0.1109375 0.3484375 0.10625 0.3453125 0.1 0.340625 0.096875 0.3390625 0.090625 0.3390625 0.075 0.3421875 0.0703125 0.353125 0.0703125 0.3609375 0.075
0 0.4171875 0 0.434375 0 0.434375 0.0296875 0.428125 0.0296875 0.425 0.0328125 0.4046875 0.028125 0.4078125 0.0140625 0.4171875 0.0015625
0 0.4015625 0.0296875 0.4125 0.0296875 0.4140625 0.0328125 0.425 0.034375 0.4359375 0.0390625 0.4359375 0.0625 0.425 0.0640625 0.409375 0.0515625 0.396875 0.05 0.396875 0.034375 0.4015625 0.03125
0 0.478125 0.1890625 0.4828125 0.190625 0.4859375 0.1953125 0.4859375 0.2109375 0.4828125 0.221875 0.478125 0.225 0.4734375 0.2328125 0.45625 0.2453125 0.44375 0.240625 0.44375 0.215625 0.446875 0.2140625 0.45 0.203125 0.4578125 0.1953125 0.465625 0.190625 0.4765625 0.1890625
0 0.4453125 0.1046875 0.446875 0.10625 0.4453125 0.13125 0.4390625 0.1359375 0.4265625 0.1390625 0.4078125 0.1375 0.4078125 0.11875 0.4109375 0.1171875 0.4125 0.1125 0.4234375 0.1046875 0.428125 0.103125 0.44375 0.1046875
0 0.353125 0.1078125 0.35625 0.109375 0.35625 0.159375 0.3484375 0.1609375 0.34375 0.1609375 0.3390625 0.1578125 0.3390625 0.153125 0.3359375 0.1515625 0.3359375 0.14375 0.3328125 0.1421875 0.3328125 0.1203125 0.3359375 0.11875 0.3390625 0.1125 0.346875 0.1078125 0.3515625 0.1078125
0 0.4078125 0.078125 0.4125 0.084375 0.4125 0.09375 0.409375 0.1 0.4 0.109375 0.390625 0.1125 0.38125 0.1109375 0.3703125 0.1015625 0.3734375 0.0984375 0.3734375 0.0890625 0.38125 0.08125 0.390625 0.0765625 0.40625 0.078125
0 0.409375 0.0515625 0.41875 0.0609375 0.4234375 0.0625 0.4296875 0.071875 0.4296875 0.0859375 0.4265625 0.0890625 0.4109375 0.0875 0.396875 0.0734375 0.396875 0.06875 0.39375 0.0671875 0.39375 0.0546875 0.3984375 0.05 0.4078125 0.0515625
0 0.371875 0 0.3984375 0 0.3984375 0.0296875 0.3859375 0.0359375 0.371875 0.0328125 0.371875 0.0015625
0 0.259375 0.2265625 0.2765625 0.2265625 0.2890625 0.2375 0.2890625 0.2625 0.2765625 0.2640625 0.2609375 0.2625 0.25 0.25 0.25 0.2390625 0.253125 0.2375 0.253125 0.2328125 0.259375 0.228125
0 0.6390625 0.4796875 0.6484375 0.478125 0.653125 0.48125 0.65625 0.4875 0.659375 0.4890625 0.6625 0.503125 0.6609375 0.54375 0.653125 0.55625 0.64375 0.559375 0.6375 0.5484375 0.6375 0.5421875 0.634375 0.540625 0.6328125 0.525 0.6296875 0.5234375 0.6296875 0.490625 0.6390625 0.48125
0 0.3703125 0.1046875 0.375 0.1046875 0.38125 0.1125 0.3890625 0.115625 0.4 0.128125 0.3984375 0.153125 0.3859375 0.1546875 0.3765625 0.15 0.3671875 0.140625 0.3640625 0.128125 0.3609375 0.1265625 0.3609375 0.1140625 0.3703125 0.10625
0 0.328125 0 0.3671875 0 0.3671875 0.00625 0.353125 0.009375 0.334375 0.009375 0.33125 0.0078125 0.33125 0.003125 0.328125 0.0015625
0 0.240625 0.0375 0.2515625 0.0375 0.2546875 0.040625 0.2546875 0.0875 0.240625 0.090625 0.234375 0.0875 0.234375 0.08125 0.23125 0.0796875 0.23125 0.0671875 0.228125 0.065625 0.228125 0.0515625 0.23125 0.05 0.2359375 0.040625 0.240625 0.0390625