0 0.4359375 0 0.44375 0 0.45 0.0046875 0.4578125 0.0140625 0.4609375 0.0234375 0.4609375 0.04375 0.4578125 0.0484375 0.4515625 0.046875 0.4453125 0.0359375 0.44375 0.0234375 0.434375 0.009375 0.4359375 0.0015625
0 0.3375 0.1765625 0.3421875 0.1765625 0.3453125 0.18125 0.3484375 0.203125 0.346875 0.2296875 0.34375 0.2328125 0.3375 0.2328125 0.334375 0.228125 0.33125 0.2109375 0.33125 0.1921875 0.3375 0.178125
0 0.428125 0.0109375 0.434375 0.0125 0.440625 0.01875 0.44375 0.0296875 0.4421875 0.0359375 0.434375 0.0421875 0.428125 0.0421875 0.4265625 0.0375 0.4140625 0.028125 0.415625 0.0125 0.4265625 0.0109375
0 0.4703125 0.265625 0.478125 0.2703125 0.48125 0.2828125 0.478125 0.2984375 0.465625 0.315625 0.4578125 0.3234375 0.4484375 0.3234375 0.4453125 0.3171875 0.4453125 0.2953125 0.4546875 0.275 0.4625 0.26875 0.46875 0.2671875
0 0.396875 0.115625 0.4046875 0.1171875 0.4140625 0.125 0.421875 0.1390625 0.4203125 0.1546875 0.4171875 0.1578125 0.409375 0.15625 0.4015625 0.1484375 0.39375 0.1328125 0.39375 0.1234375 0.396875 0.1171875
0 0.38125 0 0.403125 0 0.4015625 0.0140625 0.396875 0.0234375 0.378125 0.0140625 0.378125 0.0078125 0.38125 0.0015625
0 0.41796875 0.075 0.025 0.04140625
0 0.3375 0.1359375 0.3484375 0.1375 0.35625 0.1453125 0.3625 0.1578125 0.3609375 0.178125 0.35625 0.1828125 0.3484375 0.1796875 0.3421875 0.1734375 0.3359375 0.159375 0.3359375 0.1390625 0.3375 0.1375
0 0.35 0.0359375 0.3546875 0.0375 0.359375 0.04375 0.359375 0.0609375 0.34375 0.06875 0.334375 0.06875 0.328125 0.0640625 0.3265625 0.046875 0.3328125 0.0390625 0.340625 0.0359375 0.3484375 0.0359375
0 0.415625 0 0.434375 0 0.434375 0.00625 0.43125 0.0109375 0.41875 0.009375 0.415625 0.00625 0.415625 0.0015625
0 0.265625 0.30625 0.275 0.3140625 0.2796875 0.325 0.278125 0.3375 0.271875 0.34375 0.2671875 0.3453125 0.259375 0.34375 0.25 0.334375 0.246875 0.3265625 0.2484375 0.3109375 0.2578125 0.3046875 0.2640625 0.30625
0 0.428125 0.171875 0.4390625 0.1765625 0.440625 0.19375 0.4359375 0.203125 0.425 0.2109375 0.409375 0.2109375 0.4078125 0.1921875 0.4140625 0.1796875 0.41875 0.175 0.4265625 0.171875
0 0.5078125 0 0.5234375 0 0.5234375 0.0234375 0.51875 0.03125 0.509375 0.021875 0.5078125 0.0015625
0 0.3890625 0.01875 0.396875 0.0265625 0.396875 0.0359375 0.390625 0.046875 0.378125 0.0484375 0.371875 0.0484375 0.3703125 0.028125 0.378125 0.0171875 0.3875 0.01875
0 0.3234375 0 0.3421875 0 0.33125 0.01875 0.325 0.015625 0.3234375 0.0015625
0 0.396875 0.0953125 0.4046875 0.0921875 0.415625 0.0953125 0.425 0.1 0.4296875 0.1078125 0.4296875 0.1234375 0.425 0.1296875 0.4203125 0.1296875 0.403125 0.1140625 0.396875 0.1125 0.3953125 0.109375 0.396875 0.096875
0 0.6484375 0.6109375 0.0265625 0.08359375
0 0.3953125 0.14375 0.4046875 0.1515625 0.4046875 0.1609375 0.3984375 0.1734375 0.3859375 0.184375 0.3796875 0.1828125 0.371875 0.1734375 0.371875 0.159375 0.378125 0.15 0.3890625 0.14375 0.39375 0.14375
0 0.3421875 0 0.365625 0 0.3671875 0.0015625 0.365625 0.015625 0.3578125 0.0234375 0.3421875 0.03125 0.3390625 0.0296875 0.3359375 0.021875 0.3359375 0.0140625 0.3421875 0.0015625
0 0.38125 0.0734375 0.0234375 0.053125
0 0.2203125 0.109375 0.2265625 0.115625 0.228125 0.140625 0.225 0.1578125 0.2171875 0.1703125 0.2109375 0.165625 0.2078125 0.153125 0.2078125 0.1421875 0.2125 0.1125 0.21875 0.109375
0 0.421875 0.0359375 0.4265625 0.04375 0.425 0.053125 0.41875 0.0546875 0.4078125 0.0671875 0.4015625 0.0671875 0.39375 0.059375 0.3921875 0.0453125 0.3984375 0.0375 0.4078125 0.0328125 0.41875 0.0328125 0.4203125 0.0359375
0 0.3640625 0.175 0.371875 0.175 0.3875 0.190625 0.3921875 0.2015625 0.390625 0.221875 0.384375 0.2265625 0.375 0.2234375 0.3640625 0.209375 0.3609375 0.1984375 0.3609375 0.18125 0.3640625 0.1765625