0 0.503125 0.340625 0.02578125 0.090625
0 0.38125 0.3265625 0.034375 0.06640625
0 0.3265625 0.39921875 0.03984375 0.07890625
0 0.4046875 0.51328125 0.05234375 0.040625
0 0.42109375 0.571875 0.0515625 0.046875
0 0.2359375 0.390625 0.034375 0.06953125
0 0.29453125 0.39296875 0.0515625 0.04140625
0 0.2984375 0.12890625 0.05 0.053125
0 0.34765625 0.31640625 0.0234375 0.103125
0 0.29453125 0.5328125 0.0421875 0.10390625
0 0.23125 0.12734375 0.04375 0.03203125
0 0.2515625 0.42109375 0.04609375 0.0640625
0 0.2 0.44296875 0.021875 0.0890625
0 0.3546875 0.10234375 0.03359375 0.05703125
0 0.2921875 0.25078125 0.02265625 0.090625
0 0.3125 0.26328125 0.021875 0.09296875
0 0.36328125 0.29296875 0.0234375 0.075
0 0.271875 0.203125 0.03203125 0.05390625
0 0.33046875 0.275 0.01875 0.09140625
0 0.2796875 0.0953125 0.0484375 0.034375
0 0.20078125 0.2640625 0.0265625 0.075
0 0.28671875 0.3359375 0.046875 0.071875
0 0.48125 0.42578125 0.0671875 0.0515625
0 0.528125 0.01796875 0.01953125 0.0359375
0 0.3140625 0.340625 0.02734375 0.075
0 0.3234375 0.0921875 0.04453125 0.03203125
0 0.2640625 0.25234375 0.04296875 0.040625
0 0.2359375 0.315625 0.02109375 0.09453125
0 0.21875 0.3390625 0.01953125 0.078125
0 0.4796875 0.8953125 0.05390625 0.0484375
0 0.559375 0.56484375 0.05 0.06796875
0 0.20390625 0.20703125 0.01953125 0.071875