0 0.503125 0.2453125 0.02265625 0.08203125
0 0.42421875 0.46015625 0.0484375 0.04609375
0 0.3 0.42421875 0.0390625 0.1015625
0 0.30859375 0.0515625 0.046875 0.05
0 0.209375 0.340625 0.01953125 0.084375
0 0.4828125 0.32265625 0.06328125 0.0515625
0 0.4078125 0.40390625 0.0484375 0.0390625
0 0.36171875 0.028125 0.0296875 0.0515625
0 0.48203125 0.77734375 0.05 0.04609375
0 0.3859375 0.23046875 0.03125 0.0609375
0 0.3015625 0.1609375 0.01953125 0.08046875
0 0.36875 0.19921875 0.02109375 0.07109375
0 0.353125 0.221875 0.0203125 0.09453125
0 0.2453125 0.290625 0.03359375 0.07109375
0 0.29140625 0.24375 0.0453125 0.06796875
0 0.3203125 0.17265625 0.01953125 0.084375
0 0.2421875 0.05234375 0.04140625 0.02890625
0 0.28125 0.1203125 0.02890625 0.0515625
0 0.2578125 0.3203125 0.04375 0.0625
0 0.22890625 0.24453125 0.0171875 0.071875
0 0.246875 0.22109375 0.01953125 0.09140625
0 0.2125 0.17578125 0.02265625 0.07109375
0 0.3375 0.184375 0.01640625 0.084375
0 0.5578125 0.453125 0.04765625 0.065625
0 0.3328125 0.01953125 0.04296875 0.03046875
0 0.36328125 0.909375 0.0578125 0.04296875
0 0.321875 0.24296875 0.02421875 0.06953125
0 0.27421875 0.16171875 0.0390625 0.034375
0 0.26171875 0.2125 0.0203125 0.08359375
0 0.3328125 0.296875 0.0375 0.075
0 0.290625 0.021875 0.04453125 0.03046875
0 0.2171875 0.12578125 0.01796875 0.065625
0 0.30390625 0.2921875 0.0515625 0.0359375
0 0.28125 0.19453125 0.02578125 0.046875