0 0.41875 0.14765625 0.04296875 0.03203125
0 0.48515625 0.08828125 0.0546875 0.04296875
0 0.50625 0.0296875 0.0203125 0.059375
0 0.39765625 0.02109375 0.0265625 0.04140625
0 0.4328125 0.196875 0.04296875 0.0375
0 0.26953125 0.0640625 0.0296875 0.05546875
0 0.35 0.06796875 0.03359375 0.0609375
0 0.31953125 0.1671875 0.0359375 0.0875
0 0.240625 0.10546875 0.01796875 0.06640625
0 0.48515625 0.46796875 0.05 0.046875
0 0.32265625 0.0640625 0.040625 0.0359375
0 0.36796875 0.02265625 0.0203125 0.0453125
0 0.284375 0.08671875 0.040625 0.05390625
0 0.553125 0.19609375 0.04140625 0.05546875
0 0.371875 0.59140625 0.0578125 0.046875
0 0.2578125 0.03203125 0.01484375 0.05859375
0 0.271875 0.02265625 0.015625 0.0453125
0 0.2875 0.01875 0.01640625 0.0375
0 0.34140625 0.0265625 0.025 0.05
0 0.3140625 0.02734375 0.04453125 0.0515625