0 0.1578125 0.91875 0.01953125 0.090625
0 0.3203125 0.8 0.03671875 0.0890625
0 0.22890625 0.778125 0.0546875 0.0390625
0 0.2296875 0.928125 0.03125 0.065625
0 0.225 0.97734375 0.046875 0.04296875
0 0.2796875 0.7828125 0.05078125 0.04296875
0 0.2546875 0.8296875 0.0546875 0.059375
0 0.1765625 0.80859375 0.04765625 0.05546875
0 0.53359375 0.64140625 0.02578125 0.08203125
0 0.26328125 0.078125 0.03125 0.06328125
0 0.2484375 0.16328125 0.04921875 0.0890625
0 0.2546875 0.96875 0.02109375 0.0625
0 0.15625 0.9765625 0.02890625 0.046875
0 0.275 0.978125 0.01796875 0.04296875
0 0.3 0.990625 0.01640625 0.01796875