0 0.209375 0.959375 0.0328125 0.071875
0 0.340625 0.871875 0.02734375 0.0890625
0 0.3609375 0.9109375 0.03359375 0.06640625
0 0.3234375 0.9 0.028125 0.1109375
0 0.2359375 0.59609375 0.05390625 0.0390625
0 0.28984375 0.921875 0.025 0.07890625
0 0.2609375 0.6453125 0.05703125 0.0625
0 0.4984375 0.92578125 0.02734375 0.1015625
0 0.25625 0.91953125 0.0515625 0.071875
0 0.1609375 0.815625 0.0328125 0.078125
0 0.2859375 0.59765625 0.05234375 0.040625
0 0.228125 0.8078125 0.04765625 0.0625
0 0.2828125 0.83125 0.0265625 0.10390625
0 0.303125 0.84921875 0.01953125 0.09609375
0 0.1609375 0.7421875 0.021875 0.09296875
0 0.234375 0.74921875 0.03359375 0.065625
0 0.1828125 0.63203125 0.05078125 0.05
0 0.259375 0.81171875 0.02578125 0.1125
0 0.271875 0.978125 0.05703125 0.0390625
0 0.203125 0.8765625 0.02265625 0.10859375
0 0.32421875 0.6125 0.040625 0.0890625
0 0.21875 0.87109375 0.02578125 0.09140625
0 0.2421875 0.85703125 0.0359375 0.0609375
0 0.2625 0.04140625 0.0515625 0.0828125
0 0.53359375 0.46953125 0.02734375 0.078125
0 0.1859375 0.89609375 0.01953125 0.08828125
0 0.17421875 0.98359375 0.01875 0.0328125
0 0.2359375 0.99140625 0.0234375 0.01640625
0 0.309375 0.9765625 0.02734375 0.046875