0 0.228125 0.178125 0.01953125 0.07109375
0 0.3453125 0.13828125 0.03359375 0.065625
0 0.39375 0.08125 0.02734375 0.05703125
0 0.4140625 0.22734375 0.04609375 0.034375
0 0.3125 0.24609375 0.0375 0.09140625
0 0.503125 0.09296875 0.02109375 0.06953125
0 0.4859375 0.159375 0.05703125 0.04609375
0 0.3640625 0.07109375 0.01953125 0.08046875
0 0.378125 0.05390625 0.01875 0.0609375
0 0.3484375 0.040625 0.01640625 0.0734375
0 0.2625 0.13359375 0.03125 0.0609375
0 0.24765625 0.0953125 0.015625 0.0625
0 0.315625 0.028125 0.01875 0.05546875
0 0.27890625 0.06640625 0.01875 0.071875
0 0.2765625 0.15625 0.040625 0.05703125
0 0.3140625 0.134375 0.04609375 0.0390625
0 0.4296875 0.27734375 0.0453125 0.040625
0 0.2328125 0.0359375 0.02109375 0.0609375
0 0.334375 0.034375 0.01640625 0.06640625
0 0.334375 0.08984375 0.021875 0.059375
0 0.2640625 0.071875 0.0171875 0.075
0 0.484375 0.565625 0.04921875 0.0484375
0 0.55390625 0.27421875 0.04375 0.059375
0 0.2921875 0.0234375 0.03671875 0.03359375
0 0.3078125 0.090625 0.04296875 0.0609375
0 0.3671875 0.696875 0.05859375 0.04609375
0 0.2375 0.0125 0.01640625 0.025
0 0.29921875 0.05234375 0.02421875 0.03671875