0 0.23125 0.83515625 0.03359375 0.06796875
0 0.23125 0.6828125 0.05390625 0.0375
0 0.25703125 0.734375 0.05625 0.05859375
0 0.32265625 0.703125 0.0390625 0.090625
0 0.28359375 0.68671875 0.0515625 0.040625
0 0.1578125 0.89765625 0.03203125 0.0734375
0 0.28125 0.92109375 0.02578125 0.103125
0 0.1796875 0.715625 0.04765625 0.053125
0 0.2265625 0.8953125 0.04765625 0.059375
0 0.3203125 0.9640625 0.02265625 0.06953125
0 0.25625 0.9 0.02578125 0.1109375
0 0.1578125 0.82578125 0.01953125 0.0875
0 0.20234375 0.953125 0.0203125 0.09296875
0 0.30078125 0.9359375 0.01875 0.09453125
0 0.33828125 0.940625 0.021875 0.04765625
0 0.4953125 0.98203125 0.01796875 0.0359375
0 0.534375 0.546875 0.02734375 0.0875
0 0.23984375 0.946875 0.03125 0.0453125
0 0.2171875 0.9578125 0.02421875 0.06484375
0 0.2609375 0.984375 0.03359375 0.03046875
0 0.28828125 0.984375 0.01875 0.03046875
0 0.1828125 0.96953125 0.02109375 0.0609375
0 0.25625 0.09921875 0.04765625 0.09296875
0 0.275 0.0265625 0.02578125 0.053125