0 0.31171875 0.7109375 0.04375 0.08359375
0 0.18125 0.75078125 0.02734375 0.09296875
0 0.5015625 0.64609375 0.03125 0.103125
0 0.33828125 0.353125 0.0421875 0.075
0 0.20234375 0.378125 0.053125 0.04140625
0 0.28125 0.85625 0.04453125 0.10390625
0 0.1734375 0.546875 0.03515625 0.08046875
0 0.278125 0.70390625 0.05703125 0.04453125
0 0.41484375 0.89921875 0.0578125 0.0484375
0 0.2765625 0.384375 0.059375 0.05859375
0 0.296875 0.6421875 0.0296875 0.084375
0 0.3328125 0.62109375 0.03046875 0.11640625
0 0.3484375 0.59140625 0.03046875 0.09140625
0 0.2546875 0.340625 0.05703125 0.0390625
0 0.5578125 0.8859375 0.05859375 0.06953125
0 0.1765625 0.47734375 0.02578125 0.08203125
0 0.234375 0.7328125 0.05234375 0.0625
0 0.2640625 0.6421875 0.05234375 0.0765625
0 0.2921875 0.55078125 0.02890625 0.10703125
0 0.240625 0.534375 0.05 0.0515625
0 0.2140625 0.60703125 0.02734375 0.10859375
0 0.271875 0.5359375 0.02890625 0.10859375
0 0.47890625 0.740625 0.0765625 0.059375
0 0.2484375 0.478125 0.03984375 0.065625
0 0.36875 0.63203125 0.040625 0.071875
0 0.31328125 0.56875 0.025 0.1015625
0 0.2171875 0.69140625 0.040625 0.075
0 0.396875 0.8390625 0.059375 0.0390625
0 0.30234375 0.33984375 0.053125 0.0375
0 0.196875 0.63203125 0.02578125 0.09140625
0 0.2296875 0.596875 0.028125 0.09609375
0 0.53125 0.22734375 0.0265625 0.06796875
0 0.2515625 0.58359375 0.03671875 0.05703125