0 0.309375 0.21015625 0.04375 0.040625
0 0.4109375 0.31328125 0.0484375 0.0375
0 0.4265625 0.365625 0.04765625 0.04296875
0 0.503125 0.16640625 0.02109375 0.075
0 0.4828125 0.23828125 0.06015625 0.0484375
0 0.390625 0.153125 0.03046875 0.05859375
0 0.21875 0.25859375 0.01953125 0.075
0 0.3265625 0.10234375 0.01875 0.07890625
0 0.2890625 0.05234375 0.028125 0.04609375
0 0.34296875 0.109375 0.015625 0.07890625
0 0.2640625 0.23828125 0.04140625 0.05703125
0 0.30703125 0.33359375 0.0390625 0.096875
0 0.3578125 0.14140625 0.01953125 0.0890625
0 0.3734375 0.125 0.01875 0.06640625
0 0.221875 0.1046875 0.021875 0.065625
0 0.309375 0.0890625 0.01953125 0.071875
0 0.30234375 0.16328125 0.0421875 0.065625
0 0.4828125 0.671875 0.053125 0.046875
0 0.328125 0.16484375 0.02421875 0.06796875
0 0.25390625 0.209375 0.0328125 0.0640625
0 0.3375 0.21640625 0.03515625 0.06953125
0 0.2375 0.16640625 0.01640625 0.06640625
0 0.2828125 0.08984375 0.0390625 0.03203125
0 0.5546875 0.3625 0.04453125 0.0640625
0 0.2703125 0.1359375 0.0203125 0.078125
0 0.25625 0.14296875 0.01953125 0.08359375
0 0.2265625 0.05859375 0.01875 0.05859375
0 0.290625 0.12421875 0.02734375 0.040625
0 0.36875 0.8078125 0.06015625 0.03984375