0 0.2296875 0.44765625 0.04453125 0.06796875
0 0.496875 0.64140625 0.0296875 0.08046875
0 0.265625 0.95859375 0.04375 0.046875
0 0.2140625 0.95546875 0.0265625 0.071875
0 0.27109375 0.42578125 0.059375 0.09765625
0 0.36484375 0.5234375 0.0265625 0.11484375
0 0.32109375 0.665625 0.0703125 0.0421875
0 0.2671875 0.753125 0.046875 0.053125
0 0.28515625 0.8640625 0.0609375 0.06953125
0 0.35078125 0.9140625 0.02734375 0.08515625
0 0.178125 0.83515625 0.05546875 0.05
0 0.50859375 0.85078125 0.07109375 0.059375
0 0.61015625 0.88671875 0.05703125 0.0703125
0 0.4828125 0.878125 0.06796875 0.0578125
0 0.48125 0.93671875 0.03359375 0.0953125