0 0.459375 0.86953125 0.03046875 0.08046875
0 0.4875 0.84140625 0.04609375 0.04140625
0 0.26328125 0.76875 0.05 0.05390625
0 0.3375 0.8046875 0.03359375 0.065625
0 0.4328125 0.86953125 0.03046875 0.071875
0 0.3 0.915625 0.05078125 0.0625
0 0.328125 0.89296875 0.02734375 0.071875
0 0.5265625 0.86484375 0.02890625 0.07109375
0 0.3625 0.8015625 0.02578125 0.06953125
0 0.28828125 0.96875 0.046875 0.0515625
0 0.53046875 0.6578125 0.0296875 0.0625
0 0.31328125 0.821875 0.0390625 0.06796875
0 0.4046875 0.853125 0.028125 0.0625
0 0.40078125 0.490625 0.04375 0.065625
0 0.3953125 0.734375 0.02421875 0.09453125
0 0.353125 0.87265625 0.03203125 0.065625
0 0.45625 0.68203125 0.02421875 0.075
0 0.4421875 0.78203125 0.028125 0.06640625
0 0.3796875 0.878125 0.02421875 0.090625
0 0.46328125 0.33046875 0.034375 0.046875
0 0.2359375 0.734375 0.040625 0.04140625
0 0.28828125 0.85 0.040625 0.04140625
0 0.18828125 0.47109375 0.0265625 0.06953125
0 0.534375 0.578125 0.02578125 0.084375
0 0.32578125 0.415625 0.025 0.06640625
0 0.52890625 0.11953125 0.0234375 0.0609375
0 0.321875 0.734375 0.0578125 0.071875
0 0.26953125 0.04609375 0.0203125 0.04140625
0 0.434375 0.946875 0.01796875 0.0203125