0 0.26484375 0.73671875 0.05 0.0515625
0 0.434375 0.8375 0.0296875 0.071875
0 0.528125 0.83203125 0.028125 0.06953125
0 0.3640625 0.76875 0.02578125 0.06796875
0 0.353125 0.84375 0.03125 0.065625
0 0.2890625 0.8171875 0.03984375 0.04296875
0 0.4609375 0.83671875 0.0296875 0.07890625
0 0.3140625 0.790625 0.03984375 0.06640625
0 0.44296875 0.75078125 0.028125 0.06796875
0 0.53125 0.62734375 0.02890625 0.0625
0 0.3375 0.771875 0.03359375 0.065625
0 0.2875 0.9375 0.04609375 0.05
0 0.4046875 0.8234375 0.02734375 0.0609375
0 0.48828125 0.809375 0.046875 0.04296875
0 0.38046875 0.8453125 0.025 0.0875
0 0.3 0.88515625 0.05 0.0625
0 0.3265625 0.3875 0.02578125 0.06953125
0 0.4015625 0.46015625 0.04296875 0.065625
0 0.42890625 0.93359375 0.0296875 0.05
0 0.3953125 0.70390625 0.02265625 0.09453125
0 0.328125 0.8625 0.02734375 0.071875
0 0.4578125 0.6515625 0.02421875 0.078125
0 0.4640625 0.303125 0.03359375 0.0484375
0 0.190625 0.44296875 0.02734375 0.06640625
0 0.534375 0.54765625 0.0265625 0.0875
0 0.528125 0.09765625 0.02265625 0.05703125
0 0.2375 0.703125 0.04140625 0.04296875
0 0.3234375 0.7015625 0.059375 0.075
0 0.4015625 0.93671875 0.0234375 0.034375
0 0.271875 0.02734375 0.0203125 0.040625