0 0.55625 0.3734375 0.5609375 0.3765625 0.5671875 0.396875 0.565625 0.4125 0.5515625 0.409375 0.540625 0.3984375 0.540625 0.3765625 0.546875 0.3734375 0.5546875 0.3734375
0 0.509375 0.8875 0.5140625 0.9234375 0.5171875 0.934375 0.5203125 0.9375 0.521875 0.95625 0.5203125 0.9640625 0.5171875 0.965625 0.5125 0.965625 0.5109375 0.9578125 0.5046875 0.946875 0.5 0.9265625 0.5 0.9015625 0.5046875 0.8890625 0.5078125 0.8875
0 0.428125 0.5671875 0.4328125 0.5671875 0.434375 0.5703125 0.4484375 0.5765625 0.4578125 0.6015625 0.4578125 0.621875 0.4546875 0.6234375 0.4453125 0.6234375 0.428125 0.60625 0.421875 0.5921875 0.41875 0.590625 0.41875 0.5765625 0.428125 0.56875
0 0.4859375 0.975 0.4890625 0.9734375 0.490625 0.9625 0.496875 0.9515625 0.503125 0.95 0.509375 0.9609375 0.509375 0.984375 0.503125 0.9984375 0.4859375 0.9984375 0.4859375 0.9765625
0 0.4109375 0.659375 0.4140625 0.6578125 0.415625 0.6515625 0.4203125 0.6484375 0.425 0.6546875 0.428125 0.6671875 0.446875 0.68125 0.4453125 0.7046875 0.4390625 0.709375 0.425 0.70625 0.415625 0.6984375 0.4140625 0.69375 0.4140625 0.6828125 0.4109375 0.68125 0.4109375 0.6609375
0 0.4734375 0.89375 0.4796875 0.89375 0.490625 0.903125 0.496875 0.91875 0.496875 0.9484375 0.4921875 0.95 0.4828125 0.9484375 0.4734375 0.934375 0.4703125 0.9125 0.4671875 0.9109375 0.4671875 0.90625 0.4703125 0.9046875 0.4703125 0.8984375 0.4734375 0.8953125
0 0.325 0.8328125 0.328125 0.8359375 0.3421875 0.8390625 0.346875 0.8453125 0.346875 0.8609375 0.3375 0.871875 0.315625 0.8734375 0.3078125 0.8671875 0.3078125 0.8515625 0.3109375 0.85 0.3140625 0.8421875 0.3203125 0.8359375 0.325 0.834375
0 0.52734375 0.6984375 0.025 0.06640625
0 0.521875 0.85625 0.525 0.85625 0.5265625 0.859375 0.5265625 0.9359375 0.521875 0.9375 0.51875 0.9359375 0.515625 0.9296875 0.5125 0.9015625 0.509375 0.9 0.509375 0.8734375 0.5125 0.871875 0.5140625 0.8640625 0.521875 0.8578125
0 0.5109375 0.9828125 0.5234375 0.9828125 0.5296875 0.9890625 0.5296875 0.9984375 0.503125 0.9984375 0.503125 0.99375 0.5078125 0.990625 0.5109375 0.984375
0 0.371875 0.9 0.3765625 0.9046875 0.3765625 0.946875 0.371875 0.95 0.353125 0.9484375 0.353125 0.9421875 0.35625 0.940625 0.3640625 0.9140625 0.36875 0.909375 0.371875 0.9015625
0 0.3109375 0.9515625 0.31875 0.965625 0.3203125 0.9734375 0.3203125 0.99375 0.3171875 0.9984375 0.3015625 0.9984375 0.3 0.990625 0.296875 0.9890625 0.296875 0.959375 0.3 0.9578125 0.3 0.953125 0.303125 0.95 0.309375 0.9515625
0 0.3921875 0.9421875 0.39375 0.9546875 0.375 0.953125 0.384375 0.940625 0.390625 0.9421875
0 0.4078125 0.590625 0.415625 0.5953125 0.421875 0.603125 0.4234375 0.6203125 0.421875 0.6265625 0.4171875 0.6296875 0.409375 0.6296875 0.4015625 0.6234375 0.3921875 0.6078125 0.3921875 0.59375 0.3953125 0.590625 0.40625 0.590625
0 0.534375 0.921875 0.5390625 0.9203125 0.54375 0.9265625 0.54375 0.9625 0.540625 0.9796875 0.5359375 0.9859375 0.53125 0.984375 0.5265625 0.971875 0.5265625 0.95625 0.5234375 0.9546875 0.5234375 0.946875 0.5265625 0.9453125 0.534375 0.9234375
0 0.359375 0.865625 0.3625 0.865625 0.3671875 0.871875 0.3671875 0.9078125 0.3609375 0.9234375 0.3546875 0.9234375 0.35 0.9171875 0.35 0.9125 0.346875 0.9109375 0.346875 0.890625 0.35 0.8890625 0.353125 0.8765625 0.359375 0.8671875
0 0.346875 0.934375 0.3484375 0.95 0.340625 0.9640625 0.33125 0.96875 0.33125 0.965625 0.334375 0.9640625 0.3375 0.9421875 0.3453125 0.934375
0 0.3890625 0.8140625 0.4015625 0.8140625 0.403125 0.8171875 0.409375 0.81875 0.415625 0.825 0.4171875 0.8296875 0.415625 0.84375 0.409375 0.846875 0.396875 0.8453125 0.3796875 0.8328125 0.3796875 0.825 0.3890625 0.815625
0 0.40390625 0.940625 0.021875 0.03203125
0 0.48125 0.9546875 0.4859375 0.9609375 0.4859375 0.996875 0.484375 0.9984375 0.48125 0.9984375 0.4796875 0.990625 0.4765625 0.9890625 0.46875 0.96875 0.465625 0.9671875 0.465625 0.9625 0.4734375 0.9546875 0.4765625 0.953125 0.4796875 0.9546875
0 0.4359375 0.81875 0.44375 0.8265625 0.45 0.8421875 0.45 0.878125 0.446875 0.8796875 0.4421875 0.8796875 0.440625 0.875 0.4375 0.8734375 0.43125 0.859375 0.4296875 0.8421875 0.4265625 0.840625 0.4265625 0.8265625 0.434375 0.81875
0 0.4421875 0.95 0.44375 0.9578125 0.4421875 0.9609375 0.43125 0.9578125 0.43125 0.9546875 0.4359375 0.95 0.440625 0.95
0 0.4328125 0.9046875 0.4359375 0.903125 0.440625 0.890625 0.453125 0.8796875 0.4640625 0.878125 0.4671875 0.8875 0.4625 0.9046875 0.4578125 0.9109375 0.45 0.915625 0.4390625 0.91875 0.4328125 0.90625
0 0.3375 0.9671875 0.3453125 0.975 0.3453125 0.9859375 0.340625 0.9921875 0.3359375 0.99375 0.321875 0.9921875 0.321875 0.9859375 0.3265625 0.9828125 0.33125 0.9703125 0.3359375 0.9671875