0 0.55 0.6625 0.553125 0.675 0.553125 0.703125 0.546875 0.7234375 0.5390625 0.7296875 0.53125 0.7140625 0.5296875 0.7015625 0.53125 0.6859375 0.5390625 0.6640625 0.5484375 0.6625
0 0.3453125 0.603125 0.35 0.6046875 0.3546875 0.6125 0.3546875 0.621875 0.3484375 0.6421875 0.3421875 0.6484375 0.33125 0.653125 0.321875 0.6484375 0.3203125 0.64375 0.3234375 0.625 0.33125 0.6125 0.340625 0.6046875 0.34375 0.6046875
0 0.3859375 0.91875 0.390625 0.925 0.390625 0.9328125 0.3875 0.9390625 0.3859375 0.953125 0.3796875 0.9546875 0.365625 0.953125 0.3640625 0.9421875 0.371875 0.9265625 0.384375 0.91875
0 0.30625 0.9609375 0.3109375 0.9625 0.315625 0.975 0.3125 0.9984375 0.296875 0.9984375 0.3 0.971875 0.3046875 0.9625
0 0.46953125 0.55625 0.0296875 0.040625
0 0.421875 0.7796875 0.4265625 0.7875 0.4265625 0.8 0.41875 0.825 0.4109375 0.834375 0.4046875 0.834375 0.4 0.828125 0.4 0.8046875 0.40625 0.7875 0.415625 0.7796875 0.4203125 0.7796875
0 0.346875 0.4375 0.353125 0.4375 0.3578125 0.4421875 0.3640625 0.465625 0.3609375 0.4859375 0.3578125 0.4890625 0.3515625 0.4859375 0.346875 0.4765625 0.3453125 0.4671875 0.346875 0.4390625
0 0.4203125 0.6671875 0.4234375 0.6703125 0.4234375 0.6859375 0.4125 0.70625 0.40625 0.7109375 0.3953125 0.709375 0.3953125 0.69375 0.4046875 0.675 0.4140625 0.6671875 0.41875 0.6671875
0 0.24609375 0.646875 0.0171875 0.06640625
0 0.484375 0.6734375 0.4890625 0.675 0.490625 0.6796875 0.490625 0.6984375 0.484375 0.7109375 0.46875 0.721875 0.4625 0.71875 0.4578125 0.7109375 0.459375 0.7015625 0.4625 0.6984375 0.4671875 0.684375 0.475 0.6765625 0.4828125 0.675
0 0.36640625 0.66640625 0.021875 0.071875
0 0.1953125 0.928125 0.19375 0.9140625 0.196875 0.9078125 0.2078125 0.9 0.2171875 0.9015625 0.2296875 0.9328125 0.2296875 0.95 0.2265625 0.9578125 0.2234375 0.959375 0.2078125 0.93125 0.196875 0.928125
0 0.434375 0.8265625 0.028125 0.0609375
0 0.3328125 0.8421875 0.3359375 0.8453125 0.3359375 0.8609375 0.3296875 0.8734375 0.31875 0.8859375 0.3078125 0.884375 0.30625 0.88125 0.3078125 0.8640625 0.31875 0.85 0.33125 0.8421875
0 0.325 0.90625 0.334375 0.9140625 0.340625 0.925 0.3421875 0.9390625 0.3390625 0.9421875 0.3328125 0.9421875 0.3171875 0.9359375 0.3078125 0.9265625 0.3046875 0.9203125 0.3046875 0.9125 0.3078125 0.909375 0.3234375 0.90625
0 0.184375 0.48203125 0.02265625 0.0359375
0 0.303125 0.41875 0.3078125 0.425 0.3109375 0.440625 0.3109375 0.4625 0.30625 0.478125 0.3 0.48125 0.296875 0.478125 0.29375 0.465625 0.29375 0.4375 0.296875 0.425 0.3015625 0.4203125
0 0.1609375 0.7625 0.165625 0.7671875 0.171875 0.784375 0.16875 0.81875 0.1640625 0.8296875 0.1609375 0.83125 0.1546875 0.8234375 0.1515625 0.796875 0.1515625 0.775 0.15625 0.7640625 0.159375 0.7625
0 0.3546875 0.4 0.35625 0.409375 0.3515625 0.4234375 0.33125 0.4453125 0.3265625 0.4453125 0.321875 0.4421875 0.31875 0.4359375 0.31875 0.425 0.3265625 0.4140625 0.340625 0.403125 0.3453125 0.4 0.353125 0.4
0 0.3765625 0.8609375 0.02265625 0.06953125
0 0.3171875 0.953125 0.321875 0.95625 0.3296875 0.96875 0.334375 0.9703125 0.3359375 0.9734375 0.334375 0.98125 0.3296875 0.9859375 0.3203125 0.9859375 0.3125 0.9625 0.315625 0.9546875
0 0.4765625 0.803125 0.484375 0.8125 0.484375 0.8296875 0.4734375 0.84375 0.45625 0.853125 0.4515625 0.8453125 0.4515625 0.8375 0.45625 0.821875 0.459375 0.815625 0.4703125 0.8046875 0.475 0.803125
0 0.20625 0.44375 0.2125 0.45 0.2125 0.475 0.209375 0.4953125 0.203125 0.5046875 0.196875 0.50625 0.19375 0.5 0.19375 0.4734375 0.1984375 0.453125 0.2046875 0.4453125
0 0.3453125 0.8796875 0.3578125 0.8828125 0.3640625 0.8875 0.36875 0.8953125 0.3765625 0.896875 0.38125 0.9078125 0.3796875 0.91875 0.371875 0.925 0.3609375 0.9234375 0.3578125 0.9203125 0.3421875 0.896875 0.340625 0.8875 0.34375 0.88125
0 0.5328125 0.3984375 0.5390625 0.4015625 0.54375 0.4140625 0.54375 0.4296875 0.5390625 0.4484375 0.5328125 0.4546875 0.525 0.440625 0.5234375 0.421875 0.53125 0.4