0 0.3609375 0.428125 0.0484375 0.04921875
0 0.5390625 0.42109375 0.03984375 0.0421875
0 0.4203125 0.42265625 0.04296875 0.06015625
0 0.478125 0.3390625 0.05390625 0.0640625
0 0.41953125 0.1484375 0.0453125 0.03359375
0 0.36015625 0.16484375 0.0484375 0.040625
0 0.35625 0.38125 0.04140625 0.0546875
0 0.45 0.4765625 0.06640625 0.05859375
0 0.4171875 0.321875 0.05078125 0.05
0 0.54375 0.471875 0.03671875 0.05625
0 0.3765625 0.290625 0.0328125 0.05703125
0 0.52421875 0.06640625 0.03125 0.053125
0 0.446875 0.04921875 0.04296875 0.04609375
0 0.465625 0.271875 0.0328125 0.04453125
0 0.39921875 0.3109375 0.0453125 0.053125
0 0.46953125 0.4390625 0.0421875 0.05
0 0.38984375 0.228125 0.034375 0.0625
0 0.453125 0.1625 0.03515625 0.053125
0 0.484375 0.265625 0.03359375 0.05859375
0 0.3515625 0.31484375 0.04140625 0.0625
0 0.34609375 0.45390625 0.046875 0.04765625
0 0.44765625 0.26484375 0.0328125 0.06875
0 0.42265625 0.24609375 0.0296875 0.05859375
0 0.46328125 0.19921875 0.0421875 0.0375
0 0.490625 0.21796875 0.03984375 0.053125
0 0.42109375 0.3671875 0.053125 0.04375
0 0.39921875 0.2609375 0.0421875 0.075
0 0.3390625 0.27421875 0.034375 0.0796875
0 0.453125 0.01171875 0.04375 0.0234375
0 0.38359375 0.19453125 0.034375 0.05
0 0.4453125 0.4046875 0.0453125 0.0515625
0 0.503125 0.26484375 0.03359375 0.06015625
0 0.5359375 0.2515625 0.03046875 0.06171875
0 0.51875 0.28671875 0.04296875 0.04921875
0 0.5140625 0.2234375 0.03359375 0.06171875
0 0.3625 0.2578125 0.03671875 0.065625
0 0.48984375 0.309375 0.0375 0.0421875
0 0.42734375 0.01171875 0.0390625 0.0234375
0 0.32109375 0.38515625 0.0375 0.05703125
0 0.35 0.359375 0.359375 0.3625 0.3609375 0.3671875 0.365625 0.3703125 0.365625 0.3734375 0.3734375 0.3796875 0.3765625 0.3890625 0.375 0.40625 0.3734375 0.4078125 0.35625 0.4078125 0.3453125 0.396875 0.340625 0.3859375 0.3375 0.384375 0.3375 0.36875 0.340625 0.3671875 0.3421875 0.3625 0.3484375 0.3609375
0 0.3765625 0.415625 0.3828125 0.425 0.3828125 0.45 0.3578125 0.45 0.3375 0.4359375 0.3375 0.41875 0.3421875 0.4140625 0.35 0.4109375 0.3671875 0.4109375 0.375 0.415625
0 0.290625 0.4046875 0.296875 0.4046875 0.3109375 0.4171875 0.3125 0.4234375 0.315625 0.425 0.31875 0.4375 0.31875 0.459375 0.3171875 0.4625 0.3078125 0.4609375 0.30625 0.4546875 0.2984375 0.4453125 0.2953125 0.4328125 0.2890625 0.4265625 0.2796875 0.421875 0.28125 0.409375 0.290625 0.40625
0 0.3078125 0.3625 0.3109375 0.3609375 0.3234375 0.3625 0.3375 0.375 0.3390625 0.38125 0.3375 0.4109375 0.334375 0.4125 0.321875 0.4109375 0.3078125 0.3984375 0.30625 0.3859375 0.303125 0.384375 0.303125 0.371875 0.30625 0.3703125 0.3078125 0.3640625
0 0.52421875 0.20390625 0.03046875 0.06796875
0 0.509375 0.33046875 0.03671875 0.04921875
0 0.52734375 0.3625 0.03984375 0.075
0 0.40703125 0.48046875 0.03671875 0.07421875
0 0.3359375 0.48984375 0.03671875 0.04921875
0 0.32578125 0.30234375 0.02890625 0.0578125
0 0.446875 0.34296875 0.04296875 0.04140625
0 0.459375 0.30625 0.04921875 0.03671875
0 0.478125 0.38984375 0.0671875 0.04296875