0 0.41171875 0.52734375 0.0265625 0.0625
0 0.46484375 0.540625 0.028125 0.0765625
0 0.49140625 0.51640625 0.04375 0.04140625
0 0.4484375 0.459375 0.02734375 0.065625
0 0.5296875 0.353125 0.02578125 0.05546875
0 0.37265625 0.47734375 0.0234375 0.065625
0 0.296875 0.64453125 0.04609375 0.053125
0 0.52890625 0.53828125 0.0265625 0.06796875
0 0.3625 0.54609375 0.03046875 0.0640625
0 0.25390625 0.421875 0.0390625 0.04296875
0 0.33046875 0.7984375 0.028125 0.05
0 0.4078125 0.71484375 0.0421875 0.04296875
0 0.38828125 0.54921875 0.021875 0.090625
0 0.43984375 0.540625 0.028125 0.07109375
0 0.3484375 0.4796875 0.03046875 0.0625
0 0.34375 0.1515625 0.02265625 0.05859375
0 0.3109375 0.590625 0.04765625 0.059375
0 0.4109375 0.2109375 0.03828125 0.05546875
0 0.325 0.496875 0.03671875 0.0640625
0 0.403125 0.4171875 0.02265625 0.084375
0 0.334375 0.415625 0.05546875 0.06796875
0 0.4078125 0.65859375 0.02421875 0.078125
0 0.4859375 0.83984375 0.04765625 0.0515625
0 0.3375 0.56328125 0.025 0.06796875
0 0.16640625 0.77421875 0.0328125 0.059375
0 0.434375 0.6453125 0.0296875 0.0734375
0 0.53359375 0.2859375 0.025 0.075
0 0.4625 0.36953125 0.0234375 0.06953125
0 0.33046875 0.884375 0.0265625 0.06953125
0 0.3 0.5265625 0.03828125 0.04453125
0 0.27890625 0.4515625 0.0453125 0.046875
0 0.4671875 0.084375 0.028125 0.0390625
0 0.2171875 0.20234375 0.02421875 0.05703125