0 0.259375 0.96484375 0.04921875 0.0484375
0 0.23125 0.928125 0.0453125 0.04609375
0 0.39375 0.6875 0.04765625 0.06640625
0 0.315625 0.60703125 0.03125 0.075
0 0.39140625 0.9203125 0.0265625 0.07109375
0 0.52890625 0.85859375 0.0328125 0.0609375
0 0.1765625 0.659375 0.03125 0.07109375
0 0.3171875 0.934375 0.0609375 0.0765625
0 0.459375 0.5125 0.03671875 0.05
0 0.5328125 0.77734375 0.03125 0.090625
0 0.5296875 0.265625 0.02890625 0.06796875
0 0.25234375 0.17890625 0.0265625 0.046875
0 0.453125 0.88515625 0.02890625 0.0765625