0 0.675 0.521875 0.01953125 0.05390625
0 0.6640625 0.25625 0.66875 0.2625 0.6703125 0.2828125 0.675 0.290625 0.675 0.3046875 0.66875 0.309375 0.6640625 0.309375 0.6578125 0.3046875 0.6546875 0.2984375 0.653125 0.2859375 0.6546875 0.2640625 0.6625 0.25625
0 0.534375 0.1109375 0.540625 0.1125 0.553125 0.1078125 0.5578125 0.1078125 0.5609375 0.1109375 0.5609375 0.121875 0.5578125 0.1265625 0.5421875 0.1359375 0.53125 0.1359375 0.525 0.13125 0.5234375 0.1265625 0.525 0.1140625 0.5328125 0.1109375
0 0.48125 0.703125 0.4890625 0.7140625 0.49375 0.7375 0.49375 0.7734375 0.4875 0.7859375 0.48125 0.7859375 0.478125 0.775 0.48125 0.75 0.475 0.7078125 0.4796875 0.703125
0 0.1703125 0.575 0.18125 0.565625 0.1859375 0.565625 0.190625 0.571875 0.190625 0.5859375 0.1859375 0.5984375 0.1734375 0.6078125 0.1640625 0.6078125 0.1609375 0.603125 0.1625 0.5875 0.1703125 0.5765625
0 0.1828125 0.5359375 0.1859375 0.5375 0.1875 0.5421875 0.1859375 0.5609375 0.171875 0.5734375 0.1640625 0.5734375 0.1625 0.5625 0.1734375 0.5390625 0.18125 0.5359375
0 0.2421875 0.4125 0.246875 0.4140625 0.253125 0.4296875 0.25 0.4609375 0.246875 0.471875 0.2421875 0.4765625 0.2359375 0.471875 0.2328125 0.4609375 0.2328125 0.4484375 0.234375 0.434375 0.2421875 0.4140625
0 0.6671875 0.325 0.675 0.34375 0.678125 0.3765625 0.6765625 0.390625 0.671875 0.4015625 0.6671875 0.4015625 0.6625 0.396875 0.6578125 0.3734375 0.659375 0.371875 0.6578125 0.3359375 0.6609375 0.328125 0.665625 0.325
0 0.65625 0.9984375 0.6578125 0.9859375 0.6703125 0.965625 0.675 0.96875 0.6765625 0.9765625 0.675 0.9984375 0.6578125 0.9984375
0 0.15625 0.925 0.1640625 0.9375 0.16875 0.9578125 0.16875 0.984375 0.165625 0.9875 0.1609375 0.9859375 0.1578125 0.98125 0.15 0.9625 0.1484375 0.9375 0.15 0.9296875 0.1546875 0.925
0 0.240625 0.725 0.2515625 0.7234375 0.2640625 0.728125 0.2765625 0.7390625 0.278125 0.7453125 0.275 0.759375 0.26875 0.7625 0.2625 0.7625 0.2421875 0.7421875 0.2390625 0.7359375 0.240625 0.7265625
0 0.6640625 0.5328125 0.66875 0.5359375 0.6734375 0.5578125 0.66875 0.5828125 0.6609375 0.5953125 0.65625 0.59375 0.6546875 0.5859375 0.65625 0.559375 0.659375 0.54375 0.6640625 0.534375
0 0.6484375 0.3421875 0.6546875 0.346875 0.65625 0.3515625 0.6546875 0.3671875 0.6359375 0.365625 0.6265625 0.359375 0.6265625 0.35 0.63125 0.3421875 0.634375 0.340625 0.646875 0.3421875