0 0.490625 0.621875 0.04609375 0.04140625
0 0.4375 0.646875 0.03046875 0.071875
0 0.46328125 0.646875 0.0296875 0.08046875
0 0.4078125 0.6328125 0.02890625 0.065625
0 0.2734375 0.553125 0.04921875 0.05
0 0.44609375 0.5609375 0.0296875 0.06640625
0 0.3046875 0.6984375 0.05 0.05859375
0 0.52890625 0.64375 0.0296875 0.07109375
0 0.29375 0.753125 0.04765625 0.05
0 0.4078125 0.2953125 0.0421875 0.059375
0 0.484375 0.94921875 0.05078125 0.0484375
0 0.334375 0.671875 0.0296875 0.0765625
0 0.4046875 0.825 0.04609375 0.04453125
0 0.53125 0.44765625 0.02890625 0.059375
0 0.36875 0.58203125 0.0265625 0.06953125
0 0.35859375 0.65390625 0.0328125 0.06640625
0 0.384375 0.66171875 0.02421875 0.084375
0 0.3375 0.2328125 0.02578125 0.0625
0 0.4 0.51796875 0.02421875 0.0890625
0 0.34453125 0.584375 0.034375 0.065625
0 0.3203125 0.603125 0.03828125 0.06640625
0 0.328125 0.90546875 0.03046875 0.05
0 0.43125 0.75546875 0.03125 0.075
0 0.46640625 0.16015625 0.0328125 0.04296875
0 0.40546875 0.76953125 0.0265625 0.075
0 0.33046875 0.515625 0.0578125 0.06953125
0 0.4609375 0.46796875 0.02578125 0.071875
0 0.53359375 0.37578125 0.0265625 0.08203125
0 0.20703125 0.28515625 0.028125 0.065625
0 0.2953125 0.6328125 0.04140625 0.04296875
0 0.16328125 0.878125 0.0328125 0.0609375
0 0.246875 0.521875 0.04140625 0.04296875
0 0.32578125 0.97578125 0.01640625 0.03203125