0 0.2703125 0.74375 0.04921875 0.04609375
0 0.21796875 0.746875 0.034375 0.078125
0 0.29140625 0.64921875 0.0609375 0.05703125
0 0.1578125 0.934375 0.02578125 0.09140625
0 0.434375 0.81484375 0.04765625 0.084375
0 0.184375 0.628125 0.05859375 0.040625
0 0.3671875 0.92109375 0.0640625 0.04140625
0 0.3625 0.80390625 0.03046875 0.11640625
0 0.43203125 0.884375 0.0375 0.09453125
0 0.50703125 0.6328125 0.0640625 0.0515625
0 0.3546875 0.70546875 0.02421875 0.1
0 0.4828125 0.71875 0.02890625 0.1015625
0 0.2734375 0.53828125 0.04921875 0.0515625
0 0.6078125 0.67421875 0.05859375 0.065625
0 0.3578125 0.88125 0.06171875 0.0375
0 0.3296875 0.4546875 0.06640625 0.040625
0 0.3984375 0.8265625 0.0296875 0.10546875
0 0.321875 0.84609375 0.05390625 0.04140625
0 0.4984375 0.434375 0.034375 0.0734375
0 0.37265625 0.321875 0.028125 0.09453125
0 0.48515625 0.65546875 0.06875 0.05859375
0 0.54453125 0.93125 0.0390625 0.08203125
0 0.22890625 0.84296875 0.059375 0.065625
0 0.17734375 0.88359375 0.0359375 0.12421875
0 0.215625 0.8796875 0.046875 0.07109375
0 0.33515625 0.81171875 0.04140625 0.07265625
0 0.4703125 0.92578125 0.046875 0.08125
0 0.49453125 0.97265625 0.0484375 0.04765625
0 0.2859375 0.24140625 0.0640625 0.08671875
0 0.2453125 0.2671875 0.0546875 0.08046875