0 0.23125 0.9015625 0.04140625 0.04453125
0 0.26015625 0.9375 0.046875 0.046875
0 0.3171875 0.57890625 0.0265625 0.075
0 0.39140625 0.90546875 0.0234375 0.09453125
0 0.459375 0.48515625 0.03515625 0.0515625
0 0.4546875 0.85703125 0.02578125 0.078125
0 0.5296875 0.8296875 0.0296875 0.0625
0 0.4375 0.94140625 0.02578125 0.0390625
0 0.178125 0.6328125 0.02734375 0.07109375
0 0.3953125 0.659375 0.04453125 0.06640625
0 0.5328125 0.7484375 0.02890625 0.0890625
0 0.53046875 0.24453125 0.025 0.06640625
0 0.3171875 0.90546875 0.05859375 0.075
0 0.2546875 0.159375 0.02265625 0.046875
0 0.33046875 0.9609375 0.028125 0.04140625
0 0.30546875 0.978125 0.0328125 0.04296875