0 0.4125 0.49609375 0.02890625 0.0609375
0 0.465625 0.51171875 0.03046875 0.0765625
0 0.434375 0.61484375 0.0328125 0.0734375
0 0.4921875 0.4875 0.04765625 0.04140625
0 0.52890625 0.51015625 0.0296875 0.06796875
0 0.296875 0.615625 0.04765625 0.0515625
0 0.25546875 0.39453125 0.0421875 0.04140625
0 0.4078125 0.628125 0.0265625 0.078125
0 0.5296875 0.32734375 0.02890625 0.05390625
0 0.3125 0.56171875 0.05078125 0.05703125
0 0.440625 0.5125 0.0296875 0.06953125
0 0.36328125 0.5171875 0.034375 0.065625
0 0.3890625 0.51875 0.02578125 0.084375
0 0.4046875 0.390625 0.025 0.0859375
0 0.1671875 0.74609375 0.03671875 0.0609375
0 0.3734375 0.4484375 0.02578125 0.0640625
0 0.4125 0.18671875 0.040625 0.05390625
0 0.33125 0.76640625 0.03125 0.053125
0 0.28125 0.421875 0.04921875 0.046875
0 0.32734375 0.46953125 0.0390625 0.0640625
0 0.3015625 0.496875 0.04140625 0.04296875
0 0.34609375 0.128125 0.025 0.05703125
0 0.35 0.45078125 0.03359375 0.0625
0 0.4078125 0.684375 0.04453125 0.04296875
0 0.5328125 0.2609375 0.02734375 0.075
0 0.4625 0.34453125 0.0265625 0.06953125
0 0.44921875 0.43125 0.0296875 0.0625
0 0.3390625 0.53359375 0.028125 0.06953125
0 0.33125 0.85390625 0.03046875 0.06953125
0 0.2203125 0.1796875 0.02890625 0.059375
0 0.4859375 0.8109375 0.04921875 0.05
0 0.46875 0.065625 0.03203125 0.0390625
0 0.33671875 0.3890625 0.0578125 0.06640625