0 0.4890625 0.834375 0.05234375 0.04296875
0 0.2765625 0.60078125 0.04296875 0.0484375
0 0.46875 0.796875 0.0421875 0.1109375
0 0.48515625 0.57890625 0.021875 0.096875
0 0.359375 0.56484375 0.01796875 0.1015625
0 0.325 0.70078125 0.046875 0.04296875
0 0.296875 0.509375 0.05546875 0.05390625
0 0.1796875 0.7546875 0.02578125 0.1125
0 0.4359375 0.66796875 0.0421875 0.08359375
0 0.60625 0.5359375 0.05078125 0.0609375
0 0.3703125 0.77578125 0.0578125 0.04296875
0 0.28125 0.403125 0.04140625 0.04609375
0 0.159375 0.79765625 0.0203125 0.09609375
0 0.434375 0.7390625 0.02890625 0.096875
0 0.50625 0.940625 0.02265625 0.08359375
0 0.48828125 0.51640625 0.0609375 0.053125
0 0.5078125 0.49453125 0.05390625 0.05
0 0.5453125 0.7875 0.03203125 0.08359375
0 0.4015625 0.68046875 0.02421875 0.103125
0 0.278125 0.90078125 0.05390625 0.04609375
0 0.3796875 0.20703125 0.0203125 0.0859375
0 0.20546875 0.87265625 0.0578125 0.04296875
0 0.225 0.60703125 0.028125 0.078125
0 0.3359375 0.328125 0.05703125 0.0390625
0 0.3828125 0.83359375 0.06328125 0.06953125
0 0.46796875 0.93984375 0.0234375 0.090625
0 0.3640625 0.73828125 0.0515625 0.034375
0 0.1921875 0.49765625 0.05 0.0375
0 0.23125 0.70625 0.04296875 0.05703125
0 0.21875 0.734375 0.03515625 0.0640625
0 0.36640625 0.6609375 0.025 0.1140625
0 0.3375 0.66796875 0.03203125 0.075
0 0.25703125 0.15625 0.0421875 0.05703125
0 0.50078125 0.309375 0.03046875 0.07578125
0 0.5546875 0.9734375 0.03828125 0.053125
0 0.29765625 0.1359375 0.0578125 0.08515625