0 0.271875 0.71171875 0.04609375 0.0484375
0 0.35546875 0.67265625 0.0203125 0.0984375
0 0.2203125 0.715625 0.03046875 0.0765625
0 0.3625 0.771875 0.02734375 0.11640625
0 0.1578125 0.9046875 0.02109375 0.09296875
0 0.2921875 0.6171875 0.0578125 0.05703125
0 0.18671875 0.5984375 0.053125 0.04140625
0 0.6078125 0.64375 0.05390625 0.065625
0 0.434375 0.78203125 0.04375 0.08359375
0 0.359375 0.8484375 0.05859375 0.0390625
0 0.4828125 0.6875 0.02265625 0.1
0 0.4328125 0.853125 0.0328125 0.09609375
0 0.5453125 0.89921875 0.03359375 0.08203125
0 0.22578125 0.81328125 0.0453125 0.05703125
0 0.4859375 0.6234375 0.06484375 0.05546875
0 0.4875 0.9453125 0.053125 0.04609375
0 0.275 0.5078125 0.04375 0.0484375
0 0.2046875 0.97578125 0.05859375 0.04296875
0 0.3671875 0.88828125 0.0609375 0.04296875
0 0.321875 0.8125 0.0484375 0.04453125
0 0.39921875 0.7953125 0.025 0.10703125
0 0.17734375 0.85703125 0.02578125 0.1203125
0 0.33203125 0.425 0.0609375 0.04140625
0 0.4984375 0.4046875 0.02890625 0.0734375
0 0.3734375 0.2953125 0.02265625 0.09296875
0 0.5078125 0.6015625 0.0578125 0.05
0 0.28828125 0.22421875 0.06015625 0.0921875
0 0.246875 0.23125 0.04765625 0.078125
0 0.33515625 0.78046875 0.04296875 0.08046875
0 0.21640625 0.846875 0.04140625 0.0625
0 0.465625 0.90859375 0.0515625 0.10546875
0 0.3890625 0.934375 0.05546875 0.04375
0 0.28828125 0.98984375 0.04375 0.0203125