0 0.446875 0 0.4734375 0 0.471875 0.009375 0.45625 0.0140625 0.446875 0.0109375 0.446875 0.0015625
0 0.45625 0.0359375 0.471875 0.0390625 0.478125 0.046875 0.478125 0.0609375 0.4734375 0.065625 0.45625 0.071875 0.44375 0.06875 0.4359375 0.059375 0.4359375 0.05 0.4390625 0.0484375 0.440625 0.0421875 0.4453125 0.0375 0.4546875 0.0359375
0 0.4203125 0.3203125 0.4234375 0.321875 0.4234375 0.334375 0.4140625 0.3515625 0.4109375 0.353125 0.4015625 0.3765625 0.3890625 0.3859375 0.38125 0.384375 0.378125 0.3796875 0.378125 0.375 0.375 0.3734375 0.375 0.365625 0.378125 0.3640625 0.384375 0.34375 0.3875 0.3375 0.390625 0.3375 0.4109375 0.321875 0.41875 0.3203125
0 0.31875 0.0453125 0.3234375 0.0484375 0.3265625 0.0546875 0.3265625 0.06875 0.31875 0.0734375 0.3125 0.0734375 0.3046875 0.06875 0.3 0.0578125 0.296875 0.05625 0.296875 0.046875 0.3015625 0.04375 0.3171875 0.0453125
0 0.23125 0.171875 0.234375 0.175 0.234375 0.2171875 0.2265625 0.2234375 0.21875 0.221875 0.2171875 0.2125 0.2140625 0.2109375 0.2140625 0.1953125 0.2171875 0.19375 0.21875 0.178125 0.2234375 0.1734375 0.2296875 0.171875
0 0.3140625 0.1390625 0.315625 0.140625 0.315625 0.159375 0.3078125 0.1640625 0.3015625 0.171875 0.296875 0.1734375 0.2828125 0.171875 0.2828125 0.1625 0.2890625 0.153125 0.2953125 0.1515625 0.3078125 0.1390625 0.3125 0.1390625
0 0.2875 0.2671875 0.29375 0.2671875 0.2953125 0.2703125 0.30625 0.2703125 0.315625 0.2765625 0.3265625 0.290625 0.3265625 0.315625 0.3171875 0.3171875 0.3015625 0.3109375 0.2953125 0.2984375 0.290625 0.29375 0.2875 0.28125 0.284375 0.2796875 0.284375 0.271875 0.2875 0.26875
0 0.3203125 0.159375 0.321875 0.1734375 0.31875 0.1859375 0.3140625 0.190625 0.309375 0.2125 0.30625 0.2140625 0.303125 0.221875 0.2984375 0.21875 0.2984375 0.2140625 0.2953125 0.2125 0.2953125 0.1921875 0.2984375 0.190625 0.2984375 0.1828125 0.3078125 0.1625 0.3109375 0.1625 0.315625 0.1578125 0.31875 0.159375
0 0.215625 0.1234375 0.221875 0.1234375 0.2234375 0.1265625 0.23125 0.128125 0.2390625 0.1390625 0.2390625 0.1640625 0.228125 0.1671875 0.2234375 0.1625 0.2203125 0.1515625 0.2171875 0.15 0.215625 0.1390625 0.2125 0.1375 0.2125 0.1265625 0.215625 0.125
0 0.296875 0.109375 0.3015625 0.1078125 0.3109375 0.109375 0.309375 0.1359375 0.30625 0.140625 0.2921875 0.15 0.284375 0.146875 0.284375 0.128125 0.2875 0.1265625 0.290625 0.115625 0.296875 0.1109375
0 0.1859375 0.3 0.190625 0.3 0.196875 0.30625 0.2015625 0.3171875 0.2 0.3609375 0.1890625 0.3765625 0.18125 0.3765625 0.178125 0.3734375 0.178125 0.3609375 0.18125 0.3515625 0.1859375 0.3484375 0.1875 0.34375 0.1875 0.3265625 0.184375 0.3125 0.1859375 0.3015625
0 0.4328125 0.3296875 0.440625 0.3296875 0.4421875 0.3328125 0.4421875 0.3578125 0.4390625 0.3640625 0.4359375 0.365625 0.43125 0.38125 0.425 0.3875 0.4171875 0.3890625 0.409375 0.3859375 0.409375 0.3515625 0.4125 0.35 0.41875 0.3390625 0.4328125 0.33125
0 0.271875 0.1375 0.278125 0.1421875 0.2796875 0.15 0.2828125 0.1515625 0.2828125 0.178125 0.2765625 0.1796875 0.2671875 0.175 0.265625 0.165625 0.2625 0.1640625 0.2625 0.1515625 0.265625 0.15 0.2703125 0.1390625
0 0.4859375 0.315625 0.4921875 0.31875 0.49375 0.3234375 0.4984375 0.3265625 0.50625 0.3375 0.509375 0.3484375 0.509375 0.371875 0.4984375 0.3734375 0.4859375 0.3609375 0.4828125 0.3390625 0.4796875 0.3375 0.4796875 0.328125 0.4828125 0.3265625 0.484375 0.3171875
0 0.490625 0.05 0.5046875 0.05 0.5109375 0.0546875 0.515625 0.0640625 0.515625 0.08125 0.50625 0.084375 0.490625 0.0703125 0.4890625 0.065625 0.490625 0.0515625
0 0.5734375 0.1515625 0.58125 0.1421875 0.5890625 0.1421875 0.5921875 0.1453125 0.5921875 0.1609375 0.584375 0.1734375 0.5796875 0.1765625 0.575 0.1859375 0.5609375 0.2 0.5609375 0.203125 0.55625 0.2 0.55625 0.1953125 0.5625 0.175 0.565625 0.1734375 0.5734375 0.153125