0 0.2796875 0.53671875 0.04296875 0.04609375
0 0.16171875 0.73828125 0.0203125 0.09296875
0 0.4375 0.603125 0.0421875 0.0859375
0 0.228125 0.5453125 0.028125 0.0765625
0 0.490625 0.7671875 0.05234375 0.04609375
0 0.5078125 0.87734375 0.0234375 0.08203125
0 0.484375 0.51484375 0.02109375 0.09296875
0 0.36171875 0.5 0.01875 0.09453125
0 0.3859375 0.76875 0.06328125 0.065625
0 0.403125 0.615625 0.02578125 0.10546875
0 0.5453125 0.721875 0.03203125 0.08359375
0 0.371875 0.71015625 0.05390625 0.04296875
0 0.1984375 0.43828125 0.05078125 0.0375
0 0.38203125 0.15859375 0.0203125 0.08359375
0 0.3015625 0.4484375 0.05546875 0.05546875
0 0.6046875 0.47734375 0.05 0.059375
0 0.2859375 0.346875 0.04140625 0.04609375
0 0.559375 0.92890625 0.04453125 0.0890625
0 0.5 0.2546875 0.02578125 0.065625
0 0.4359375 0.671875 0.02890625 0.09296875
0 0.46953125 0.8796875 0.0234375 0.0984375
0 0.4890625 0.4546875 0.06171875 0.0515625
0 0.2078125 0.809375 0.05859375 0.04453125
0 0.30390625 0.0921875 0.05859375 0.07734375
0 0.2625 0.1109375 0.04453125 0.05234375
0 0.340625 0.27265625 0.0578125 0.04453125
0 0.51015625 0.43125 0.06015625 0.0578125
0 0.36875 0.59453125 0.02734375 0.121875
0 0.34375 0.6046875 0.04296875 0.07578125
0 0.3296875 0.634375 0.04765625 0.0453125
0 0.234375 0.63828125 0.04453125 0.0625
0 0.22109375 0.66953125 0.03828125 0.06171875
0 0.18359375 0.68984375 0.02734375 0.12734375
0 0.27890625 0.8359375 0.059375 0.0515625
0 0.4703125 0.734375 0.04296875 0.1140625
0 0.36328125 0.66953125 0.0609375 0.0390625