0 0.2546875 0.9375 0.26875 0.94375 0.2765625 0.95 0.2765625 0.975 0.25625 0.975 0.2453125 0.9625 0.2421875 0.9625 0.2375 0.9578125 0.2375 0.9546875 0.23125 0.9484375 0.23125 0.9375 0.234375 0.9328125 0.24375 0.9328125 0.2453125 0.9359375 0.253125 0.9375
0 0.234375 0.61875 0.24375 0.6265625 0.24375 0.6703125 0.2421875 0.6765625 0.2390625 0.678125 0.2390625 0.6828125 0.23125 0.684375 0.225 0.6828125 0.2171875 0.675 0.2171875 0.6703125 0.2140625 0.66875 0.2140625 0.6421875 0.2203125 0.6359375 0.221875 0.625 0.225 0.6234375 0.228125 0.615625 0.23125 0.615625 0.2328125 0.61875
0 0.5625 0.053125 0.58125 0.065625 0.584375 0.071875 0.584375 0.0921875 0.5796875 0.0921875 0.5765625 0.0875 0.5734375 0.0875 0.5703125 0.08125 0.5625 0.075 0.5546875 0.075 0.546875 0.06875 0.5453125 0.05625 0.5484375 0.05 0.559375 0.05 0.5609375 0.053125
0 0.4765625 0.9234375 0.4875 0.93125 0.4890625 0.9375 0.4921875 0.9390625 0.4921875 0.946875 0.4953125 0.9484375 0.496875 0.9546875 0.496875 0.9921875 0.4953125 0.9953125 0.4859375 0.9984375 0.478125 0.996875 0.4734375 0.9875 0.4734375 0.95625 0.4703125 0.9546875 0.4703125 0.94375 0.4671875 0.9421875 0.4671875 0.925 0.475 0.9234375
0 0.6734375 0.703125 0.684375 0.7015625 0.690625 0.70625 0.6921875 0.7125 0.6921875 0.746875 0.690625 0.75 0.6765625 0.75 0.6734375 0.74375 0.6671875 0.7375 0.6625 0.7359375 0.6625 0.7265625 0.665625 0.725 0.665625 0.71875 0.66875 0.7171875 0.6703125 0.7078125 0.6734375 0.7046875
0 0.665625 0.515625 0.6796875 0.5140625 0.684375 0.51875 0.6859375 0.525 0.6890625 0.5265625 0.690625 0.5375 0.690625 0.5828125 0.6890625 0.5875 0.6859375 0.5890625 0.684375 0.59375 0.678125 0.5953125 0.6703125 0.59375 0.665625 0.5890625 0.6640625 0.578125 0.6609375 0.5765625 0.6609375 0.5453125 0.6578125 0.54375 0.6578125 0.53125 0.6609375 0.5296875 0.6609375 0.5234375 0.6640625 0.521875 0.665625 0.5171875
0 0.184375 0.7765625 0.1828125 0.80625 0.1765625 0.8125 0.1625 0.8140625 0.1484375 0.8109375 0.15 0.7953125 0.16875 0.7765625 0.1828125 0.7765625
0 0.665625 0.7421875 0.6703125 0.740625 0.671875 0.7375 0.6765625 0.7375 0.6765625 0.7421875 0.6796875 0.74375 0.6796875 0.784375 0.671875 0.7921875 0.671875 0.7953125 0.6640625 0.8015625 0.653125 0.8 0.653125 0.778125 0.65625 0.7765625 0.65625 0.7640625 0.659375 0.7625 0.659375 0.75625 0.665625 0.74375
0 0.15625 0.7546875 0.1671875 0.74375 0.1796875 0.7453125 0.1796875 0.771875 0.165625 0.7796875 0.1609375 0.78125 0.15 0.7796875 0.15 0.7640625 0.15625 0.75625
0 0.6765625 0.4359375 0.684375 0.44375 0.6859375 0.4671875 0.6890625 0.46875 0.690625 0.4734375 0.6890625 0.4921875 0.678125 0.49375 0.665625 0.490625 0.6578125 0.484375 0.6578125 0.4421875 0.66875 0.434375 0.675 0.4359375
0 0.65625 0.53125 0.665625 0.534375 0.66875 0.5390625 0.66875 0.5546875 0.6609375 0.55625 0.640625 0.55625 0.6296875 0.5546875 0.6265625 0.5515625 0.6265625 0.540625 0.63125 0.5359375 0.640625 0.53125 0.6546875 0.53125