0 0.2609375 0.87421875 0.05 0.0515625
0 0.4875 0.95 0.05 0.04140625
0 0.440625 0.890625 0.03125 0.06640625
0 0.31015625 0.928125 0.0421875 0.06640625
0 0.33359375 0.909375 0.0375 0.065625
0 0.2859375 0.95390625 0.040625 0.04140625
0 0.52578125 0.9671875 0.0296875 0.065625
0 0.3609375 0.90859375 0.02734375 0.06953125
0 0.3921875 0.84140625 0.02578125 0.096875
0 0.3203125 0.515625 0.028125 0.071875
0 0.534375 0.6859375 0.02890625 0.0890625
0 0.4546875 0.790625 0.028125 0.0765625
0 0.5296875 0.765625 0.03125 0.0640625
0 0.39765625 0.5953125 0.0453125 0.06796875
0 0.18125 0.571875 0.02890625 0.07109375
0 0.31875 0.840625 0.06015625 0.0734375
0 0.5296875 0.19453125 0.0265625 0.0640625
0 0.4609375 0.425 0.03671875 0.05
0 0.26015625 0.11484375 0.0234375 0.04296875
0 0.2328125 0.83828125 0.0421875 0.04296875
0 0.45390625 0.95078125 0.025 0.0265625
0 0.40390625 0.94453125 0.0265625 0.021875