0 0.4109375 0.53828125 0.0328125 0.0640625
0 0.4390625 0.55546875 0.034375 0.0734375
0 0.44765625 0.47109375 0.0328125 0.065625
0 0.278125 0.46484375 0.053125 0.05
0 0.49140625 0.52890625 0.05 0.040625
0 0.5296875 0.55234375 0.03359375 0.07265625
0 0.403125 0.4296875 0.02890625 0.0890625
0 0.253125 0.43359375 0.04609375 0.04296875
0 0.4640625 0.55390625 0.03515625 0.0765625
0 0.4078125 0.728125 0.0484375 0.04609375
0 0.2984375 0.53984375 0.0453125 0.04453125
0 0.32421875 0.509375 0.04375 0.0671875
0 0.5296875 0.36484375 0.03203125 0.05859375
0 0.4109375 0.221875 0.0453125 0.05859375
0 0.38828125 0.565625 0.028125 0.0890625
0 0.296875 0.6546875 0.05234375 0.05
0 0.36171875 0.559375 0.0375 0.06796875
0 0.371875 0.4890625 0.03046875 0.06796875
0 0.3375 0.57734375 0.03203125 0.075
0 0.4609375 0.38046875 0.03046875 0.0734375
0 0.165625 0.7890625 0.03984375 0.0625
0 0.3484375 0.49375 0.0375 0.0640625
0 0.40703125 0.671875 0.0296875 0.078125
0 0.3296875 0.81171875 0.03515625 0.053125
0 0.43359375 0.659375 0.0359375 0.075
0 0.3296875 0.896875 0.03359375 0.07109375
0 0.4859375 0.85390625 0.05390625 0.0515625
0 0.215625 0.2125 0.03203125 0.0625
0 0.53359375 0.2953125 0.03125 0.078125
0 0.30859375 0.60625 0.053125 0.0609375
0 0.334375 0.428125 0.06171875 0.06796875
0 0.34296875 0.1609375 0.028125 0.06015625
0 0.4671875 0.09453125 0.03515625 0.04296875