0 0.2671875 0.8625 0.0453125 0.046875
0 0.35078125 0.828125 0.01875 0.0984375
0 0.215625 0.8640625 0.02734375 0.075
0 0.17890625 0.74296875 0.053125 0.04140625
0 0.50703125 0.753125 0.0578125 0.0515625
0 0.2671875 0.65546875 0.04296875 0.053125
0 0.4328125 0.928125 0.03984375 0.0640625
0 0.315625 0.9609375 0.04296875 0.04453125
0 0.3609375 0.9109375 0.02421875 0.0890625
0 0.48125 0.84140625 0.02421875 0.1
0 0.6078125 0.7921875 0.05390625 0.06796875
0 0.4859375 0.7765625 0.0640625 0.05859375
0 0.3671875 0.42734375 0.02421875 0.10390625
0 0.2125 0.97734375 0.0328125 0.04296875
0 0.28046875 0.34140625 0.06015625 0.1046875
0 0.2375 0.365625 0.04375 0.06875
0 0.325 0.57109375 0.0640625 0.05078125
0 0.28671875 0.76796875 0.0625 0.0703125
0 0.33125 0.9265625 0.0359375 0.075
0 0.2265625 0.9546875 0.0453125 0.059375
0 0.17734375 0.96796875 0.0265625 0.0640625
0 0.496875 0.54765625 0.034375 0.07421875