0 0.5578125 0.3796875 0.5609375 0.38125 0.5640625 0.390625 0.5671875 0.3921875 0.5703125 0.403125 0.5703125 0.41875 0.565625 0.4203125 0.5421875 0.4109375 0.540625 0.40625 0.5375 0.4046875 0.5375 0.384375 0.5453125 0.3796875 0.55625 0.3796875
0 0.503125 0.8953125 0.5109375 0.9015625 0.5125 0.925 0.515625 0.9265625 0.515625 0.934375 0.5203125 0.9390625 0.5234375 0.95 0.5234375 0.971875 0.51875 0.9734375 0.5125 0.9734375 0.509375 0.9703125 0.50625 0.9609375 0.503125 0.959375 0.5015625 0.9515625 0.4984375 0.95 0.496875 0.9375 0.49375 0.9359375 0.49375 0.9125 0.496875 0.9109375 0.496875 0.9046875 0.503125 0.896875
0 0.4265625 0.575 0.434375 0.575 0.4359375 0.578125 0.4421875 0.5796875 0.45 0.5859375 0.4609375 0.6109375 0.4609375 0.6296875 0.45625 0.6296875 0.453125 0.6328125 0.4453125 0.63125 0.4328125 0.6171875 0.4234375 0.6125 0.41875 0.6015625 0.415625 0.6 0.415625 0.584375 0.421875 0.578125 0.4265625 0.5765625
0 0.503125 0.9578125 0.5078125 0.9640625 0.5109375 0.9640625 0.5125 0.9703125 0.5109375 0.996875 0.5046875 0.9984375 0.4828125 0.996875 0.4828125 0.984375 0.4859375 0.9828125 0.4875 0.9703125 0.490625 0.96875 0.4921875 0.9640625 0.503125 0.959375
0 0.4078125 0.665625 0.4109375 0.6640625 0.4140625 0.65625 0.41875 0.65625 0.4234375 0.665625 0.4265625 0.6671875 0.428125 0.6765625 0.45 0.6890625 0.45 0.7109375 0.4453125 0.715625 0.434375 0.7171875 0.4296875 0.7140625 0.415625 0.7109375 0.4109375 0.7015625 0.4109375 0.69375 0.4078125 0.6921875 0.4078125 0.6671875
0 0.471875 0.9 0.4765625 0.9 0.478125 0.903125 0.490625 0.909375 0.49375 0.915625 0.496875 0.9171875 0.5 0.9265625 0.5 0.95625 0.4984375 0.9578125 0.49375 0.9578125 0.490625 0.9609375 0.471875 0.946875 0.4671875 0.921875 0.4640625 0.9203125 0.4640625 0.9140625 0.4671875 0.9125 0.4671875 0.9046875 0.471875 0.9015625
0 0.325 0.840625 0.3296875 0.840625 0.33125 0.84375 0.34375 0.846875 0.3484375 0.8515625 0.346875 0.8734375 0.3375 0.8796875 0.3328125 0.8796875 0.328125 0.8828125 0.31875 0.8828125 0.3078125 0.875 0.30625 0.8625 0.3109375 0.8515625 0.325 0.8421875
0 0.525 0.675 0.540625 0.6765625 0.5390625 0.7234375 0.5328125 0.734375 0.525 0.7375 0.5140625 0.7375 0.5109375 0.734375 0.5109375 0.7296875 0.5140625 0.728125 0.5140625 0.721875 0.5109375 0.7203125 0.5109375 0.7046875 0.5140625 0.703125 0.515625 0.690625 0.51875 0.6890625 0.525 0.6765625
0 0.515625 0.86875 0.5203125 0.8640625 0.5296875 0.865625 0.5296875 0.896875 0.528125 0.8984375 0.5296875 0.94375 0.521875 0.9453125 0.51875 0.9375 0.5140625 0.9328125 0.5140625 0.925 0.5109375 0.9234375 0.509375 0.8796875 0.515625 0.8703125
0 0.521875 0.9875 0.5296875 0.9921875 0.5296875 0.9984375 0.50625 0.9984375 0.5078125 0.9921875 0.5203125 0.9875
0 0.3578125 0.875 0.36875 0.875 0.3703125 0.878125 0.3703125 0.9140625 0.3625 0.9296875 0.359375 0.93125 0.353125 0.93125 0.3484375 0.928125 0.346875 0.9203125 0.34375 0.91875 0.34375 0.9 0.346875 0.8984375 0.3484375 0.8890625 0.3515625 0.8875 0.3546875 0.878125 0.3578125 0.8765625
0 0.378125 0.909375 0.3796875 0.9125 0.3796875 0.9484375 0.3734375 0.9515625 0.3625 0.9515625 0.353125 0.9453125 0.35625 0.94375 0.3578125 0.934375 0.3609375 0.9328125 0.3640625 0.91875 0.3671875 0.9171875 0.3703125 0.9109375 0.3765625 0.909375
0 0.403125 0.5984375 0.4140625 0.6 0.421875 0.60625 0.425 0.6125 0.425 0.634375 0.415625 0.6375 0.409375 0.6375 0.4015625 0.6328125 0.390625 0.6203125 0.3890625 0.6 0.4015625 0.5984375
0 0.303125 0.9578125 0.3078125 0.9578125 0.3171875 0.9671875 0.321875 0.9765625 0.321875 0.996875 0.3015625 0.9984375 0.2953125 0.9953125 0.2953125 0.9671875 0.303125 0.959375
0 0.390625 0.9484375 0.3953125 0.95 0.3953125 0.953125 0.390625 0.9546875 0.375 0.953125 0.375 0.95 0.3859375 0.946875 0.3890625 0.9484375
0 0.54375 0.928125 0.5453125 0.93125 0.5453125 0.978125 0.54375 0.9875 0.5359375 0.9921875 0.5328125 0.9921875 0.5296875 0.9859375 0.5265625 0.984375 0.525 0.9671875 0.521875 0.965625 0.521875 0.95625 0.525 0.9546875 0.525 0.95 0.5265625 0.9453125 0.5296875 0.94375 0.53125 0.9359375 0.534375 0.934375 0.5375 0.928125 0.5421875 0.928125
0 0.459375 0.8859375 0.4640625 0.8859375 0.465625 0.8890625 0.46875 0.8890625 0.4671875 0.9125 0.4515625 0.925 0.4421875 0.9265625 0.4328125 0.925 0.4328125 0.9203125 0.4296875 0.91875 0.4359375 0.903125 0.4453125 0.89375 0.459375 0.8875
0 0.3359375 0.946875 0.346875 0.9390625 0.35 0.940625 0.35 0.953125 0.3421875 0.9609375 0.3390625 0.9609375 0.334375 0.9671875 0.3296875 0.965625 0.3296875 0.9578125 0.3328125 0.95625 0.3328125 0.95 0.3359375 0.9484375
0 0.39375 0.821875 0.415625 0.828125 0.41875 0.8328125 0.41875 0.8515625 0.4109375 0.853125 0.390625 0.8515625 0.3765625 0.840625 0.3765625 0.83125 0.384375 0.825 0.39375 0.8234375
0 0.4078125 0.934375 0.4125 0.9375 0.4140625 0.9421875 0.4140625 0.9546875 0.4109375 0.95625 0.3984375 0.95625 0.390625 0.953125 0.39375 0.95 0.3953125 0.9375 0.4 0.9328125 0.40625 0.934375
0 0.4296875 0.825 0.4328125 0.825 0.4359375 0.8296875 0.4390625 0.8296875 0.44375 0.834375 0.446875 0.840625 0.45 0.8421875 0.453125 0.8515625 0.453125 0.8859375 0.4421875 0.8875 0.4359375 0.8828125 0.428125 0.8671875 0.4265625 0.8515625 0.4234375 0.85 0.4234375 0.8375 0.4265625 0.8359375 0.4265625 0.83125 0.4296875 0.8265625
0 0.478125 0.9609375 0.4875 0.9640625 0.4890625 0.96875 0.4890625 0.9984375 0.48125 0.9984375 0.478125 0.9875 0.475 0.9859375 0.46875 0.971875 0.465625 0.9703125 0.465625 0.9671875 0.4703125 0.9625 0.4765625 0.9625