0 0.4125 0.47265625 0.02578125 0.059375
0 0.465625 0.490625 0.028125 0.075
0 0.4921875 0.465625 0.04375 0.0390625
0 0.2984375 0.590625 0.04296875 0.05
0 0.44921875 0.409375 0.0265625 0.0640625
0 0.52890625 0.48828125 0.0265625 0.06796875
0 0.4046875 0.36953125 0.02265625 0.0859375
0 0.2828125 0.4015625 0.04609375 0.046875
0 0.38984375 0.49453125 0.021875 0.08359375
0 0.328125 0.446875 0.03515625 0.0625
0 0.440625 0.4890625 0.02734375 0.06953125
0 0.375 0.4265625 0.02265625 0.0640625
0 0.4078125 0.6609375 0.04140625 0.04140625
0 0.303125 0.47421875 0.03828125 0.04296875
0 0.16875 0.72265625 0.0359375 0.0625
0 0.46328125 0.3234375 0.0234375 0.06953125
0 0.3328125 0.74296875 0.02890625 0.05
0 0.3640625 0.49453125 0.03046875 0.0640625
0 0.4859375 0.78671875 0.04765625 0.0484375
0 0.3515625 0.42890625 0.0296875 0.0609375
0 0.5328125 0.24296875 0.025 0.071875
0 0.40859375 0.603125 0.0234375 0.071875
0 0.4125 0.16953125 0.03671875 0.053125
0 0.43515625 0.59140625 0.0296875 0.071875
0 0.346875 0.1140625 0.02265625 0.05546875
0 0.3140625 0.5390625 0.04765625 0.05546875
0 0.33203125 0.83046875 0.0265625 0.071875
0 0.221875 0.1625 0.02578125 0.05859375
0 0.5296875 0.30859375 0.025 0.053125
0 0.340625 0.5109375 0.02578125 0.06640625
0 0.46796875 0.05 0.028125 0.0390625
0 0.2578125 0.3734375 0.0375 0.0390625
0 0.3375 0.3671875 0.0546875 0.0625