0 0.30625 0.9734375 0.3046875 0.959375 0.3078125 0.9515625 0.3203125 0.9375 0.3265625 0.934375 0.33125 0.934375 0.334375 0.9375 0.3328125 0.95625 0.3203125 0.9734375 0.3140625 0.9765625 0.3078125 0.9734375
0 0.475 0.896875 0.4828125 0.9046875 0.4828125 0.921875 0.471875 0.9359375 0.45625 0.9453125 0.4515625 0.940625 0.453125 0.91875 0.4640625 0.9 0.4734375 0.896875
0 0.4234375 0.875 0.425 0.890625 0.421875 0.9046875 0.41875 0.909375 0.4171875 0.91875 0.409375 0.925 0.4015625 0.925 0.3984375 0.921875 0.4 0.8890625 0.409375 0.875 0.4125 0.8734375 0.421875 0.875
0 0.484375 0.765625 0.490625 0.775 0.4890625 0.7921875 0.484375 0.8015625 0.4765625 0.809375 0.46875 0.8125 0.4640625 0.8125 0.459375 0.809375 0.4578125 0.7953125 0.465625 0.7765625 0.4828125 0.765625
0 0.546875 0.7515625 0.553125 0.7640625 0.553125 0.79375 0.55 0.80625 0.540625 0.8203125 0.534375 0.8171875 0.53125 0.8078125 0.5296875 0.7859375 0.534375 0.7625 0.5390625 0.7546875 0.5453125 0.7515625
0 0.4078125 0.78203125 0.03203125 0.046875
0 0.215625 0.9875 0.21875 0.990625 0.2203125 0.9984375 0.1953125 0.9984375 0.2 0.9890625 0.2140625 0.9875
0 0.3796875 0.9171875 0.3859375 0.9265625 0.3828125 0.9515625 0.375 0.953125 0.365625 0.95 0.3671875 0.93125 0.3703125 0.925 0.378125 0.91875
0 0.246875 0.7125 0.25 0.7265625 0.25 0.7484375 0.24375 0.7703125 0.240625 0.7703125 0.2359375 0.7625 0.2328125 0.728125 0.234375 0.7140625 0.2375 0.709375 0.240625 0.7078125 0.2453125 0.7125
0 0.3640625 0.76015625 0.021875 0.07109375
0 0.29375 0.5671875 0.2890625 0.5546875 0.2890625 0.521875 0.290625 0.5125 0.296875 0.503125 0.3015625 0.50625 0.3046875 0.515625 0.30625 0.5484375 0.3046875 0.5578125 0.3 0.5671875 0.2984375 0.56875 0.2953125 0.5671875
0 0.4359375 0.8875 0.440625 0.8921875 0.4453125 0.9046875 0.4453125 0.91875 0.4421875 0.9359375 0.4359375 0.946875 0.4328125 0.9484375 0.428125 0.9484375 0.4203125 0.9359375 0.41875 0.915625 0.4234375 0.9 0.428125 0.8921875 0.434375 0.8875
0 0.334375 0.721875 0.03515625 0.0484375
0 0.1875 0.55 0.1859375 0.5734375 0.175 0.5828125 0.1703125 0.5828125 0.1671875 0.5796875 0.1671875 0.5625 0.1765625 0.55 0.1796875 0.5484375 0.1859375 0.55
0 0.1609375 0.85 0.16875 0.8671875 0.1671875 0.9046875 0.165625 0.9109375 0.1609375 0.915625 0.1546875 0.9109375 0.15 0.8859375 0.15 0.859375 0.153125 0.8515625 0.159375 0.85
0 0.3171875 0.528125 0.3140625 0.5234375 0.3140625 0.5125 0.31875 0.5015625 0.33125 0.490625 0.3421875 0.484375 0.35 0.484375 0.3515625 0.4875 0.3515625 0.4984375 0.346875 0.509375 0.328125 0.5296875 0.3234375 0.53125 0.31875 0.528125
0 0.4625 0.6640625 0.453125 0.6515625 0.453125 0.64375 0.4578125 0.634375 0.4671875 0.6265625 0.471875 0.6265625 0.48125 0.6390625 0.48125 0.6578125 0.4703125 0.665625 0.4640625 0.6640625
0 0.3515625 0.525 0.3578125 0.5390625 0.3609375 0.55625 0.359375 0.56875 0.3546875 0.5765625 0.3515625 0.5765625 0.346875 0.571875 0.3421875 0.5609375 0.3421875 0.525 0.34375 0.5234375 0.35 0.525
0 0.203125 0.5296875 0.2078125 0.5421875 0.20625 0.565625 0.203125 0.5828125 0.1953125 0.590625 0.1890625 0.5890625 0.1875 0.553125 0.1953125 0.53125 0.1984375 0.528125 0.2015625 0.5296875
0 0.5328125 0.48125 0.5375 0.4828125 0.54375 0.4953125 0.54375 0.51875 0.540625 0.5296875 0.5375 0.5359375 0.5328125 0.5390625 0.528125 0.534375 0.525 0.525 0.5234375 0.503125 0.5328125 0.4828125