0 0.678125 0.6125 0.68125 0.615625 0.6859375 0.6328125 0.6875 0.646875 0.6859375 0.6609375 0.6796875 0.6671875 0.675 0.665625 0.6671875 0.6453125 0.671875 0.625 0.678125 0.6140625
0 0.253125 0.8515625 0.2671875 0.859375 0.2734375 0.86875 0.2734375 0.884375 0.2640625 0.890625 0.259375 0.890625 0.2546875 0.8875 0.25 0.8796875 0.2390625 0.8703125 0.2359375 0.8625 0.2375 0.85 0.2453125 0.8484375 0.2515625 0.8515625
0 0.23515625 0.56484375 0.0203125 0.06796875
0 0.6703125 0.3578125 0.6765625 0.36875 0.6765625 0.3875 0.68125 0.3953125 0.68125 0.409375 0.6765625 0.4140625 0.66875 0.4140625 0.6640625 0.4109375 0.6609375 0.4078125 0.659375 0.3984375 0.6609375 0.365625 0.66875 0.3578125
0 0.4796875 0.8328125 0.484375 0.8375 0.4875 0.8453125 0.49375 0.8890625 0.4921875 0.903125 0.4890625 0.9109375 0.484375 0.915625 0.48125 0.915625 0.4765625 0.9078125 0.478125 0.8703125 0.4734375 0.8375 0.478125 0.8328125
0 0.16796875 0.67734375 0.025 0.04296875
0 0.671875 0.4328125 0.6765625 0.4375 0.68125 0.4578125 0.6828125 0.496875 0.678125 0.5109375 0.675 0.5140625 0.66875 0.5109375 0.665625 0.5046875 0.6625 0.4859375 0.6625 0.4453125 0.6640625 0.4375 0.6703125 0.434375
0 0.55 0 0.56875 0 0.5734375 0.0046875 0.5796875 0.0203125 0.5796875 0.0328125 0.578125 0.0359375 0.575 0.034375 0.5703125 0.025 0.5515625 0.009375 0.55 0.0015625
0 0.175 0.6875 0.184375 0.696875 0.184375 0.7078125 0.1796875 0.7203125 0.171875 0.728125 0.1671875 0.7296875 0.1578125 0.7296875 0.1546875 0.725 0.1546875 0.7140625 0.1609375 0.7015625 0.1734375 0.6890625
0 0.665625 0.684375 0.01953125 0.06640625
0 0.6515625 0.45 0.659375 0.45625 0.6609375 0.4625 0.6609375 0.4734375 0.65625 0.4765625 0.6359375 0.475 0.63125 0.471875 0.6296875 0.465625 0.63125 0.4578125 0.6359375 0.4515625 0.65 0.45