0 0.2953125 0.53828125 0.06171875 0.05546875
0 0.3578125 0.59140625 0.025 0.1046875
0 0.15859375 0.8296875 0.0265625 0.0921875
0 0.275 0.6296875 0.04921875 0.05
0 0.5453125 0.81796875 0.0390625 0.08515625
0 0.36953125 0.8046875 0.0640625 0.04453125
0 0.4890625 0.8640625 0.05859375 0.04609375
0 0.484375 0.6078125 0.02734375 0.09765625
0 0.2234375 0.63515625 0.03515625 0.078125
0 0.325 0.7328125 0.05390625 0.0421875
0 0.2796875 0.4296875 0.04921875 0.05
0 0.46875 0.82890625 0.04921875 0.1125
0 0.19140625 0.5234375 0.05625 0.040625
0 0.18125 0.778125 0.03671875 0.12578125
0 0.434375 0.76875 0.03671875 0.09453125
0 0.4015625 0.71328125 0.03046875 0.10546875
0 0.3359375 0.35234375 0.06484375 0.0421875
0 0.3609375 0.76640625 0.06171875 0.040625
0 0.3375 0.6984375 0.04140625 0.08203125
0 0.3828125 0.8625 0.0703125 0.07109375
0 0.378125 0.22890625 0.0265625 0.0875
0 0.43671875 0.696875 0.0484375 0.08515625
0 0.365625 0.68828125 0.03125 0.1171875
0 0.50546875 0.96484375 0.0296875 0.0703125
0 0.20546875 0.89921875 0.0625 0.04765625
0 0.4875 0.546875 0.065625 0.053125
0 0.2546875 0.178125 0.04765625 0.05859375
0 0.29609375 0.16015625 0.0671875 0.090625
0 0.49921875 0.334375 0.04296875 0.078125
0 0.5125 0.51875 0.07109375 0.0578125
0 0.60625 0.56875 0.0625 0.06796875
0 0.2765625 0.9328125 0.06484375 0.05234375
0 0.471875 0.95078125 0.02890625 0.06953125
0 0.54765625 0.984375 0.0328125 0.03125
0 0.23046875 0.7359375 0.05703125 0.05703125
0 0.22421875 0.7703125 0.053125 0.0671875