0 0.271875 0.69296875 0.0546875 0.05
0 0.3640625 0.75546875 0.0359375 0.1171875
0 0.2921875 0.6 0.06796875 0.06171875
0 0.1578125 0.8875 0.03046875 0.09453125
0 0.35625 0.65390625 0.02890625 0.10625
0 0.4890625 0.92734375 0.0609375 0.04921875
0 0.46796875 0.89140625 0.053125 0.1140625
0 0.2203125 0.6984375 0.0390625 0.08125
0 0.434375 0.76484375 0.05234375 0.08515625
0 0.2046875 0.959375 0.06796875 0.04765625
0 0.1875 0.58203125 0.0625 0.04453125
0 0.359375 0.83125 0.06796875 0.040625
0 0.375 0.28046875 0.0328125 0.09453125
0 0.321875 0.79453125 0.059375 0.04453125
0 0.4828125 0.66875 0.03359375 0.1046875
0 0.3671875 0.8703125 0.0703125 0.04609375
0 0.4 0.778125 0.03515625 0.103125
0 0.5453125 0.8828125 0.04296875 0.0875
0 0.33203125 0.409375 0.0703125 0.04375
0 0.4984375 0.38671875 0.0375 0.07421875
0 0.4859375 0.60703125 0.07421875 0.06171875
0 0.60703125 0.62734375 0.0625 0.06875
0 0.2890625 0.2015625 0.07109375 0.08671875
0 0.24921875 0.22734375 0.0515625 0.06796875
0 0.27734375 0.48828125 0.05546875 0.0515625
0 0.509375 0.58203125 0.07265625 0.05546875
0 0.33671875 0.7625 0.04375 0.08203125
0 0.234375 0.79375 0.06328125 0.06796875
0 0.21796875 0.834375 0.0515625 0.0734375
0 0.1796875 0.840625 0.04140625 0.12890625
0 0.43125 0.84140625 0.04296875 0.1078125
0 0.38359375 0.92578125 0.075 0.06484375
0 0.27890625 0.98203125 0.0671875 0.0359375