0 0.41484375 0.41640625 0.0265625 0.0609375
0 0.4421875 0.4328125 0.02734375 0.06796875
0 0.5296875 0.25859375 0.02421875 0.053125
0 0.2859375 0.34921875 0.04453125 0.04609375
0 0.3140625 0.48046875 0.04609375 0.05546875
0 0.4671875 0.4328125 0.02578125 0.07109375
0 0.528125 0.43125 0.02578125 0.065625
0 0.4921875 0.40859375 0.04140625 0.0390625
0 0.409375 0.5984375 0.04140625 0.04140625
0 0.2625 0.321875 0.0390625 0.0390625
0 0.37734375 0.37109375 0.021875 0.0609375
0 0.4640625 0.271875 0.0234375 0.06640625
0 0.3046875 0.41875 0.0375 0.040625
0 0.36640625 0.43671875 0.0296875 0.0625
0 0.3921875 0.43671875 0.021875 0.08203125
0 0.35078125 0.071875 0.021875 0.05546875
0 0.5328125 0.19609375 0.02421875 0.071875
0 0.3546875 0.3734375 0.03046875 0.0609375
0 0.334375 0.68046875 0.02890625 0.053125
0 0.33359375 0.76796875 0.0265625 0.071875
0 0.3296875 0.38984375 0.03515625 0.059375
0 0.4078125 0.315625 0.02109375 0.07890625
0 0.45 0.3546875 0.02578125 0.059375
0 0.41484375 0.12578125 0.0359375 0.0515625
0 0.4359375 0.53125 0.02890625 0.07109375
0 0.41015625 0.54140625 0.0234375 0.071875
0 0.340625 0.31328125 0.053125 0.065625
0 0.1703125 0.6640625 0.03359375 0.0640625
0 0.228125 0.121875 0.025 0.05703125
0 0.48671875 0.72421875 0.046875 0.04609375
0 0.34296875 0.453125 0.025 0.06796875
0 0.3015625 0.53046875 0.04453125 0.05
0 0.46796875 0.015625 0.0265625 0.03125