0 0.4734375 0.9515625 0.478125 0.9546875 0.4828125 0.9625 0.4828125 0.9765625 0.4765625 0.9859375 0.4671875 0.965625 0.4625 0.9609375 0.4640625 0.95625 0.471875 0.9515625
0 0.4859375 0.825 0.4890625 0.8296875 0.4875 0.8515625 0.484375 0.8578125 0.46875 0.8703125 0.4640625 0.8703125 0.45625 0.8625 0.45625 0.853125 0.465625 0.834375 0.4734375 0.8265625 0.484375 0.825
0 0.5375 0.8125 0.5421875 0.809375 0.546875 0.809375 0.5515625 0.815625 0.553125 0.8265625 0.553125 0.8484375 0.55 0.8609375 0.54375 0.8734375 0.5375 0.8765625 0.5328125 0.871875 0.5296875 0.859375 0.53125 0.8265625 0.5375 0.8140625
0 0.1890625 0.6453125 0.1859375 0.640625 0.184375 0.628125 0.184375 0.6046875 0.190625 0.5859375 0.196875 0.58125 0.203125 0.590625 0.2015625 0.6296875 0.196875 0.640625 0.190625 0.64375
0 0.3453125 0.5765625 0.3546875 0.590625 0.3578125 0.6046875 0.3578125 0.6234375 0.353125 0.6328125 0.35 0.6328125 0.34375 0.625 0.3390625 0.6109375 0.3390625 0.5828125 0.340625 0.578125 0.34375 0.5765625
0 0.1578125 0.9015625 0.1625 0.90625 0.16875 0.9234375 0.1671875 0.9546875 0.1609375 0.9671875 0.15625 0.9640625 0.153125 0.95625 0.1484375 0.921875 0.1515625 0.90625 0.15625 0.9015625
0 0.4171875 0.815625 0.4203125 0.8203125 0.4203125 0.8359375 0.415625 0.846875 0.4078125 0.8578125 0.396875 0.8625 0.3921875 0.8609375 0.390625 0.85625 0.3921875 0.840625 0.396875 0.8359375 0.4015625 0.825 0.4078125 0.81875 0.415625 0.815625
0 0.1828125 0.6015625 0.184375 0.6046875 0.1828125 0.6234375 0.178125 0.63125 0.171875 0.6359375 0.1640625 0.634375 0.1640625 0.615625 0.1734375 0.6015625 0.18125 0.6015625
0 0.2921875 0.5578125 0.296875 0.5578125 0.3 0.5625 0.3046875 0.5875 0.303125 0.609375 0.3 0.61875 0.296875 0.6234375 0.2921875 0.6234375 0.2890625 0.61875 0.2859375 0.6078125 0.2859375 0.575 0.2921875 0.559375
0 0.33046875 0.56015625 0.0390625 0.0484375
0 0.2421875 0.7625 0.246875 0.775 0.2484375 0.803125 0.24375 0.815625 0.24375 0.821875 0.240625 0.825 0.234375 0.821875 0.23125 0.79375 0.2328125 0.76875 0.2359375 0.7625 0.240625 0.7625
0 0.3171875 0.7984375 0.315625 0.78125 0.3234375 0.765625 0.3375 0.753125 0.3453125 0.753125 0.35 0.7578125 0.35 0.76875 0.3453125 0.7875 0.3359375 0.7984375 0.3265625 0.8015625 0.31875 0.7984375
0 0.5359375 0.5359375 0.540625 0.5390625 0.54375 0.5484375 0.54375 0.5734375 0.540625 0.584375 0.534375 0.59375 0.5296875 0.590625 0.5265625 0.584375 0.5234375 0.56875 0.525 0.5515625 0.5296875 0.5390625 0.534375 0.5359375
0 0.4734375 0.6859375 0.48125 0.6984375 0.48125 0.7109375 0.478125 0.7171875 0.4703125 0.7234375 0.4640625 0.7234375 0.45625 0.715625 0.453125 0.709375 0.453125 0.7 0.459375 0.6875 0.465625 0.684375 0.471875 0.6859375
0 0.4125 0.94296875 0.02734375 0.03046875
0 0.434375 0.9515625 0.02109375 0.01640625
0 0.3625 0.81796875 0.02578125 0.0703125