0 0.50625 0.0546875 0.515625 0.065625 0.515625 0.0875 0.503125 0.0875 0.4921875 0.078125 0.4890625 0.071875 0.490625 0.05625 0.4953125 0.0515625 0.503125 0.0515625 0.5046875 0.0546875
0 0.4484375 0 0.475 0 0.475 0.0109375 0.465625 0.0171875 0.45625 0.01875 0.4484375 0.0171875 0.4484375 0.0125 0.4453125 0.0109375 0.4484375 0.009375 0.4484375 0.0015625
0 0.4703125 0.04375 0.478125 0.05 0.478125 0.0671875 0.4734375 0.071875 0.4671875 0.0734375 0.44375 0.0734375 0.4359375 0.065625 0.4359375 0.0515625 0.44375 0.04375 0.4515625 0.040625 0.453125 0.0375 0.4578125 0.0375 0.459375 0.040625 0.465625 0.040625 0.46875 0.04375
0 0.4140625 0.3265625 0.4234375 0.3265625 0.4234375 0.3453125 0.409375 0.365625 0.4078125 0.3734375 0.403125 0.378125 0.4 0.3875 0.3875 0.3921875 0.38125 0.390625 0.378125 0.384375 0.375 0.3828125 0.375 0.371875 0.378125 0.3703125 0.378125 0.365625 0.38125 0.3625 0.384375 0.3515625 0.3953125 0.3390625 0.4 0.3390625 0.4140625 0.328125
0 0.31875 0.0484375 0.325 0.0515625 0.325 0.0765625 0.3234375 0.078125 0.3125 0.078125 0.30625 0.075 0.3046875 0.0703125 0.3015625 0.06875 0.2984375 0.0578125 0.2953125 0.05625 0.2953125 0.05 0.3 0.0484375 0.3015625 0.0453125 0.315625 0.0453125 0.3171875 0.0484375
0 0.2203125 0.178125 0.2234375 0.175 0.2296875 0.175 0.2359375 0.1828125 0.234375 0.2234375 0.23125 0.225 0.2296875 0.2296875 0.2234375 0.23125 0.21875 0.2296875 0.2125 0.2234375 0.2125 0.196875 0.215625 0.1953125 0.215625 0.1875 0.21875 0.1859375 0.2203125 0.1796875
0 0.3 0.1125 0.309375 0.1125 0.309375 0.1453125 0.296875 0.1546875 0.290625 0.15625 0.2859375 0.1546875 0.2859375 0.1515625 0.2828125 0.15 0.2828125 0.140625 0.2859375 0.1390625 0.2875 0.128125 0.290625 0.1265625 0.29375 0.11875 0.3 0.1140625
0 0.315625 0.1453125 0.315625 0.1640625 0.3125 0.16875 0.30625 0.175 0.2921875 0.1796875 0.2828125 0.178125 0.2828125 0.175 0.2796875 0.1734375 0.2828125 0.1703125 0.2828125 0.165625 0.309375 0.1453125 0.3140625 0.1453125
0 0.2890625 0.2734375 0.3046875 0.275 0.3234375 0.2890625 0.328125 0.3 0.328125 0.3203125 0.31875 0.3234375 0.30625 0.3203125 0.2953125 0.3109375 0.29375 0.3046875 0.2890625 0.3 0.2859375 0.2875 0.2828125 0.2859375 0.2828125 0.275 0.2875 0.2734375
0 0.184375 0.30625 0.1953125 0.3125 0.2015625 0.321875 0.2 0.3703125 0.196875 0.371875 0.196875 0.375 0.1921875 0.378125 0.190625 0.3828125 0.175 0.3828125 0.175 0.365625 0.178125 0.3640625 0.184375 0.3515625 0.1875 0.35 0.1875 0.3375 0.184375 0.3359375 0.1828125 0.328125 0.1828125 0.309375 0.184375 0.3078125
0 0.4421875 0.3390625 0.4421875 0.3625 0.4390625 0.3671875 0.4390625 0.371875 0.4359375 0.3734375 0.4328125 0.384375 0.4296875 0.3859375 0.4265625 0.3921875 0.41875 0.396875 0.4109375 0.3953125 0.409375 0.3875 0.40625 0.3859375 0.40625 0.3671875 0.409375 0.365625 0.4109375 0.353125 0.4234375 0.340625 0.434375 0.3375 0.440625 0.3390625
0 0.2078125 0.134375 0.2109375 0.13125 0.2203125 0.13125 0.2234375 0.1359375 0.2296875 0.1375 0.2375 0.15 0.2359375 0.175 0.2234375 0.1765625 0.215625 0.1609375 0.2125 0.159375 0.2109375 0.15 0.2078125 0.1484375 0.2078125 0.1359375
0 0.271875 0.14375 0.278125 0.146875 0.2796875 0.1546875 0.2828125 0.15625 0.284375 0.1609375 0.284375 0.184375 0.275 0.1859375 0.26875 0.1828125 0.2671875 0.178125 0.2609375 0.1734375 0.2609375 0.153125 0.2671875 0.1484375 0.2671875 0.1453125 0.2703125 0.1453125
0 0.3109375 0.165625 0.315625 0.1609375 0.31875 0.1609375 0.3203125 0.1640625 0.3203125 0.1890625 0.31875 0.1953125 0.315625 0.196875 0.3125 0.2109375 0.309375 0.2125 0.3078125 0.2234375 0.30625 0.225 0.296875 0.2234375 0.296875 0.19375 0.2984375 0.1875 0.3015625 0.1859375 0.303125 0.1765625 0.3078125 0.1734375 0.3109375 0.1671875
0 0.48125 0.3265625 0.490625 0.325 0.496875 0.33125 0.4984375 0.3359375 0.503125 0.3390625 0.5109375 0.3546875 0.5109375 0.3796875 0.5 0.38125 0.4921875 0.375 0.4890625 0.375 0.4859375 0.365625 0.4828125 0.3640625 0.48125 0.3484375 0.478125 0.346875 0.478125 0.3359375 0.48125 0.334375 0.48125 0.328125
0 0.5890625 0.1484375 0.5921875 0.15 0.5921875 0.171875 0.584375 0.178125 0.5796875 0.1875 0.5640625 0.203125 0.5625 0.209375 0.55625 0.2078125 0.559375 0.190625 0.5640625 0.1859375 0.565625 0.178125 0.56875 0.171875 0.571875 0.1703125 0.578125 0.153125 0.5828125 0.15 0.5875 0.15