0 0.46484375 0.525 0.0328125 0.078125
0 0.41171875 0.5078125 0.03125 0.0625
0 0.4484375 0.44140625 0.03125 0.0640625
0 0.4078125 0.69765625 0.046875 0.04296875
0 0.52890625 0.521875 0.03125 0.06953125
0 0.4921875 0.5 0.04765625 0.0390625
0 0.43984375 0.5234375 0.0328125 0.06953125
0 0.36328125 0.528125 0.034375 0.065625
0 0.434375 0.628125 0.03515625 0.0734375
0 0.31015625 0.575 0.053125 0.05859375
0 0.25546875 0.40546875 0.0453125 0.04140625
0 0.28125 0.434375 0.04921875 0.046875
0 0.4046875 0.4015625 0.02578125 0.08359375
0 0.53046875 0.3390625 0.03125 0.05546875
0 0.33125 0.8671875 0.03125 0.07109375
0 0.4125 0.196875 0.04296875 0.05546875
0 0.3734375 0.4609375 0.02890625 0.06640625
0 0.3890625 0.53359375 0.02578125 0.0890625
0 0.32578125 0.48046875 0.0421875 0.0640625
0 0.3453125 0.140625 0.02734375 0.05859375
0 0.35 0.465625 0.03671875 0.0640625
0 0.4078125 0.640625 0.02734375 0.0765625
0 0.4859375 0.82421875 0.05234375 0.0484375
0 0.4625 0.35625 0.0296875 0.07109375
0 0.1671875 0.759375 0.0390625 0.0625
0 0.5328125 0.271875 0.0296875 0.0765625
0 0.3359375 0.39921875 0.05859375 0.06796875
0 0.33125 0.7796875 0.03359375 0.0515625
0 0.46796875 0.07421875 0.034375 0.040625
0 0.30078125 0.51015625 0.04375 0.04296875
0 0.33828125 0.546875 0.0296875 0.06796875
0 0.21875 0.190625 0.0296875 0.059375
0 0.296875 0.628125 0.04921875 0.0515625