0 0.496875 0.678125 0.02890625 0.08046875
0 0.28203125 0.9 0.059375 0.0609375
0 0.3625 0.553125 0.02421875 0.10546875
0 0.60703125 0.92265625 0.05625 0.06796875
0 0.5046875 0.88984375 0.05859375 0.0515625
0 0.26796875 0.45703125 0.0625 0.1046875
0 0.225 0.478125 0.04765625 0.07265625
0 0.31875 0.69921875 0.059375 0.05625
0 0.26328125 0.79140625 0.0453125 0.08515625
0 0.1765625 0.86328125 0.0546875 0.05703125
0 0.215625 0.975 0.02109375 0.05
0 0.26171875 0.98203125 0.0453125 0.0359375
0 0.34921875 0.92890625 0.02109375 0.040625
0 0.484375 0.9140625 0.06640625 0.0546875
0 0.4796875 0.9625 0.02578125 0.075