0 0.2703125 0.759375 0.04453125 0.046875
0 0.2171875 0.765625 0.02890625 0.075
0 0.353125 0.72265625 0.01796875 0.1015625
0 0.290625 0.665625 0.05625 0.05546875
0 0.271875 0.5546875 0.04296875 0.0515625
0 0.1578125 0.95234375 0.01953125 0.0875
0 0.36171875 0.821875 0.025 0.11640625
0 0.434375 0.8328125 0.04296875 0.084375
0 0.184375 0.6453125 0.053125 0.040625
0 0.6078125 0.690625 0.0515625 0.065625
0 0.3578125 0.89765625 0.05703125 0.040625
0 0.4984375 0.4484375 0.028125 0.071875
0 0.43203125 0.9015625 0.03125 0.096875
0 0.3984375 0.8453125 0.0234375 0.10703125
0 0.225 0.8609375 0.04296875 0.05859375
0 0.3296875 0.47109375 0.06015625 0.04140625
0 0.4859375 0.6734375 0.06328125 0.05859375
0 0.4828125 0.73515625 0.02265625 0.1015625
0 0.32109375 0.86171875 0.0484375 0.04296875
0 0.24375 0.2765625 0.04375 0.0609375
0 0.54453125 0.946875 0.0328125 0.08046875
0 0.371875 0.3375 0.02265625 0.096875
0 0.178125 0.90390625 0.02578125 0.1171875
0 0.3328125 0.83359375 0.03515625 0.078125
0 0.28359375 0.26015625 0.06328125 0.10234375
0 0.50859375 0.65 0.0609375 0.05546875
0 0.4703125 0.934375 0.0328125 0.07109375
0 0.49375 0.9859375 0.03359375 0.0265625
0 0.36640625 0.93984375 0.05859375 0.0375
0 0.21328125 0.89296875 0.0390625 0.059375