0 0.265625 0.9421875 0.04375 0.0484375
0 0.2140625 0.940625 0.02734375 0.075
0 0.2640625 0.7390625 0.04453125 0.05
0 0.50625 0.83515625 0.05546875 0.0515625
0 0.321875 0.65078125 0.06171875 0.04296875
0 0.1765625 0.81796875 0.05390625 0.04453125
0 0.284375 0.8484375 0.05546875 0.0609375
0 0.60859375 0.87109375 0.05625 0.06640625
0 0.35 0.9109375 0.01953125 0.10859375
0 0.3640625 0.49765625 0.025 0.0984375
0 0.271875 0.4125 0.059375 0.10390625
0 0.2234375 0.43046875 0.0515625 0.07421875
0 0.4984375 0.6296875 0.0296875 0.08125
0 0.48125 0.9296875 0.028125 0.1078125
0 0.4859375 0.8578125 0.0640625 0.059375