0 0.221875 0.66328125 0.0390625 0.0734375
0 0.27265625 0.65859375 0.053125 0.04375
0 0.35703125 0.6203125 0.028125 0.0984375
0 0.29453125 0.565625 0.065625 0.05234375
0 0.4359375 0.72578125 0.05078125 0.07890625
0 0.1578125 0.85703125 0.02890625 0.08828125
0 0.484375 0.63671875 0.03046875 0.0953125
0 0.359375 0.79453125 0.06640625 0.0359375
0 0.46875 0.85859375 0.0515625 0.1078125
0 0.27734375 0.959375 0.0640625 0.04296875
0 0.5453125 0.846875 0.04140625 0.08046875
0 0.32421875 0.759375 0.05625 0.03984375
0 0.43359375 0.79921875 0.0390625 0.09296875
0 0.60625 0.59296875 0.06171875 0.0609375
0 0.27890625 0.45625 0.0515625 0.0453125
0 0.4890625 0.8921875 0.06171875 0.04296875
0 0.2046875 0.92734375 0.06640625 0.03984375
0 0.38125 0.89296875 0.07265625 0.06640625
0 0.36484375 0.71796875 0.034375 0.11328125
0 0.1890625 0.55 0.0609375 0.0359375
0 0.334375 0.378125 0.06796875 0.0375
0 0.4859375 0.571875 0.07109375 0.05
0 0.37578125 0.25234375 0.03125 0.084375
0 0.4984375 0.3578125 0.03671875 0.06796875
0 0.17890625 0.80703125 0.03671875 0.11875
0 0.228125 0.7625 0.05234375 0.05546875
0 0.29140625 0.178125 0.06640625 0.0859375
0 0.2515625 0.1984375 0.0484375 0.06015625
0 0.51015625 0.546875 0.065625 0.04453125
0 0.40078125 0.7375 0.03671875 0.11328125
0 0.33984375 0.7296875 0.04453125 0.07265625
0 0.36953125 0.83671875 0.06640625 0.03828125
0 0.5078125 0.98046875 0.03046875 0.034375
0 0.21796875 0.790625 0.04609375 0.0765625