0 0.2671875 0.821875 0.04453125 0.046875
0 0.215625 0.8234375 0.0296875 0.078125
0 0.35234375 0.78515625 0.01875 0.0984375
0 0.4328125 0.89453125 0.04296875 0.0859375
0 0.26953125 0.615625 0.04375 0.05
0 0.6078125 0.7515625 0.05390625 0.06640625
0 0.36171875 0.884375 0.0234375 0.1125
0 0.48203125 0.80078125 0.0234375 0.1015625
0 0.3265625 0.52890625 0.06015625 0.04140625
0 0.4859375 0.73515625 0.0640625 0.05703125
0 0.4984375 0.50625 0.02890625 0.0765625
0 0.2859375 0.72734375 0.05703125 0.05703125
0 0.18046875 0.703125 0.053125 0.0390625
0 0.36953125 0.38984375 0.0234375 0.0984375
0 0.28203125 0.30859375 0.06015625 0.0953125
0 0.23984375 0.328125 0.04453125 0.05859375
0 0.3359375 0.88828125 0.0359375 0.07578125
0 0.31875 0.928125 0.05546875 0.046875
0 0.22890625 0.91640625 0.04609375 0.065625
0 0.21484375 0.9515625 0.0328125 0.06875
0 0.178125 0.94921875 0.02890625 0.1015625
0 0.1578125 0.975 0.0125 0.05
0 0.3984375 0.90703125 0.02421875 0.10703125
0 0.48203125 0.98125 0.01484375 0.0359375
0 0.5484375 0.98515625 0.02109375 0.02890625
0 0.4375 0.94296875 0.02109375 0.04609375