0 0.4640625 0.60859375 0.0328125 0.078125
0 0.409375 0.590625 0.03203125 0.065625
0 0.27578125 0.515625 0.0515625 0.05
0 0.446875 0.521875 0.03203125 0.06640625
0 0.30625 0.65859375 0.053125 0.05859375
0 0.40625 0.78359375 0.0484375 0.04453125
0 0.53046875 0.4125 0.03125 0.05859375
0 0.36015625 0.61328125 0.0359375 0.065625
0 0.5296875 0.6046875 0.03203125 0.07109375
0 0.43828125 0.60625 0.0328125 0.0734375
0 0.33515625 0.63125 0.03125 0.0765625
0 0.2953125 0.71484375 0.05078125 0.0515625
0 0.4921875 0.58203125 0.04921875 0.04140625
0 0.328125 0.865625 0.03359375 0.0515625
0 0.346875 0.5453125 0.0359375 0.065625
0 0.53359375 0.340625 0.0296875 0.07890625
0 0.409375 0.2640625 0.04453125 0.05859375
0 0.3703125 0.54140625 0.02890625 0.06640625
0 0.296875 0.59140625 0.04296875 0.04140625
0 0.4015625 0.4796875 0.02734375 0.0875
0 0.321875 0.5609375 0.0421875 0.06640625
0 0.3859375 0.615625 0.02578125 0.090625
0 0.4671875 0.1296875 0.0359375 0.04296875
0 0.40625 0.72734375 0.02734375 0.0765625
0 0.16484375 0.8390625 0.0375 0.0609375
0 0.340625 0.2015625 0.02734375 0.05859375
0 0.33125 0.478125 0.06015625 0.06796875
0 0.43203125 0.7140625 0.0359375 0.075
0 0.2109375 0.253125 0.03125 0.065625
0 0.4609375 0.43046875 0.0296875 0.075
0 0.484375 0.909375 0.05234375 0.0484375
0 0.3296875 0.9515625 0.03203125 0.06953125
0 0.24921875 0.48359375 0.04375 0.04140625