0 0.221875 0.66328125 0.0296875 0.0765625
0 0.27265625 0.65859375 0.04375 0.046875
0 0.35703125 0.6203125 0.01875 0.1015625
0 0.29453125 0.565625 0.05625 0.05546875
0 0.4359375 0.72578125 0.04140625 0.08203125
0 0.1578125 0.85703125 0.01953125 0.09140625
0 0.484375 0.63671875 0.02109375 0.0984375
0 0.359375 0.79453125 0.05703125 0.0390625
0 0.46875 0.85859375 0.0421875 0.1109375
0 0.27734375 0.959375 0.0546875 0.04609375
0 0.5453125 0.846875 0.03203125 0.08359375
0 0.32421875 0.759375 0.046875 0.04296875
0 0.43359375 0.79921875 0.0296875 0.09609375
0 0.60625 0.59296875 0.05234375 0.0640625
0 0.27890625 0.45625 0.0421875 0.0484375
0 0.4890625 0.8921875 0.05234375 0.04609375
0 0.2046875 0.92734375 0.05703125 0.04296875
0 0.38125 0.89296875 0.06328125 0.06953125
0 0.36484375 0.71796875 0.025 0.11640625
0 0.1890625 0.55 0.0515625 0.0390625
0 0.334375 0.378125 0.05859375 0.040625
0 0.4859375 0.571875 0.06171875 0.053125
0 0.37578125 0.25234375 0.021875 0.0875
0 0.4984375 0.3578125 0.02734375 0.07109375
0 0.17890625 0.80703125 0.02734375 0.121875
0 0.228125 0.7625 0.04296875 0.05859375
0 0.29140625 0.178125 0.05703125 0.0890625
0 0.2515625 0.1984375 0.0390625 0.06328125
0 0.51015625 0.546875 0.05625 0.04765625
0 0.40078125 0.7375 0.02734375 0.11640625
0 0.33984375 0.7296875 0.03515625 0.07578125
0 0.36953125 0.83671875 0.05703125 0.04140625
0 0.5078125 0.98046875 0.02109375 0.0375
0 0.21796875 0.790625 0.03671875 0.0796875