0 0.23125 0.9015625 0.04921875 0.04296875
0 0.26015625 0.9375 0.0546875 0.0453125
0 0.3171875 0.57890625 0.034375 0.0734375
0 0.39140625 0.90546875 0.03125 0.09296875
0 0.459375 0.48515625 0.04296875 0.05
0 0.4546875 0.85703125 0.03359375 0.0765625
0 0.5296875 0.8296875 0.0375 0.0609375
0 0.4375 0.94140625 0.03359375 0.0375
0 0.178125 0.6328125 0.03515625 0.06953125
0 0.3953125 0.659375 0.05234375 0.06484375
0 0.5328125 0.7484375 0.03671875 0.0875
0 0.53046875 0.24453125 0.0328125 0.06484375
0 0.3171875 0.90546875 0.06640625 0.0734375
0 0.2546875 0.159375 0.03046875 0.0453125
0 0.33046875 0.9609375 0.0359375 0.03984375
0 0.30546875 0.978125 0.040625 0.04140625