0 0.45 0 0.471875 0 0.465625 0.0109375 0.45625 0.0140625 0.45 0.0109375 0.45 0.0015625
0 0.45625 0.0359375 0.46875 0.0390625 0.475 0.046875 0.475 0.0609375 0.4703125 0.065625 0.45625 0.071875 0.4453125 0.06875 0.4390625 0.059375 0.4390625 0.05 0.4421875 0.0421875 0.446875 0.0375 0.4546875 0.0359375
0 0.4171875 0.3203125 0.421875 0.325 0.4203125 0.334375 0.4046875 0.3625 0.4 0.3765625 0.396875 0.38125 0.3890625 0.3859375 0.3828125 0.384375 0.3796875 0.3796875 0.378125 0.365625 0.38125 0.3546875 0.3890625 0.3375 0.409375 0.321875 0.415625 0.3203125
0 0.3171875 0.04375 0.3234375 0.053125 0.3234375 0.0671875 0.31875 0.0734375 0.3125 0.0734375 0.30625 0.0671875 0.3 0.0546875 0.3 0.0453125 0.303125 0.0421875 0.315625 0.04375
0 0.23125 0.175 0.2328125 0.203125 0.2265625 0.2234375 0.2203125 0.221875 0.2171875 0.2109375 0.2171875 0.1953125 0.221875 0.175 0.2265625 0.171875 0.2296875 0.175
0 0.3015625 0.1421875 0.30625 0.1375 0.3125 0.1390625 0.3140625 0.1421875 0.3125 0.1578125 0.296875 0.1734375 0.2859375 0.1734375 0.284375 0.1703125 0.2859375 0.1578125 0.2921875 0.15 0.2953125 0.15 0.3015625 0.14375
0 0.2890625 0.2671875 0.3046875 0.26875 0.3125 0.275 0.325 0.296875 0.325 0.3109375 0.321875 0.315625 0.3171875 0.3171875 0.303125 0.3109375 0.2890625 0.284375 0.2875 0.278125 0.2890625 0.26875
0 0.3140625 0.1578125 0.31875 0.1625 0.31875 0.1734375 0.3046875 0.2203125 0.303125 0.221875 0.3 0.21875 0.2984375 0.2125 0.2984375 0.1921875 0.3046875 0.16875 0.3078125 0.1625 0.3125 0.159375
0 0.2265625 0.1453125 0.0234375 0.04609375
0 0.30625 0.1078125 0.3078125 0.109375 0.30625 0.1359375 0.2921875 0.15 0.2875 0.146875 0.2875 0.128125 0.29375 0.1125 0.3 0.1078125 0.3046875 0.1078125
0 0.1859375 0.3 0.1921875 0.303125 0.2 0.325 0.196875 0.3609375 0.1875 0.3765625 0.1828125 0.3765625 0.1796875 0.3734375 0.1796875 0.3609375 0.1875 0.34375 0.1875 0.3265625 0.184375 0.3125 0.1859375 0.3015625
0 0.4359375 0.3296875 0.440625 0.3390625 0.4390625 0.3515625 0.4265625 0.3828125 0.41875 0.3890625 0.4125 0.384375 0.4109375 0.375 0.4125 0.35 0.41875 0.3375 0.4265625 0.33125 0.434375 0.3296875
0 0.271875 0.1375 0.275 0.140625 0.28125 0.1578125 0.2796875 0.178125 0.2765625 0.1796875 0.26875 0.1734375 0.265625 0.1625 0.265625 0.15 0.2703125 0.1390625
0 0.4875 0.315625 0.4921875 0.31875 0.503125 0.3375 0.5078125 0.353125 0.50625 0.371875 0.496875 0.3734375 0.4875 0.3609375 0.4828125 0.3375 0.4828125 0.328125 0.4859375 0.3171875
0 0.4921875 0.05 0.503125 0.05 0.5078125 0.0546875 0.5140625 0.06875 0.5125 0.08125 0.509375 0.084375 0.503125 0.0828125 0.4921875 0.0703125 0.490625 0.065625 0.4921875 0.0515625
0 0.5859375 0.1421875 0.590625 0.15 0.5890625 0.1609375 0.5609375 0.203125 0.5578125 0.2 0.5578125 0.1953125 0.5640625 0.175 0.571875 0.1609375 0.575 0.1484375 0.5796875 0.1421875 0.584375 0.1421875