0 0.496875 0.678125 0.03984375 0.07734375
0 0.28203125 0.9 0.0703125 0.0578125
0 0.3625 0.553125 0.03515625 0.10234375
0 0.60703125 0.92265625 0.0671875 0.06484375
0 0.5046875 0.88984375 0.06953125 0.0484375
0 0.26796875 0.45703125 0.0734375 0.1015625
0 0.225 0.478125 0.05859375 0.06953125
0 0.31875 0.69921875 0.0703125 0.053125
0 0.26328125 0.79140625 0.05625 0.08203125
0 0.1765625 0.86328125 0.065625 0.05390625
0 0.215625 0.975 0.03203125 0.046875
0 0.26171875 0.98203125 0.05625 0.0328125
0 0.34921875 0.92890625 0.03203125 0.0375
0 0.484375 0.9140625 0.07734375 0.0515625
0 0.4796875 0.9625 0.03671875 0.071875