0 0.271875 0.69296875 0.04375 0.046875
0 0.3640625 0.75546875 0.025 0.1140625
0 0.2921875 0.6 0.05703125 0.05859375
0 0.1578125 0.8875 0.01953125 0.09140625
0 0.35625 0.65390625 0.01796875 0.103125
0 0.4890625 0.92734375 0.05 0.04609375
0 0.46796875 0.89140625 0.0421875 0.1109375
0 0.2203125 0.6984375 0.028125 0.078125
0 0.434375 0.76484375 0.04140625 0.08203125
0 0.2046875 0.959375 0.05703125 0.04453125
0 0.1875 0.58203125 0.0515625 0.04140625
0 0.359375 0.83125 0.05703125 0.0375
0 0.375 0.28046875 0.021875 0.09140625
0 0.321875 0.79453125 0.0484375 0.04140625
0 0.4828125 0.66875 0.02265625 0.1015625
0 0.3671875 0.8703125 0.059375 0.04296875
0 0.4 0.778125 0.02421875 0.1
0 0.5453125 0.8828125 0.03203125 0.084375
0 0.33203125 0.409375 0.059375 0.040625
0 0.4984375 0.38671875 0.0265625 0.07109375
0 0.4859375 0.60703125 0.06328125 0.05859375
0 0.60703125 0.62734375 0.0515625 0.065625
0 0.2890625 0.2015625 0.06015625 0.08359375
0 0.24921875 0.22734375 0.040625 0.06484375
0 0.27734375 0.48828125 0.04453125 0.0484375
0 0.509375 0.58203125 0.06171875 0.05234375
0 0.33671875 0.7625 0.0328125 0.07890625
0 0.234375 0.79375 0.05234375 0.06484375
0 0.21796875 0.834375 0.040625 0.0703125
0 0.1796875 0.840625 0.03046875 0.12578125
0 0.43125 0.84140625 0.03203125 0.1046875
0 0.38359375 0.92578125 0.0640625 0.06171875
0 0.2796875 0.9828125 0.05703125 0.03359375