0 0.6765625 0.5796875 0.0203125 0.05390625
0 0.6671875 0.3046875 0.6734375 0.315625 0.6734375 0.3296875 0.6796875 0.3453125 0.678125 0.3546875 0.671875 0.3609375 0.6640625 0.359375 0.659375 0.3546875 0.65625 0.3421875 0.6578125 0.3125 0.665625 0.3046875
0 0.534375 0.021875 0.5453125 0.03125 0.5609375 0.0390625 0.559375 0.0484375 0.553125 0.053125 0.546875 0.053125 0.5375 0.0484375 0.528125 0.0390625 0.5265625 0.0234375 0.5296875 0.0203125 0.5328125 0.021875
0 0.4796875 0.8484375 0.478125 0.84375 0.4796875 0.80625 0.475 0.78125 0.4765625 0.7671875 0.48125 0.7671875 0.4875 0.7765625 0.49375 0.8140625 0.49375 0.8359375 0.4890625 0.846875 0.484375 0.85 0.48125 0.8484375
0 0.18125 0.625 0.184375 0.6265625 0.1875 0.6328125 0.1875 0.6453125 0.18125 0.659375 0.175 0.665625 0.1703125 0.6671875 0.159375 0.665625 0.1578125 0.6515625 0.1640625 0.6375 0.175 0.6265625 0.1796875 0.625
0 0.171875 0.615625 0.025 0.04140625
0 0.2375 0.4703125 0.2421875 0.471875 0.2484375 0.4859375 0.2484375 0.503125 0.2453125 0.5125 0.2453125 0.5234375 0.240625 0.5359375 0.2359375 0.5359375 0.2328125 0.5328125 0.2296875 0.525 0.2296875 0.4953125 0.2375 0.471875
0 0.671875 0.378125 0.6765625 0.3890625 0.6796875 0.4140625 0.6796875 0.4421875 0.675 0.4546875 0.671875 0.45625 0.6671875 0.453125 0.6625 0.44375 0.6609375 0.409375 0.659375 0.4078125 0.659375 0.39375 0.6625 0.38125 0.6671875 0.3765625 0.6703125 0.378125
0 0.25 0.7859375 0.265625 0.7921875 0.275 0.803125 0.275 0.81875 0.26875 0.825 0.25625 0.8234375 0.2515625 0.815625 0.2390625 0.803125 0.2375 0.7875 0.2484375 0.7859375
0 0.15625 0.9828125 0.1625 0.9890625 0.1640625 0.9984375 0.15 0.9984375 0.15 0.9875 0.1546875 0.9828125
0 0.6671875 0.590625 0.6734375 0.6046875 0.6734375 0.6296875 0.6671875 0.6484375 0.6609375 0.6546875 0.6578125 0.653125 0.65625 0.6484375 0.6578125 0.615625 0.6609375 0.6015625 0.665625 0.5921875
0 0.6515625 0.3953125 0.6578125 0.4015625 0.659375 0.4109375 0.6578125 0.41875 0.6546875 0.4203125 0.6359375 0.41875 0.6296875 0.4140625 0.628125 0.409375 0.6296875 0.4 0.634375 0.3953125 0.6375 0.39375 0.65 0.3953125