0 0.4578125 0.0140625 0.4734375 0.025 0.475 0.0390625 0.4703125 0.046875 0.45625 0.05 0.44375 0.0484375 0.4390625 0.040625 0.440625 0.025 0.4484375 0.015625 0.45625 0.0140625
0 0.384375 0.3671875 0.3796875 0.3609375 0.3796875 0.3453125 0.3875 0.325 0.39375 0.3171875 0.4125 0.3046875 0.421875 0.30625 0.4203125 0.31875 0.4046875 0.346875 0.4015625 0.359375 0.3921875 0.3671875 0.3875 0.36875 0.3859375 0.3671875
0 0.3171875 0.03125 0.321875 0.0359375 0.325 0.0453125 0.325 0.053125 0.321875 0.0609375 0.3125 0.0609375 0.3078125 0.05625 0.3015625 0.0421875 0.3015625 0.034375 0.3046875 0.03125 0.315625 0.03125
0 0.228125 0.184375 0.01796875 0.053125
0 0.30625 0.125 0.3140625 0.125 0.315625 0.1296875 0.3140625 0.1421875 0.2953125 0.1609375 0.290625 0.1609375 0.2859375 0.15625 0.2875 0.14375 0.30625 0.1265625
0 0.29375 0.2515625 0.3 0.2546875 0.30625 0.253125 0.3203125 0.2671875 0.3265625 0.28125 0.3265625 0.29375 0.3203125 0.3 0.3046875 0.2953125 0.3 0.2890625 0.2890625 0.265625 0.2890625 0.253125 0.2921875 0.2515625
0 0.3171875 0.1453125 0.3203125 0.1484375 0.3203125 0.159375 0.3125 0.18125 0.3078125 0.203125 0.3046875 0.20625 0.3 0.2015625 0.3 0.175 0.3078125 0.1515625 0.315625 0.1453125
0 0.225 0.1140625 0.234375 0.1265625 0.2375 0.1375 0.2375 0.1484375 0.2328125 0.1578125 0.228125 0.1578125 0.225 0.1546875 0.215625 0.128125 0.2140625 0.1203125 0.215625 0.1140625 0.2171875 0.1125 0.2234375 0.1140625
0 0.3 0.11640625 0.02265625 0.04453125
0 0.1890625 0.284375 0.1953125 0.2890625 0.2015625 0.30625 0.1984375 0.3453125 0.1921875 0.3578125 0.1890625 0.3609375 0.184375 0.3609375 0.18125 0.35625 0.1828125 0.3390625 0.1875 0.3328125 0.190625 0.321875 0.1859375 0.296875 0.1875 0.2859375
0 0.4359375 0.3125 0.4390625 0.3140625 0.440625 0.31875 0.440625 0.33125 0.4296875 0.3609375 0.421875 0.371875 0.415625 0.371875 0.4125 0.3640625 0.4140625 0.3328125 0.4234375 0.3171875 0.4296875 0.3125 0.434375 0.3125
0 0.2765625 0.14609375 0.01796875 0.04140625
0 0.490625 0.3 0.4953125 0.3109375 0.5015625 0.3171875 0.5078125 0.3375 0.5078125 0.35 0.503125 0.3578125 0.496875 0.35625 0.4890625 0.346875 0.484375 0.33125 0.4828125 0.3125 0.484375 0.303125 0.4890625 0.3
0 0.5046875 0.0390625 0.5140625 0.0578125 0.5140625 0.065625 0.509375 0.071875 0.503125 0.0703125 0.49375 0.0609375 0.490625 0.0546875 0.4921875 0.0390625 0.49375 0.0375 0.503125 0.0390625
0 0.584375 0.128125 0.5890625 0.134375 0.5890625 0.146875 0.575 0.165625 0.571875 0.1734375 0.5640625 0.18125 0.5609375 0.1890625 0.5578125 0.1859375 0.5609375 0.16875 0.5703125 0.15 0.575 0.134375 0.5828125 0.128125