0 0.5015625 0.053125 0.509375 0.0625 0.5140625 0.075 0.5140625 0.0828125 0.509375 0.0875 0.5015625 0.0859375 0.4953125 0.0796875 0.490625 0.0703125 0.4921875 0.05625 0.4953125 0.053125 0.5 0.053125
0 0.45 0 0.471875 0 0.4703125 0.009375 0.45625 0.01875 0.45 0.015625 0.4484375 0.009375 0.45 0.0015625
0 0.45625 0.0375 0.4625 0.0390625 0.475 0.05 0.4734375 0.065625 0.46875 0.0703125 0.459375 0.0734375 0.4484375 0.0734375 0.4390625 0.0640625 0.4390625 0.05 0.4484375 0.0390625 0.4546875 0.0375
0 0.4 0.359375 0.04453125 0.06640625
0 0.3125 0.046875 0.3203125 0.0515625 0.3234375 0.0609375 0.3234375 0.0703125 0.3171875 0.078125 0.30625 0.0734375 0.2984375 0.05625 0.3 0.0484375 0.3109375 0.046875
0 0.2265625 0.1765625 0.2328125 0.1875 0.2328125 0.2046875 0.2296875 0.221875 0.2234375 0.23125 0.2171875 0.221875 0.2171875 0.196875 0.221875 0.178125 0.225 0.1765625
0 0.296875 0.134375 0.02265625 0.04453125
0 0.2984375 0.16171875 0.03203125 0.0375
0 0.2921875 0.2734375 0.3046875 0.275 0.31875 0.2890625 0.325 0.303125 0.325 0.315625 0.321875 0.321875 0.31875 0.3234375 0.3109375 0.321875 0.296875 0.309375 0.2875 0.2859375 0.2875 0.275 0.290625 0.2734375
0 0.1859375 0.30625 0.19375 0.3125 0.1984375 0.325 0.196875 0.3625 0.1890625 0.38125 0.1859375 0.3828125 0.1796875 0.38125 0.1796875 0.3640625 0.1875 0.3484375 0.1875 0.3359375 0.184375 0.3265625 0.184375 0.3078125
0 0.434375 0.3359375 0.4390625 0.3390625 0.4390625 0.3578125 0.434375 0.365625 0.428125 0.3859375 0.41875 0.396875 0.4140625 0.39375 0.4109375 0.384375 0.4125 0.35625 0.4203125 0.3421875 0.4328125 0.3359375
0 0.2203125 0.1328125 0.2265625 0.1375 0.234375 0.1578125 0.2328125 0.1703125 0.228125 0.1765625 0.221875 0.1734375 0.2125 0.1484375 0.2109375 0.1375 0.2140625 0.1328125 0.21875 0.1328125
0 0.271875 0.14375 0.2765625 0.15 0.2765625 0.1546875 0.28125 0.1640625 0.2796875 0.184375 0.275 0.1859375 0.265625 0.171875 0.265625 0.153125 0.2703125 0.1453125
0 0.3171875 0.1640625 0.31875 0.178125 0.3046875 0.225 0.3 0.225 0.2984375 0.221875 0.2984375 0.19375 0.30625 0.1703125 0.3125 0.1625 0.315625 0.1640625
0 0.490625 0.3234375 0.5 0.3375 0.50625 0.353125 0.5078125 0.3734375 0.503125 0.38125 0.5 0.38125 0.490625 0.3734375 0.484375 0.35625 0.4828125 0.334375 0.484375 0.325 0.4890625 0.3234375
0 0.584375 0.146875 0.5890625 0.15 0.590625 0.1546875 0.5890625 0.1671875 0.5640625 0.2015625 0.5625 0.2078125 0.559375 0.209375 0.5578125 0.20625 0.5609375 0.1890625 0.5765625 0.1515625 0.5828125 0.1484375