0 0.52890625 0.475 0.0265625 0.06640625
0 0.4125 0.459375 0.02578125 0.0609375
0 0.440625 0.475 0.0265625 0.06953125
0 0.44921875 0.396875 0.0265625 0.0609375
0 0.2828125 0.390625 0.04453125 0.046875
0 0.40625 0.359375 0.02265625 0.084375
0 0.465625 0.47578125 0.02734375 0.0734375
0 0.3125 0.5265625 0.04765625 0.05546875
0 0.40859375 0.646875 0.0421875 0.04140625
0 0.4640625 0.31171875 0.02421875 0.06796875
0 0.5296875 0.296875 0.02578125 0.05390625
0 0.375 0.4140625 0.02265625 0.0640625
0 0.390625 0.48515625 0.021875 0.084375
0 0.4921875 0.453125 0.04140625 0.0390625
0 0.48671875 0.7734375 0.0484375 0.046875
0 0.3484375 0.103125 0.02109375 0.05546875
0 0.328125 0.4328125 0.0359375 0.0625
0 0.36484375 0.48203125 0.0296875 0.0640625
0 0.3515625 0.4171875 0.03125 0.059375
0 0.5328125 0.2328125 0.02421875 0.0734375
0 0.4140625 0.159375 0.0375 0.05546875
0 0.3328125 0.81640625 0.02578125 0.071875
0 0.43515625 0.578125 0.0296875 0.075
0 0.33828125 0.35625 0.053125 0.065625
0 0.16875 0.709375 0.03359375 0.065625
0 0.409375 0.5890625 0.0234375 0.075
0 0.340625 0.49921875 0.025 0.06796875
0 0.2234375 0.153125 0.02421875 0.059375
0 0.303125 0.4625 0.0375 0.04140625
0 0.46875 0.0421875 0.028125 0.0375
0 0.2578125 0.36171875 0.03828125 0.040625
0 0.29921875 0.578125 0.04375 0.05
0 0.33203125 0.7296875 0.028125 0.0484375