0 0.2921875 0.1921875 0.3015625 0.1875 0.30625 0.18125 0.3109375 0.18125 0.3125 0.184375 0.3125 0.2046875 0.30625 0.209375 0.3046875 0.2140625 0.2953125 0.2203125 0.2765625 0.2203125 0.2765625 0.2078125 0.284375 0.2 0.2875 0.2 0.2921875 0.19375
0 0.4765625 0.0171875 0.4765625 0 0.5 0 0.4984375 0.028125 0.484375 0.0265625 0.4796875 0.0234375 0.478125 0.0171875
0 0.4875 0.0921875 0.4921875 0.0875 0.503125 0.0875 0.5140625 0.0984375 0.5171875 0.10625 0.5171875 0.1234375 0.5 0.1234375 0.49375 0.11875 0.490625 0.1109375 0.4875 0.109375 0.4875 0.09375
0 0.4546875 0.01875 0.4640625 0.0109375 0.4703125 0.0109375 0.4765625 0.0171875 0.4765625 0.0375 0.4734375 0.0453125 0.4671875 0.05 0.44375 0.05 0.44375 0.0375 0.446875 0.0359375 0.4484375 0.028125 0.4515625 0.0265625 0.4546875 0.0203125
0 0.3796875 0.403125 0.3828125 0.4015625 0.384375 0.39375 0.3890625 0.3875 0.39375 0.3875 0.4046875 0.378125 0.4078125 0.378125 0.409375 0.375 0.4234375 0.375 0.4234375 0.3875 0.4171875 0.4 0.4140625 0.4015625 0.4078125 0.4171875 0.4046875 0.41875 0.4 0.4359375 0.396875 0.4390625 0.3921875 0.4421875 0.3765625 0.4421875 0.371875 0.4390625 0.371875 0.4171875 0.375 0.415625 0.3796875 0.4046875
0 0.265625 0.0125 0.265625 0 0.2859375 0 0.2859375 0.0109375 0.278125 0.01875 0.26875 0.01875 0.2671875 0.0125
0 0.34375 0.009375 0.34375 0 0.3671875 0 0.3671875 0.0046875 0.3625 0.0109375 0.346875 0.0125 0.3453125 0.009375
0 0.215625 0.2203125 0.21875 0.2203125 0.2203125 0.2171875 0.2265625 0.2171875 0.2265625 0.2203125 0.23125 0.225 0.2296875 0.2640625 0.2265625 0.265625 0.225 0.271875 0.2171875 0.2734375 0.2078125 0.26875 0.2078125 0.2390625 0.2109375 0.2375 0.2109375 0.228125 0.2140625 0.2265625 0.215625 0.221875
0 0.2609375 0.1875 0.265625 0.1828125 0.2703125 0.1828125 0.2796875 0.2015625 0.2796875 0.225 0.265625 0.225 0.259375 0.2140625 0.2609375 0.1890625
0 0.3078125 0.20625 0.3109375 0.2046875 0.3171875 0.20625 0.3171875 0.2296875 0.315625 0.234375 0.3125 0.2359375 0.309375 0.25 0.30625 0.2515625 0.303125 0.26875 0.29375 0.26875 0.29375 0.2625 0.290625 0.2609375 0.290625 0.240625 0.29375 0.2390625 0.2953125 0.225 0.2984375 0.2234375 0.3015625 0.2125 0.3078125 0.2078125
0 0.2515625 0.0125 0.2625 0.015625 0.2625 0.0328125 0.228125 0.0328125 0.2265625 0.03125 0.2265625 0.0171875 0.2296875 0.0125 0.2328125 0.0125 0.234375 0.009375 0.2421875 0.009375 0.24375 0.0125 0.25 0.0125
0 0.296875 0.3203125 0.309375 0.325 0.315625 0.334375 0.321875 0.3390625 0.325 0.346875 0.325 0.3671875 0.321875 0.3703125 0.30625 0.36875 0.2984375 0.3640625 0.2921875 0.353125 0.2890625 0.3515625 0.2828125 0.33125 0.2796875 0.3296875 0.2796875 0.325 0.2828125 0.3234375 0.284375 0.31875 0.2953125 0.3203125
0 0.2859375 0.159375 0.2890625 0.1578125 0.2921875 0.1515625 0.30625 0.1484375 0.30625 0.184375 0.296875 0.1890625 0.2890625 0.196875 0.28125 0.196875 0.2796875 0.1890625 0.2765625 0.1875 0.2765625 0.1828125 0.2796875 0.18125 0.28125 0.1671875 0.284375 0.165625 0.2859375 0.1609375
0 0.2953125 0.0828125 0.3078125 0.08125 0.3140625 0.0828125 0.321875 0.0890625 0.321875 0.1125 0.309375 0.1140625 0.303125 0.1125 0.2984375 0.1078125 0.2953125 0.096875 0.2921875 0.0953125 0.2921875 0.0859375 0.2953125 0.084375
0 0.1890625 0.3546875 0.196875 0.365625 0.196875 0.4125 0.190625 0.425 0.1828125 0.4328125 0.175 0.4328125 0.1703125 0.4234375 0.1734375 0.421875 0.175 0.409375 0.178125 0.4078125 0.18125 0.3953125 0.184375 0.39375 0.184375 0.384375 0.18125 0.3828125 0.1796875 0.3734375 0.1796875 0.353125 0.18125 0.35 0.184375 0.35 0.1875 0.3546875
0 0.41875 0.3890625 0.4265625 0.3875 0.4296875 0.3828125 0.4390625 0.3828125 0.4421875 0.3875 0.4421875 0.409375 0.4390625 0.4171875 0.4359375 0.41875 0.4328125 0.43125 0.4296875 0.4328125 0.428125 0.4390625 0.4203125 0.446875 0.409375 0.446875 0.40625 0.44375 0.40625 0.4078125 0.409375 0.40625 0.4109375 0.396875 0.41875 0.390625
0 0.203125 0.171875 0.215625 0.1703125 0.225 0.175 0.2328125 0.1875 0.2328125 0.2125 0.23125 0.215625 0.221875 0.215625 0.2171875 0.2125 0.2109375 0.2 0.2078125 0.1984375 0.20625 0.1875 0.203125 0.1859375 0.203125 0.1734375
0 0.4671875 0.075 0.4734375 0.078125 0.478125 0.084375 0.478125 0.1015625 0.475 0.10625 0.4609375 0.1109375 0.440625 0.109375 0.4328125 0.1 0.4328125 0.0875 0.4453125 0.075 0.465625 0.075
0 0.590625 0.1859375 0.5953125 0.1890625 0.5953125 0.20625 0.5875 0.2140625 0.584375 0.221875 0.575 0.2296875 0.571875 0.2375 0.5609375 0.246875 0.5609375 0.25 0.55625 0.25 0.55625 0.2328125 0.565625 0.221875 0.565625 0.215625 0.571875 0.209375 0.5734375 0.2 0.5765625 0.19375 0.5796875 0.1921875 0.5796875 0.1890625 0.5890625 0.1859375
0 0.478125 0.3765625 0.48125 0.375 0.4828125 0.36875 0.490625 0.36875 0.496875 0.38125 0.5046875 0.3875 0.5046875 0.3921875 0.5078125 0.39375 0.5109375 0.4046875 0.5109375 0.428125 0.509375 0.4296875 0.4953125 0.4296875 0.4890625 0.425 0.4859375 0.4171875 0.4828125 0.415625 0.48125 0.4015625 0.478125 0.4 0.478125 0.378125