0 0.47578125 0.20625 0.034375 0.0875
0 0.54140625 0.20703125 0.0265625 0.0640625
0 0.4484375 0.1140625 0.03359375 0.0609375
0 0.475 0.32265625 0.02265625 0.0875
0 0.31640625 0.071875 0.0359375 0.0375
0 0.3859375 0.04765625 0.015625 0.0625
0 0.4875 0.05859375 0.01796875 0.0640625
0 0.3359375 0.01640625 0.04375 0.0328125
0 0.30625 0.30078125 0.05 0.04609375
0 0.41953125 0.1265625 0.021875 0.071875
0 0.271875 0.08359375 0.02734375 0.05546875
0 0.490625 0.01796875 0.05078125 0.0359375
0 0.24765625 0.015625 0.0421875 0.02890625
0 0.390625 0.10859375 0.02265625 0.078125
0 0.26171875 0.1671875 0.0265625 0.0484375
0 0.5109375 0.3265625 0.01953125 0.06640625
0 0.240625 0.28515625 0.05234375 0.040625
0 0.446875 0.1640625 0.02578125 0.06953125
0 0.5875 0.04375 0.0390625 0.040625
0 0.49375 0.2375 0.04296875 0.0359375
0 0.27265625 0.1484375 0.034375 0.04140625
0 0.203125 0.2296875 0.02109375 0.0734375
0 0.51484375 0.0140625 0.028125 0.028125
0 0.39140625 0.18828125 0.05 0.0375
0 0.3546875 0.1375 0.03984375 0.03359375
0 0.3671875 0.11171875 0.02578125 0.05703125
0 0.384375 0.159375 0.04765625 0.03359375
0 0.403125 0.234375 0.05703125 0.05703125
0 0.2265625 0.1921875 0.0265625 0.09296875
0 0.5578125 0.3765625 0.04140625 0.0890625
0 0.18828125 0.57890625 0.021875 0.0890625