0 0.678125 0.6125 0.684375 0.6171875 0.6859375 0.6265625 0.6890625 0.628125 0.690625 0.6625 0.6796875 0.6671875 0.6734375 0.665625 0.671875 0.659375 0.6640625 0.6515625 0.6640625 0.6390625 0.6671875 0.6375 0.66875 0.6265625 0.671875 0.625 0.6734375 0.61875 0.678125 0.6140625
0 0.24375 0.8484375 0.265625 0.85625 0.2765625 0.8640625 0.2765625 0.8859375 0.2734375 0.8890625 0.2640625 0.890625 0.259375 0.890625 0.2578125 0.8875 0.2546875 0.8875 0.25 0.8796875 0.2421875 0.8734375 0.2390625 0.8734375 0.234375 0.8640625 0.23125 0.8625 0.23125 0.8515625 0.2421875 0.8484375
0 0.234375 0.53125 0.2375 0.53125 0.246875 0.5421875 0.2453125 0.5890625 0.2421875 0.590625 0.240625 0.5953125 0.2328125 0.5984375 0.2296875 0.5953125 0.225 0.5953125 0.2234375 0.5859375 0.2203125 0.584375 0.2203125 0.5609375 0.2234375 0.559375 0.2234375 0.553125 0.228125 0.5484375 0.2296875 0.5390625 0.2328125 0.5375 0.234375 0.5328125
0 0.6671875 0.3578125 0.671875 0.3578125 0.6734375 0.3625 0.68125 0.3703125 0.68125 0.3890625 0.684375 0.39375 0.684375 0.4125 0.66875 0.4140625 0.6578125 0.409375 0.6578125 0.4015625 0.6546875 0.4 0.6546875 0.375 0.6578125 0.3734375 0.659375 0.3640625 0.6671875 0.359375
0 0.4703125 0.834375 0.478125 0.8328125 0.4828125 0.8375 0.4859375 0.8375 0.4875 0.84375 0.490625 0.8453125 0.4921875 0.8578125 0.4953125 0.859375 0.496875 0.86875 0.496875 0.903125 0.4953125 0.90625 0.4921875 0.9078125 0.490625 0.9125 0.484375 0.915625 0.475 0.9109375 0.4734375 0.9078125 0.475 0.8703125 0.4734375 0.8546875 0.4703125 0.853125 0.4703125 0.8359375
0 0.1734375 0.65625 0.1796875 0.65625 0.18125 0.659375 0.18125 0.6875 0.1609375 0.6984375 0.1546875 0.6953125 0.1546875 0.6796875 0.1640625 0.665625 0.1734375 0.6578125
0 0.6734375 0.4328125 0.6828125 0.44375 0.684375 0.45 0.684375 0.509375 0.6828125 0.5125 0.675 0.5140625 0.66875 0.5125 0.665625 0.5015625 0.6625 0.5 0.6609375 0.4875 0.6625 0.4390625 0.6734375 0.434375
0 0.546875 0 0.571875 0 0.5828125 0.015625 0.5828125 0.0328125 0.5796875 0.0328125 0.578125 0.0359375 0.575 0.034375 0.5765625 0.0328125 0.571875 0.025 0.56875 0.025 0.5640625 0.01875 0.55 0.0109375 0.55 0.0078125 0.546875 0.00625 0.546875 0.0015625
0 0.175 0.6875 0.18125 0.6890625 0.1875 0.6953125 0.1875 0.7140625 0.184375 0.721875 0.1765625 0.728125 0.1671875 0.7296875 0.1578125 0.7296875 0.1515625 0.7265625 0.1515625 0.715625 0.1546875 0.7140625 0.159375 0.703125 0.175 0.6890625
0 0.671875 0.653125 0.6765625 0.65625 0.6765625 0.6984375 0.6703125 0.7109375 0.6625 0.7171875 0.6578125 0.7171875 0.653125 0.7125 0.653125 0.696875 0.65625 0.6953125 0.6578125 0.6734375 0.6609375 0.671875 0.6625 0.6625 0.6703125 0.653125
0 0.6546875 0.45 0.6625 0.4546875 0.6625 0.475 0.6609375 0.4765625 0.634375 0.475 0.6296875 0.471875 0.6296875 0.4671875 0.6265625 0.465625 0.6265625 0.4625 0.6296875 0.4609375 0.634375 0.4515625 0.653125 0.45