0 0.54375 0.45625 0.559375 0.45625 0.5609375 0.4625 0.565625 0.4671875 0.5703125 0.4828125 0.5703125 0.4953125 0.5671875 0.4984375 0.5546875 0.4953125 0.5453125 0.4890625 0.5421875 0.4859375 0.540625 0.4765625 0.5375 0.475 0.5375 0.46875 0.540625 0.4671875 0.540625 0.4625 0.54375 0.4578125
0 0.5046875 0.9796875 0.5109375 0.9796875 0.5109375 0.996875 0.509375 0.9984375 0.49375 0.996875 0.496875 0.9953125 0.496875 0.9890625 0.5 0.9875 0.5 0.984375 0.5046875 0.98125
0 0.5109375 0.95625 0.5140625 0.9546875 0.515625 0.95 0.5203125 0.9484375 0.528125 0.9515625 0.5265625 0.9984375 0.509375 0.9984375 0.5078125 0.9625 0.5109375 0.9578125
0 0.5375 0.7609375 0.5390625 0.7625 0.5390625 0.8078125 0.534375 0.8125 0.5328125 0.81875 0.5234375 0.8234375 0.5125 0.821875 0.5125 0.7875 0.515625 0.7859375 0.515625 0.7796875 0.5171875 0.775 0.5203125 0.7734375 0.521875 0.765625 0.5296875 0.759375 0.5359375 0.7609375
0 0.3875 0.9078125 0.396875 0.9078125 0.3984375 0.9109375 0.40625 0.9109375 0.4171875 0.9171875 0.4171875 0.9375 0.4078125 0.9390625 0.3890625 0.9375 0.375 0.9265625 0.375 0.91875 0.378125 0.9171875 0.378125 0.9140625 0.3875 0.909375
0 0.31875 0.9265625 0.321875 0.925 0.334375 0.9265625 0.3359375 0.9296875 0.3421875 0.93125 0.346875 0.9359375 0.346875 0.95625 0.3421875 0.9625 0.3265625 0.9671875 0.3125 0.965625 0.3046875 0.9578125 0.3046875 0.9421875 0.31875 0.928125
0 0.4125 0.74375 0.415625 0.74375 0.421875 0.7515625 0.4234375 0.7625 0.4484375 0.7796875 0.4484375 0.7953125 0.44375 0.8015625 0.4296875 0.803125 0.415625 0.8 0.409375 0.7921875 0.409375 0.7859375 0.40625 0.784375 0.40625 0.753125 0.409375 0.7515625 0.4125 0.7453125
0 0.3875 0.6859375 0.3984375 0.684375 0.4125 0.6875 0.41875 0.6921875 0.4234375 0.7015625 0.421875 0.71875 0.4140625 0.7234375 0.40625 0.7234375 0.39375 0.7140625 0.3875 0.7 0.384375 0.6984375 0.384375 0.6890625 0.3875 0.6875
0 0.428125 0.6609375 0.43125 0.6609375 0.4328125 0.6640625 0.44375 0.665625 0.45 0.6765625 0.453125 0.678125 0.4578125 0.6890625 0.4578125 0.715625 0.4515625 0.7171875 0.4421875 0.715625 0.434375 0.7046875 0.4234375 0.6984375 0.41875 0.6875 0.415625 0.6859375 0.415625 0.6703125 0.41875 0.66875 0.4203125 0.6640625 0.428125 0.6625
0 0.4265625 0.9140625 0.434375 0.9140625 0.446875 0.9265625 0.4515625 0.94375 0.4515625 0.95625 0.446875 0.959375 0.434375 0.959375 0.428125 0.95625 0.425 0.9359375 0.421875 0.934375 0.421875 0.921875 0.425 0.9203125 0.4265625 0.915625
0 0.475 0.9890625 0.4828125 0.9890625 0.490625 0.99375 0.4890625 0.9984375 0.4796875 0.9984375 0.475 0.9953125 0.475 0.990625