0 0.3640625 0 0.3875 0 0.390625 0.0125 0.390625 0.025 0.3890625 0.0296875 0.384375 0.0328125 0.365625 0.00625 0.365625 0.0015625
0 0.2828125 0.6609375 0.296875 0.6765625 0.303125 0.6890625 0.3046875 0.709375 0.3015625 0.7140625 0.2953125 0.7140625 0.2859375 0.709375 0.2796875 0.703125 0.2625 0.671875 0.2640625 0.6578125 0.28125 0.6609375
0 0.4890625 0.0625 0.4921875 0.0671875 0.490625 0.0828125 0.4796875 0.096875 0.4703125 0.1 0.465625 0.0953125 0.465625 0.0859375 0.46875 0.0765625 0.4796875 0.0625 0.4875 0.0625
0 0.4875 0.234375 0.4921875 0.2390625 0.496875 0.2515625 0.496875 0.26875 0.490625 0.28125 0.484375 0.278125 0.478125 0.265625 0.478125 0.24375 0.4796875 0.2390625 0.4859375 0.234375
0 0.4984375 0.365625 0.509375 0.3765625 0.5140625 0.3875 0.515625 0.4 0.5125 0.4078125 0.509375 0.409375 0.503125 0.4078125 0.4921875 0.396875 0.4875 0.384375 0.4875 0.3734375 0.4921875 0.3671875 0.496875 0.365625
0 0.246875 0.5375 0.2421875 0.5359375 0.2375 0.5296875 0.2328125 0.515625 0.2328125 0.5 0.2359375 0.4875 0.2390625 0.484375 0.24375 0.4875 0.2515625 0.515625 0.2515625 0.5328125 0.2484375 0.5359375
0 0.4546875 0.35 0.46875 0.359375 0.4703125 0.378125 0.4671875 0.384375 0.4421875 0.39375 0.4296875 0.384375 0.428125 0.365625 0.4390625 0.3515625 0.453125 0.35
0 0.4140625 0.2765625 0.4171875 0.278125 0.4234375 0.290625 0.4234375 0.3078125 0.41875 0.31875 0.4140625 0.321875 0.4109375 0.31875 0.40625 0.3046875 0.4078125 0.2875 0.4125 0.278125
0 0.25 0.3765625 0.0328125 0.04453125
0 0.2734375 0.2359375 0.2796875 0.240625 0.284375 0.2515625 0.2875 0.265625 0.2859375 0.275 0.2734375 0.2734375 0.26875 0.26875 0.265625 0.2609375 0.2640625 0.2453125 0.265625 0.2390625 0.271875 0.2359375
0 0.3453125 0.1328125 0.3609375 0.13125 0.3671875 0.1375 0.3734375 0.15 0.371875 0.1609375 0.3625 0.1609375 0.3546875 0.1578125 0.3453125 0.146875 0.34375 0.140625 0.3453125 0.134375
0 0.353125 0.1984375 0.35625 0.2 0.359375 0.2078125 0.359375 0.2234375 0.3546875 0.2359375 0.3328125 0.2609375 0.325 0.25625 0.3234375 0.2390625 0.3359375 0.221875 0.346875 0.2 0.3515625 0.1984375
0 0.45546875 0.290625 0.028125 0.0515625
0 0.2703125 0.50859375 0.03515625 0.04453125
0 0.4421875 0.0625 0.4484375 0.0578125 0.453125 0.0578125 0.4578125 0.0625 0.4625 0.0796875 0.4578125 0.096875 0.4546875 0.0984375 0.45 0.096875 0.44375 0.090625 0.440625 0.08125 0.4421875 0.0640625
0 0.2609375 0.1609375 0.0328125 0.046875
0 0.4109375 0.1359375 0.4140625 0.1375 0.4140625 0.1515625 0.4078125 0.1703125 0.3984375 0.1765625 0.39375 0.1765625 0.390625 0.1734375 0.390625 0.1609375 0.3984375 0.14375 0.4046875 0.1375 0.409375 0.1375
0 0.35625 0.171875 0.3625 0.1796875 0.365625 0.1890625 0.3671875 0.203125 0.3640625 0.2140625 0.3609375 0.2140625 0.359375 0.203125 0.3515625 0.1921875 0.3484375 0.1828125 0.35 0.171875 0.3515625 0.1703125 0.3546875 0.171875
0 0.1875 0.5859375 0.1828125 0.575 0.18125 0.55625 0.1828125 0.5546875 0.1828125 0.5390625 0.1859375 0.528125 0.1890625 0.525 0.1953125 0.5265625 0.1984375 0.5375 0.1984375 0.56875 0.19375 0.5859375 0.1921875 0.5875 0.1890625 0.5859375
0 0.415625 0.76796875 0.03203125 0.06953125
0 0.4078125 0.7296875 0.4109375 0.734375 0.409375 0.740625 0.3953125 0.7640625 0.39375 0.7734375 0.390625 0.7765625 0.390625 0.7828125 0.3828125 0.7953125 0.375 0.8 0.3671875 0.7984375 0.3640625 0.79375 0.3640625 0.7765625 0.371875 0.7515625 0.3765625 0.74375 0.384375 0.7375 0.3875 0.7375 0.3984375 0.7296875 0.40625 0.7296875
0 0.26875 0.47265625 0.02578125 0.059375
0 0.53125 0 0.5484375 0 0.546875 0.01875 0.5390625 0.03125 0.534375 0.03125 0.5296875 0.0234375 0.5296875 0.003125 0.53125 0.0015625
0 0.2234375 0.1078125 0.21875 0.0984375 0.21875 0.0703125 0.2234375 0.059375 0.2296875 0.0578125 0.2359375 0.0703125 0.2359375 0.08125 0.2328125 0.0875 0.2328125 0.09375 0.2296875 0.1015625 0.225 0.10625
0 0.2828125 0.221875 0.290625 0.2203125 0.3015625 0.225 0.30625 0.234375 0.303125 0.2515625 0.296875 0.2546875 0.2859375 0.2515625 0.278125 0.2375 0.278125 0.228125 0.2828125 0.2234375
0 0.484375 0.7140625 0.4875 0.715625 0.5015625 0.74375 0.5046875 0.7578125 0.503125 0.7828125 0.4984375 0.7859375 0.4953125 0.784375 0.4859375 0.7734375 0.48125 0.7609375 0.478125 0.728125 0.4828125 0.715625
0 0.390625 0.084375 0.3953125 0.08125 0.4 0.08125 0.40625 0.0859375 0.4171875 0.084375 0.421875 0.0875 0.421875 0.096875 0.41875 0.1015625 0.4109375 0.1078125 0.4015625 0.1078125 0.3890625 0.1015625 0.3875 0.0890625 0.390625 0.0859375
0 0.2859375 0.5125 0.290625 0.515625 0.29375 0.528125 0.2796875 0.5890625 0.275 0.590625 0.271875 0.584375 0.271875 0.55 0.2796875 0.521875 0.284375 0.5140625
0 0.1859375 0.465625 0.19375 0.4765625 0.2 0.4953125 0.2 0.50625 0.1953125 0.5203125 0.190625 0.5203125 0.175 0.48125 0.1734375 0.4734375 0.175 0.4640625 0.18125 0.4625 0.184375 0.465625
0 0.346875 0.175 0.3484375 0.1796875 0.346875 0.1984375 0.334375 0.221875 0.325 0.234375 0.321875 0.23125 0.3234375 0.21875 0.334375 0.1953125 0.3375 0.1796875 0.340625 0.175 0.3453125 0.175
0 0.278125 0.3546875 0.290625 0.3625 0.2953125 0.3734375 0.2953125 0.390625 0.290625 0.3984375 0.2828125 0.396875 0.271875 0.3796875 0.26875 0.3671875 0.26875 0.3546875 0.2703125 0.353125 0.2765625 0.3546875
0 0.3859375 0.19375 0.3890625 0.196875 0.390625 0.2109375 0.3828125 0.2328125 0.375 0.2390625 0.365625 0.2375 0.3640625 0.23125 0.365625 0.21875 0.3734375 0.2 0.384375 0.19375
0 0.3921875 0.1078125 0.403125 0.1125 0.4078125 0.1203125 0.4078125 0.134375 0.4 0.140625 0.39375 0.140625 0.3796875 0.1296875 0.375 0.1234375 0.3765625 0.1125 0.390625 0.1078125
0 0.2109375 0.240625 0.21875 0.2484375 0.225 0.25 0.2296875 0.2546875 0.23125 0.2625 0.2265625 0.2703125 0.21875 0.2703125 0.2140625 0.2671875 0.203125 0.2671875 0.1953125 0.2625 0.19375 0.259375 0.1953125 0.246875 0.203125 0.2390625 0.209375 0.240625
0 0.4625 0.196875 0.4734375 0.2046875 0.4796875 0.215625 0.4828125 0.225 0.4828125 0.234375 0.478125 0.240625 0.4703125 0.2390625 0.459375 0.221875 0.45625 0.203125 0.4609375 0.1984375
0 0.5828125 0.52109375 0.04296875 0.08359375
0 0.1625 0.72734375 0.0203125 0.08984375