0 0.2953125 0.53828125 0.05546875 0.05390625
0 0.3578125 0.59140625 0.01875 0.103125
0 0.15859375 0.8296875 0.0203125 0.090625
0 0.275 0.6296875 0.04296875 0.0484375
0 0.5453125 0.81796875 0.0328125 0.08359375
0 0.36953125 0.8046875 0.0578125 0.04296875
0 0.4890625 0.8640625 0.05234375 0.04453125
0 0.484375 0.6078125 0.02109375 0.09609375
0 0.2234375 0.63515625 0.02890625 0.0765625
0 0.325 0.7328125 0.04765625 0.040625
0 0.2796875 0.4296875 0.04296875 0.0484375
0 0.46875 0.82890625 0.04296875 0.1109375
0 0.19140625 0.5234375 0.05 0.0390625
0 0.18125 0.778125 0.03046875 0.12421875
0 0.434375 0.76875 0.03046875 0.09296875
0 0.4015625 0.71328125 0.02421875 0.10390625
0 0.3359375 0.35234375 0.05859375 0.040625
0 0.3609375 0.76640625 0.05546875 0.0390625
0 0.3375 0.6984375 0.03515625 0.08046875
0 0.3828125 0.8625 0.0640625 0.06953125
0 0.378125 0.22890625 0.0203125 0.0859375
0 0.43671875 0.696875 0.0421875 0.08359375
0 0.365625 0.68828125 0.025 0.115625
0 0.50625 0.965625 0.02265625 0.06796875
0 0.20546875 0.89921875 0.05625 0.04609375
0 0.4875 0.546875 0.059375 0.0515625
0 0.2546875 0.178125 0.04140625 0.05703125
0 0.29609375 0.16015625 0.0609375 0.0890625
0 0.49921875 0.334375 0.03671875 0.0765625
0 0.5125 0.51875 0.06484375 0.05625
0 0.60625 0.56875 0.05625 0.06640625
0 0.2765625 0.9328125 0.05859375 0.05078125
0 0.471875 0.95078125 0.02265625 0.06796875
0 0.5484375 0.98515625 0.02578125 0.02890625
0 0.23046875 0.7359375 0.05078125 0.05546875
0 0.22421875 0.7703125 0.046875 0.065625