0 0.2671875 0.821875 0.04921875 0.0484375
0 0.215625 0.8234375 0.034375 0.0796875
0 0.35234375 0.78515625 0.0234375 0.1
0 0.4328125 0.89453125 0.04765625 0.0875
0 0.26953125 0.615625 0.0484375 0.0515625
0 0.6078125 0.7515625 0.05859375 0.06796875
0 0.36171875 0.884375 0.028125 0.1140625
0 0.48203125 0.80078125 0.028125 0.103125
0 0.3265625 0.52890625 0.06484375 0.04296875
0 0.4859375 0.73515625 0.06875 0.05859375
0 0.4984375 0.50625 0.03359375 0.078125
0 0.2859375 0.72734375 0.06171875 0.05859375
0 0.18046875 0.703125 0.0578125 0.040625
0 0.36953125 0.38984375 0.028125 0.1
0 0.28203125 0.30859375 0.06484375 0.096875
0 0.23984375 0.328125 0.04921875 0.06015625
0 0.3359375 0.88828125 0.040625 0.07734375
0 0.31875 0.928125 0.06015625 0.0484375
0 0.22890625 0.91640625 0.05078125 0.0671875
0 0.21484375 0.9515625 0.0375 0.0703125
0 0.17734375 0.9484375 0.0328125 0.103125
0 0.15703125 0.97421875 0.0171875 0.0515625
0 0.3984375 0.90703125 0.02890625 0.10859375
0 0.48203125 0.98125 0.01953125 0.0375
0 0.54765625 0.984375 0.0265625 0.03125
0 0.4375 0.94296875 0.02578125 0.04765625