0 0.16484375 0.66171875 0.021875 0.09296875
0 0.490625 0.6875 0.05078125 0.04453125
0 0.4703125 0.6515625 0.04296875 0.1109375
0 0.36484375 0.4265625 0.01875 0.09453125
0 0.28046875 0.7578125 0.0546875 0.04609375
0 0.28359375 0.46015625 0.0421875 0.04609375
0 0.5453125 0.64296875 0.03203125 0.08359375
0 0.21015625 0.7328125 0.0578125 0.04296875
0 0.30625 0.3765625 0.05390625 0.053125
0 0.371875 0.51640625 0.02421875 0.1140625
0 0.3875 0.68515625 0.06328125 0.06796875
0 0.4703125 0.79609375 0.0234375 0.10546875
0 0.509375 0.79453125 0.02265625 0.08359375
0 0.2328125 0.47109375 0.0296875 0.075
0 0.3734375 0.628125 0.05546875 0.04609375
0 0.2046875 0.3703125 0.04921875 0.0375
0 0.4890625 0.3828125 0.0609375 0.0515625
0 0.60390625 0.40625 0.0484375 0.059375
0 0.3453125 0.21015625 0.05546875 0.0375
0 0.38828125 0.1015625 0.01875 0.08046875
0 0.49921875 0.19296875 0.025 0.0609375
0 0.56015625 0.84765625 0.0453125 0.09609375
0 0.43984375 0.52421875 0.040625 0.08203125
0 0.4375 0.59140625 0.0296875 0.09140625
0 0.50859375 0.36328125 0.0515625 0.0484375
0 0.23671875 0.5640625 0.0421875 0.05546875
0 0.3078125 0.04453125 0.0578125 0.0765625
0 0.2703125 0.059375 0.0375 0.065625
0 0.29375 0.28125 0.04140625 0.0484375
0 0.346875 0.52109375 0.03515625 0.08515625
0 0.32734375 0.55625 0.05625 0.04453125
0 0.365625 0.58984375 0.0640625 0.03671875
0 0.40546875 0.53359375 0.0296875 0.1140625
0 0.484375 0.44296875 0.028125 0.08203125
0 0.1875 0.60859375 0.028125 0.125
0 0.22734375 0.5953125 0.034375 0.06171875