0 0.2703125 0.734375 0.04609375 0.04453125
0 0.21875 0.7390625 0.03046875 0.075
0 0.3546875 0.6953125 0.0203125 0.1015625
0 0.1578125 0.9265625 0.02109375 0.09140625
0 0.18515625 0.61953125 0.0546875 0.04140625
0 0.2734375 0.52890625 0.04453125 0.05
0 0.290625 0.63828125 0.05859375 0.05703125
0 0.36796875 0.9109375 0.059375 0.04140625
0 0.225 0.834375 0.0453125 0.05859375
0 0.46875 0.921875 0.040625 0.0890625
0 0.6078125 0.665625 0.05390625 0.06640625
0 0.54453125 0.921875 0.034375 0.07890625
0 0.2125 0.86484375 0.03359375 0.06796875
0 0.43203125 0.87421875 0.0328125 0.0984375
0 0.4828125 0.709375 0.0234375 0.1015625
0 0.35859375 0.87109375 0.0578125 0.0390625
0 0.4984375 0.42265625 0.02890625 0.0734375
0 0.4890625 0.965625 0.04921875 0.04296875
0 0.33046875 0.44609375 0.0609375 0.04140625
0 0.321875 0.83515625 0.04921875 0.04296875
0 0.3984375 0.81796875 0.025 0.10859375
0 0.4859375 0.646875 0.0640625 0.05546875
0 0.17890625 0.878125 0.02890625 0.121875
0 0.36328125 0.7953125 0.0265625 0.115625
0 0.24609375 0.25546875 0.0453125 0.0609375
0 0.5078125 0.6234375 0.0578125 0.053125
0 0.28828125 0.23671875 0.06484375 0.0859375
0 0.375 0.3171875 0.028125 0.096875
0 0.334375 0.8046875 0.0375 0.08125
0 0.43203125 0.80859375 0.05 0.08828125
0 0.20625 0.9828125 0.06015625 0.034375