0 0.459375 0.0140625 0.4671875 0.0171875 0.475 0.025 0.475 0.0453125 0.4703125 0.0484375 0.4578125 0.05 0.44375 0.0484375 0.4390625 0.040625 0.440625 0.025 0.4484375 0.015625 0.4578125 0.0140625
0 0.421875 0.3046875 0.421875 0.321875 0.4109375 0.34375 0.40625 0.346875 0.403125 0.359375 0.39375 0.3671875 0.3875 0.36875 0.3796875 0.3609375 0.3796875 0.3453125 0.3875 0.325 0.3921875 0.31875 0.4015625 0.3125 0.415625 0.3046875 0.4203125 0.3046875
0 0.3203125 0.03125 0.325 0.0359375 0.325 0.0609375 0.3140625 0.0609375 0.3078125 0.05625 0.3015625 0.0421875 0.3015625 0.034375 0.3046875 0.03125 0.31875 0.03125
0 0.221875 0.1625 0.2265625 0.159375 0.234375 0.159375 0.2375 0.1671875 0.2359375 0.1984375 0.2296875 0.209375 0.2234375 0.2109375 0.2203125 0.2046875 0.2171875 0.203125 0.2171875 0.175 0.2203125 0.1734375 0.221875 0.1640625
0 0.309375 0.125 0.315625 0.125 0.3140625 0.146875 0.2953125 0.1609375 0.290625 0.1609375 0.2859375 0.15625 0.2875 0.14375 0.309375 0.1265625
0 0.2921875 0.2515625 0.3 0.2546875 0.30625 0.253125 0.3234375 0.2671875 0.328125 0.2765625 0.328125 0.296875 0.3234375 0.3 0.3171875 0.3 0.3046875 0.2953125 0.296875 0.2859375 0.2890625 0.2671875 0.2859375 0.265625 0.2859375 0.253125 0.290625 0.2515625
0 0.3046875 0.1546875 0.315625 0.1453125 0.321875 0.146875 0.3203125 0.171875 0.315625 0.1765625 0.3125 0.190625 0.309375 0.1921875 0.3078125 0.203125 0.3046875 0.20625 0.2984375 0.2046875 0.2984375 0.16875 0.3015625 0.1671875 0.3046875 0.15625
0 0.221875 0.1125 0.2265625 0.1140625 0.234375 0.121875 0.2390625 0.13125 0.2390625 0.153125 0.2359375 0.1578125 0.2296875 0.1578125 0.225 0.1546875 0.221875 0.14375 0.21875 0.1421875 0.215625 0.134375 0.215625 0.1296875 0.2125 0.128125 0.2125 0.1140625 0.2203125 0.1125
0 0.3109375 0.0953125 0.3109375 0.1234375 0.2984375 0.1359375 0.2875 0.134375 0.2875 0.1140625 0.290625 0.1125 0.2953125 0.1 0.3015625 0.0953125 0.309375 0.0953125
0 0.190625 0.284375 0.1984375 0.2890625 0.2015625 0.296875 0.2015625 0.3453125 0.196875 0.3546875 0.1890625 0.3609375 0.184375 0.3609375 0.18125 0.35625 0.1828125 0.3390625 0.1890625 0.3328125 0.1921875 0.321875 0.1890625 0.2984375 0.1859375 0.296875 0.1859375 0.2875 0.1890625 0.2859375
0 0.43125 0.3125 0.4390625 0.3125 0.4421875 0.315625 0.4421875 0.3375 0.4375 0.35 0.4328125 0.3546875 0.43125 0.3625 0.425 0.3703125 0.415625 0.371875 0.409375 0.365625 0.409375 0.3421875 0.4125 0.340625 0.4140625 0.3296875 0.4234375 0.31875 0.43125 0.3140625
0 0.278125 0.128125 0.2859375 0.14375 0.284375 0.1640625 0.275 0.1640625 0.265625 0.15625 0.265625 0.1328125 0.2734375 0.125 0.2765625 0.128125
0 0.4875 0.3 0.4921875 0.3 0.496875 0.3125 0.5015625 0.3140625 0.5078125 0.3265625 0.5078125 0.3546875 0.5 0.3578125 0.4890625 0.3484375 0.484375 0.3328125 0.484375 0.325 0.48125 0.3234375 0.48125 0.3140625 0.484375 0.3125 0.484375 0.3046875 0.4875 0.3015625
0 0.503125 0.0390625 0.5078125 0.040625 0.5140625 0.0515625 0.5140625 0.06875 0.509375 0.071875 0.496875 0.065625 0.490625 0.05625 0.4921875 0.040625 0.5015625 0.0390625
0 0.5734375 0.1375 0.5828125 0.128125 0.5875 0.128125 0.590625 0.13125 0.590625 0.1484375 0.5765625 0.165625 0.5765625 0.16875 0.56875 0.175 0.5671875 0.1796875 0.5625 0.18125 0.559375 0.1890625 0.5546875 0.1859375 0.559375 0.16875 0.5640625 0.1578125 0.5671875 0.15625 0.5703125 0.15 0.5734375 0.1390625