0 0.284375 0.89375 0.05859375 0.059375
0 0.5046875 0.87890625 0.05859375 0.053125
0 0.496875 0.66953125 0.02890625 0.08046875
0 0.31875 0.6953125 0.06171875 0.04296875
0 0.228125 0.471875 0.04609375 0.06953125
0 0.26875 0.44921875 0.0640625 0.09609375
0 0.26328125 0.7828125 0.0453125 0.05390625
0 0.1765625 0.859375 0.05234375 0.04609375
0 0.36328125 0.54921875 0.028125 0.1078125
0 0.265625 0.98125 0.04140625 0.0375
0 0.35 0.92890625 0.02421875 0.046875
0 0.2171875 0.9734375 0.02421875 0.053125
0 0.47890625 0.9578125 0.0265625 0.084375
0 0.484375 0.903125 0.0609375 0.05859375
0 0.60703125 0.9171875 0.0546875 0.06640625