0 0.28125 0.496875 0.04921875 0.0453125
0 0.3734375 0.66796875 0.0625 0.03984375
0 0.384375 0.725 0.06953125 0.06796875
0 0.4859375 0.47578125 0.02734375 0.0890625
0 0.3625 0.46015625 0.02421875 0.09140625
0 0.28046875 0.79609375 0.0609375 0.0453125
0 0.490625 0.72578125 0.05625 0.04453125
0 0.2078125 0.76953125 0.06328125 0.04296875
0 0.4375 0.5640625 0.046875 0.08203125
0 0.23125 0.50625 0.03671875 0.075
0 0.54609375 0.68203125 0.0375 0.08203125
0 0.4890625 0.4171875 0.06640625 0.05
0 0.5 0.221875 0.03203125 0.0625
0 0.50859375 0.8328125 0.0296875 0.0828125
0 0.1625 0.6984375 0.02734375 0.09296875
0 0.60390625 0.43984375 0.0546875 0.0578125
0 0.4703125 0.83671875 0.03046875 0.10234375
0 0.2890625 0.3125 0.046875 0.04296875
0 0.3640625 0.62890625 0.06171875 0.034375
0 0.3421875 0.240625 0.06171875 0.0359375
0 0.2015625 0.403125 0.05546875 0.0359375
0 0.559375 0.8890625 0.05078125 0.08984375
0 0.3703125 0.5546875 0.03203125 0.1109375
0 0.384375 0.1296875 0.02578125 0.07734375
0 0.2359375 0.59921875 0.04765625 0.05546875
0 0.3015625 0.4109375 0.05859375 0.0515625
0 0.4046875 0.57578125 0.03125 0.1
0 0.50859375 0.396875 0.0609375 0.0484375
0 0.3046875 0.0640625 0.0640625 0.08203125
0 0.26640625 0.08359375 0.053125 0.04765625
0 0.34296875 0.5546875 0.03984375 0.096875
0 0.3296875 0.59453125 0.05390625 0.04296875
0 0.225 0.628125 0.0390625 0.059375
0 0.1875 0.65625 0.0375 0.12109375
0 0.4375 0.63828125 0.03671875 0.09609375
0 0.471875 0.6890625 0.05 0.12109375