0 0.3609375 0.428125 0.0359375 0.04609375
0 0.5390625 0.42109375 0.02734375 0.0390625
0 0.4203125 0.42265625 0.03046875 0.05703125
0 0.478125 0.3390625 0.04140625 0.0609375
0 0.41953125 0.1484375 0.0328125 0.03046875
0 0.36015625 0.16484375 0.0359375 0.0375
0 0.35625 0.38125 0.02890625 0.0515625
0 0.45 0.4765625 0.05390625 0.05546875
0 0.4171875 0.321875 0.03828125 0.046875
0 0.54375 0.471875 0.02421875 0.053125
0 0.3765625 0.290625 0.0203125 0.05390625
0 0.52421875 0.06640625 0.01875 0.05
0 0.446875 0.04921875 0.03046875 0.04296875
0 0.465625 0.271875 0.0203125 0.04140625
0 0.39921875 0.3109375 0.0328125 0.05
0 0.46953125 0.4390625 0.0296875 0.046875
0 0.38984375 0.228125 0.021875 0.059375
0 0.453125 0.1625 0.02265625 0.05
0 0.484375 0.265625 0.02109375 0.05546875
0 0.3515625 0.31484375 0.02890625 0.059375
0 0.34609375 0.45390625 0.034375 0.04453125
0 0.44765625 0.26484375 0.0203125 0.065625
0 0.42265625 0.24609375 0.0171875 0.05546875
0 0.46328125 0.19921875 0.0296875 0.034375
0 0.490625 0.21796875 0.02734375 0.05
0 0.42109375 0.3671875 0.040625 0.040625
0 0.39921875 0.2609375 0.0296875 0.071875
0 0.3390625 0.27421875 0.021875 0.0765625
0 0.45390625 0.0109375 0.03125 0.021875
0 0.38359375 0.19453125 0.021875 0.046875
0 0.4453125 0.4046875 0.0328125 0.0484375
0 0.503125 0.26484375 0.02109375 0.05703125
0 0.5359375 0.2515625 0.01796875 0.05859375
0 0.51875 0.28671875 0.03046875 0.04609375
0 0.5140625 0.2234375 0.02109375 0.05859375
0 0.3625 0.2578125 0.02421875 0.0625
0 0.48984375 0.309375 0.025 0.0390625
0 0.428125 0.0109375 0.02734375 0.021875
0 0.32109375 0.38515625 0.025 0.05390625
0 0.3515625 0.359375 0.3578125 0.3625 0.36875 0.3828125 0.3703125 0.3875 0.36875 0.4046875 0.365625 0.4078125 0.35625 0.40625 0.3484375 0.3953125 0.34375 0.3828125 0.34375 0.36875 0.3453125 0.3640625 0.35 0.3609375
0 0.3640625 0.4109375 0.3703125 0.415625 0.3765625 0.4296875 0.378125 0.4390625 0.3765625 0.446875 0.3734375 0.45 0.3578125 0.4484375 0.34375 0.434375 0.3453125 0.415625 0.3515625 0.4109375 0.3625 0.4109375
0 0.3 0.4078125 0.30625 0.4171875 0.3140625 0.440625 0.3140625 0.453125 0.3109375 0.4609375 0.3046875 0.459375 0.29375 0.4296875 0.284375 0.421875 0.2859375 0.409375 0.2921875 0.40625 0.2984375 0.4078125
0 0.321875 0.3625 0.33125 0.375 0.334375 0.3875 0.3328125 0.4046875 0.3296875 0.4109375 0.325 0.4109375 0.3171875 0.4046875 0.3125 0.396875 0.309375 0.384375 0.3109375 0.365625 0.3140625 0.3609375 0.3203125 0.3625
0 0.52421875 0.20390625 0.01796875 0.06484375
0 0.509375 0.33046875 0.02421875 0.04609375
0 0.52734375 0.3625 0.02734375 0.071875
0 0.40703125 0.48046875 0.02421875 0.07109375
0 0.3359375 0.48984375 0.02421875 0.04609375
0 0.32578125 0.30234375 0.01640625 0.0546875
0 0.446875 0.34296875 0.03046875 0.03828125
0 0.459375 0.30625 0.03671875 0.03359375
0 0.478125 0.38984375 0.0546875 0.03984375