0 0.22109375 0.684375 0.0359375 0.07890625
0 0.3640625 0.73828125 0.02890625 0.115625
0 0.29375 0.58515625 0.0609375 0.05703125
0 0.46796875 0.87890625 0.046875 0.1109375
0 0.4890625 0.9125 0.05703125 0.046875
0 0.2734375 0.678125 0.04765625 0.046875
0 0.48359375 0.65703125 0.0265625 0.1
0 0.18828125 0.56875 0.05625 0.040625
0 0.5453125 0.86640625 0.03671875 0.08359375
0 0.2171875 0.809375 0.0390625 0.06640625
0 0.4984375 0.375 0.03203125 0.071875
0 0.1578125 0.87421875 0.02421875 0.09296875
0 0.4 0.7640625 0.028125 0.103125
0 0.35859375 0.640625 0.028125 0.10234375
0 0.36015625 0.81640625 0.0609375 0.0390625
0 0.3234375 0.78046875 0.05390625 0.04140625
0 0.38125 0.9125 0.06796875 0.071875
0 0.2046875 0.946875 0.059375 0.04609375
0 0.4859375 0.5921875 0.06640625 0.05390625
0 0.278125 0.4765625 0.04765625 0.05
0 0.4328125 0.81875 0.03515625 0.09609375
0 0.3328125 0.39609375 0.0640625 0.04140625
0 0.3359375 0.75 0.03828125 0.078125
0 0.60703125 0.61171875 0.05625 0.065625
0 0.2515625 0.2125 0.04921875 0.05859375
0 0.375 0.26796875 0.02578125 0.09453125
0 0.5078125 0.56875 0.06171875 0.0515625
0 0.29140625 0.19296875 0.0640625 0.09140625
0 0.1796875 0.8265625 0.03671875 0.1203125
0 0.278125 0.978125 0.06171875 0.03671875
0 0.36875 0.8578125 0.06328125 0.04375
0 0.43515625 0.74921875 0.046875 0.08359375
0 0.2296875 0.78125 0.05 0.0609375