0 0.353125 0.7578125 0.028125 0.0984375
0 0.26875 0.79453125 0.05390625 0.046875
0 0.2171875 0.79765625 0.0375 0.0765625
0 0.2890625 0.7 0.065625 0.05859375
0 0.26953125 0.5875 0.0515625 0.05
0 0.35625 0.9328125 0.06640625 0.040625
0 0.4828125 0.77265625 0.03203125 0.0984375
0 0.434375 0.86484375 0.05078125 0.08203125
0 0.1828125 0.6765625 0.06328125 0.0390625
0 0.4984375 0.48125 0.0375 0.0765625
0 0.3203125 0.8953125 0.05703125 0.04296875
0 0.328125 0.503125 0.06953125 0.04140625
0 0.60859375 0.72421875 0.0625 0.065625
0 0.4859375 0.7078125 0.071875 0.05703125
0 0.43203125 0.925 0.0375 0.071875
0 0.3703125 0.365625 0.03125 0.096875
0 0.3625 0.8578125 0.03359375 0.1125
0 0.2828125 0.28359375 0.06796875 0.09453125
0 0.24140625 0.3015625 0.05703125 0.071875
0 0.51015625 0.68671875 0.06953125 0.0609375
0 0.54453125 0.96796875 0.0421875 0.0640625
0 0.478125 0.96171875 0.03515625 0.04453125
0 0.39921875 0.87890625 0.0359375 0.11875
0 0.3359375 0.86640625 0.05078125 0.0734375
0 0.22890625 0.89296875 0.05859375 0.05625
0 0.215625 0.928125 0.0453125 0.078125
0 0.17890625 0.93515625 0.04453125 0.1140625
0 0.15859375 0.9640625 0.02890625 0.071875