0 0.5578125 0.45625 0.5671875 0.48125 0.5671875 0.4984375 0.5515625 0.4921875 0.54375 0.484375 0.5421875 0.4796875 0.540625 0.4671875 0.54375 0.4578125 0.55625 0.45625
0 0.50625 0.9796875 0.509375 0.9984375 0.496875 0.9984375 0.5 0.9828125 0.5046875 0.9796875
0 0.5234375 0.95 0.5265625 0.9609375 0.5234375 0.9765625 0.5234375 0.9984375 0.5109375 0.9984375 0.509375 0.9875 0.509375 0.9625 0.5140625 0.9515625 0.51875 0.9484375 0.521875 0.95
0 0.53125 0.759375 0.5359375 0.7640625 0.5375 0.7828125 0.534375 0.7953125 0.534375 0.8078125 0.5296875 0.81875 0.5234375 0.8234375 0.515625 0.8234375 0.515625 0.7875 0.521875 0.765625 0.5296875 0.759375
0 0.3828125 0.909375 0.3875 0.9078125 0.403125 0.909375 0.4125 0.915625 0.415625 0.925 0.4140625 0.934375 0.4078125 0.9390625 0.396875 0.9390625 0.3890625 0.9359375 0.378125 0.925 0.378125 0.9171875 0.3796875 0.9125 0.3828125 0.9109375
0 0.334375 0.928125 0.3421875 0.934375 0.3453125 0.9484375 0.3375 0.9609375 0.3265625 0.9671875 0.315625 0.965625 0.309375 0.9609375 0.30625 0.946875 0.309375 0.9375 0.31875 0.9265625 0.3265625 0.925 0.3328125 0.928125
0 0.4171875 0.74375 0.421875 0.75 0.4234375 0.7609375 0.4453125 0.778125 0.4453125 0.79375 0.4375 0.803125 0.4296875 0.803125 0.4171875 0.7984375 0.4109375 0.790625 0.409375 0.7515625 0.4109375 0.746875 0.415625 0.74375
0 0.3984375 0.684375 0.4109375 0.6875 0.4203125 0.7015625 0.4203125 0.715625 0.4140625 0.7234375 0.40625 0.7234375 0.4015625 0.7203125 0.390625 0.70625 0.3875 0.6984375 0.3875 0.6890625 0.3890625 0.6859375 0.396875 0.684375
0 0.43125 0.6609375 0.44375 0.6671875 0.453125 0.6875 0.45625 0.7 0.45625 0.7109375 0.4515625 0.7171875 0.4421875 0.715625 0.434375 0.7046875 0.425 0.696875 0.41875 0.684375 0.4203125 0.6640625 0.4296875 0.6609375
0 0.428125 0.9125 0.434375 0.9125 0.44375 0.925 0.45 0.9515625 0.446875 0.959375 0.434375 0.959375 0.4296875 0.95625 0.425 0.9328125 0.425 0.9203125 0.428125 0.9140625
0 0.478125 0.9875 0.4828125 0.9875 0.4890625 0.996875 0.4890625 0.9984375 0.4796875 0.9984375 0.478125 0.9890625