0 0.35 0.8953125 0.01953125 0.10390625
0 0.265625 0.928125 0.04375 0.046875
0 0.2140625 0.928125 0.02734375 0.0765625
0 0.284375 0.83515625 0.05703125 0.059375
0 0.265625 0.72421875 0.04453125 0.0515625
0 0.1765625 0.80390625 0.053125 0.04453125
0 0.496875 0.6109375 0.0296875 0.08046875
0 0.50546875 0.82109375 0.0578125 0.05
0 0.484375 0.84609375 0.06640625 0.05859375
0 0.48046875 0.909375 0.0234375 0.0984375
0 0.36484375 0.4875 0.0234375 0.10546875
0 0.27265625 0.39765625 0.05703125 0.096875
0 0.2296875 0.42109375 0.04140625 0.071875
0 0.32109375 0.63359375 0.0640625 0.04921875
0 0.3203125 0.97578125 0.01640625 0.03203125
0 0.60859375 0.85625 0.05234375 0.075