0 0.4890625 0.834375 0.05703125 0.04453125
0 0.2765625 0.60078125 0.04765625 0.05
0 0.46875 0.796875 0.046875 0.1125
0 0.48515625 0.57890625 0.0265625 0.0984375
0 0.359375 0.56484375 0.02265625 0.103125
0 0.325 0.70078125 0.0515625 0.04453125
0 0.296875 0.509375 0.06015625 0.05546875
0 0.1796875 0.7546875 0.03046875 0.1140625
0 0.4359375 0.66796875 0.046875 0.08515625
0 0.60625 0.5359375 0.05546875 0.0625
0 0.3703125 0.77578125 0.0625 0.04453125
0 0.28125 0.403125 0.04609375 0.04765625
0 0.159375 0.79765625 0.025 0.09765625
0 0.434375 0.7390625 0.03359375 0.0984375
0 0.50625 0.940625 0.02734375 0.08515625
0 0.48828125 0.51640625 0.065625 0.0546875
0 0.5078125 0.49453125 0.05859375 0.0515625
0 0.5453125 0.7875 0.03671875 0.08515625
0 0.4015625 0.68046875 0.02890625 0.1046875
0 0.278125 0.90078125 0.05859375 0.04765625
0 0.3796875 0.20703125 0.025 0.0875
0 0.20546875 0.87265625 0.0625 0.04453125
0 0.225 0.60703125 0.0328125 0.0796875
0 0.3359375 0.328125 0.06171875 0.040625
0 0.3828125 0.83359375 0.06796875 0.07109375
0 0.46796875 0.93984375 0.028125 0.0921875
0 0.3640625 0.73828125 0.05625 0.0359375
0 0.1921875 0.49765625 0.0546875 0.0390625
0 0.23125 0.70625 0.04765625 0.05859375
0 0.21875 0.734375 0.03984375 0.065625
0 0.36640625 0.6609375 0.0296875 0.115625
0 0.3375 0.66796875 0.03671875 0.0765625
0 0.25703125 0.15625 0.046875 0.05859375
0 0.50078125 0.309375 0.03515625 0.07734375
0 0.55390625 0.97265625 0.0421875 0.0546875
0 0.29765625 0.1359375 0.0625 0.08671875