0 0.30625 0.1828125 0.309375 0.1859375 0.3078125 0.203125 0.3015625 0.2109375 0.2890625 0.2203125 0.2828125 0.2203125 0.2796875 0.2171875 0.2796875 0.20625 0.296875 0.1875 0.3046875 0.1828125
0 0.48125 0 0.496875 0 0.496875 0.0203125 0.49375 0.0265625 0.4890625 0.0265625 0.4828125 0.021875 0.48125 0.0015625
0 0.503125 0.10703125 0.02578125 0.0359375
0 0.4703125 0.0140625 0.4734375 0.021875 0.471875 0.0359375 0.46875 0.0421875 0.4625 0.0484375 0.4578125 0.05 0.4484375 0.0484375 0.4484375 0.0359375 0.4578125 0.015625 0.4625 0.0125 0.46875 0.0140625
0 0.4171875 0.375 0.4203125 0.3796875 0.41875 0.3875 0.4046875 0.4125 0.396875 0.4359375 0.3875 0.4421875 0.3828125 0.4421875 0.3765625 0.4359375 0.3765625 0.415625 0.3890625 0.3890625 0.39375 0.3875 0.4078125 0.375 0.415625 0.375
0 0.26875 0 0.2828125 0 0.2828125 0.00625 0.2796875 0.0125 0.2734375 0.01875 0.2703125 0.0171875 0.26875 0.0015625
0 0.346875 0 0.3640625 0 0.359375 0.009375 0.35625 0.0109375 0.3484375 0.0109375 0.346875 0.0015625
0 0.2234375 0.21875 0.2265625 0.225 0.228125 0.240625 0.225 0.2609375 0.21875 0.2734375 0.215625 0.271875 0.2125 0.265625 0.2109375 0.2453125 0.215625 0.2234375 0.2171875 0.2203125 0.221875 0.21875
0 0.26875 0.184375 0.2765625 0.2046875 0.278125 0.215625 0.2734375 0.225 0.265625 0.221875 0.2609375 0.2109375 0.2609375 0.19375 0.2625 0.1875 0.2671875 0.184375
0 0.3109375 0.2046875 0.3140625 0.20625 0.315625 0.2171875 0.3 0.26875 0.2953125 0.2671875 0.29375 0.2390625 0.3 0.215625 0.309375 0.2046875
0 0.240625 0.0109375 0.25625 0.0140625 0.2609375 0.0203125 0.2609375 0.028125 0.25625 0.03125 0.2390625 0.03125 0.2375 0.0328125 0.2296875 0.03125 0.228125 0.0171875 0.23125 0.0125 0.2390625 0.0109375
0 0.2890625 0.31875 0.30625 0.325 0.3171875 0.3390625 0.321875 0.35 0.321875 0.3625 0.315625 0.3703125 0.3046875 0.3671875 0.2953125 0.359375 0.2828125 0.3296875 0.284375 0.3203125 0.2875 0.31875
0 0.29296875 0.1734375 0.0234375 0.046875
0 0.30625 0.08125 0.3109375 0.0828125 0.3171875 0.0890625 0.31875 0.09375 0.31875 0.109375 0.3140625 0.1140625 0.303125 0.1109375 0.2953125 0.0953125 0.296875 0.0828125 0.3046875 0.08125
0 0.184375 0.3921875 0.021875 0.08203125
0 0.434375 0.384375 0.4390625 0.3921875 0.4375 0.4078125 0.4265625 0.4359375 0.4171875 0.446875 0.4125 0.44375 0.409375 0.434375 0.4109375 0.40625 0.4171875 0.3921875 0.421875 0.3875 0.4328125 0.384375
0 0.215625 0.1703125 0.221875 0.175 0.2296875 0.1921875 0.2296875 0.20625 0.225 0.215625 0.221875 0.215625 0.2171875 0.2109375 0.2078125 0.1859375 0.2078125 0.171875 0.2140625 0.1703125
0 0.46875 0.078125 0.475 0.0875 0.4734375 0.1 0.4703125 0.1046875 0.4546875 0.1109375 0.4484375 0.1109375 0.4390625 0.103125 0.4375 0.0875 0.446875 0.075 0.4640625 0.075 0.4671875 0.078125
0 0.5890625 0.1875 0.5921875 0.19375 0.590625 0.20625 0.575 0.228125 0.571875 0.2359375 0.565625 0.2421875 0.5640625 0.2484375 0.5609375 0.25 0.559375 0.2484375 0.5609375 0.23125 0.571875 0.209375 0.5734375 0.2 0.5796875 0.1875 0.584375 0.1859375 0.5875 0.1875
0 0.4859375 0.3703125 0.490625 0.3703125 0.4953125 0.38125 0.5015625 0.3875 0.5078125 0.4109375 0.5078125 0.421875 0.503125 0.4296875 0.4984375 0.4296875 0.4875 0.4171875 0.4828125 0.3984375 0.4828125 0.3765625 0.4859375 0.371875