0 0.55625 0.3796875 0.5609375 0.3875 0.5671875 0.409375 0.565625 0.4203125 0.5546875 0.4171875 0.5453125 0.4109375 0.5421875 0.4046875 0.540625 0.3875 0.546875 0.3796875 0.5546875 0.3796875
0 0.5046875 0.8953125 0.509375 0.9 0.5125 0.9328125 0.5203125 0.953125 0.5203125 0.9703125 0.51875 0.9734375 0.5125 0.9734375 0.5015625 0.9484375 0.4984375 0.934375 0.4984375 0.9109375 0.5 0.903125 0.5046875 0.896875
0 0.434375 0.575 0.446875 0.584375 0.4546875 0.603125 0.4578125 0.6234375 0.453125 0.6328125 0.4484375 0.6328125 0.4421875 0.628125 0.434375 0.6171875 0.4265625 0.6109375 0.4203125 0.5984375 0.41875 0.5875 0.421875 0.5796875 0.428125 0.575 0.4328125 0.575
0 0.5015625 0.9578125 0.50625 0.9625 0.509375 0.9734375 0.50625 0.996875 0.5046875 0.9984375 0.4875 0.9984375 0.4875 0.9828125 0.490625 0.96875 0.49375 0.9625 0.5 0.959375
0 0.41875 0.65625 0.4234375 0.6625 0.4265625 0.6765625 0.4421875 0.6859375 0.446875 0.6921875 0.446875 0.7078125 0.4390625 0.7171875 0.4171875 0.7109375 0.4140625 0.70625 0.4109375 0.6921875 0.4109375 0.665625 0.4140625 0.6578125 0.4171875 0.65625
0 0.4765625 0.9 0.4875 0.9078125 0.490625 0.9125 0.496875 0.93125 0.496875 0.9484375 0.490625 0.9609375 0.484375 0.9578125 0.4734375 0.9453125 0.4703125 0.9359375 0.4671875 0.9125 0.46875 0.903125 0.475 0.9
0 0.3359375 0.84375 0.34375 0.85 0.346875 0.8609375 0.3421875 0.871875 0.328125 0.8828125 0.31875 0.8828125 0.309375 0.8734375 0.3078125 0.8609375 0.3125 0.85 0.3203125 0.8421875 0.328125 0.840625 0.334375 0.84375
0 0.525 0.675 0.534375 0.675 0.5375 0.68125 0.5375 0.7 0.5328125 0.728125 0.528125 0.7359375 0.5171875 0.7375 0.515625 0.7046875 0.51875 0.690625 0.525 0.6765625
0 0.51953125 0.9046875 0.01875 0.08203125
0 0.521875 0.9890625 0.528125 0.9984375 0.5078125 0.9984375 0.5078125 0.99375 0.5125 0.9890625 0.5171875 0.9875 0.5203125 0.9890625
0 0.35625 0.875 0.3640625 0.875 0.3671875 0.884375 0.3671875 0.9109375 0.359375 0.9296875 0.353125 0.93125 0.346875 0.91875 0.346875 0.9 0.35625 0.8765625
0 0.3671875 0.93046875 0.021875 0.04453125
0 0.390625 0.6 0.396875 0.5984375 0.4109375 0.6 0.421875 0.6125 0.4234375 0.621875 0.421875 0.6328125 0.41875 0.6359375 0.415625 0.6375 0.4046875 0.6359375 0.3921875 0.6203125 0.390625 0.6015625
0 0.30625 0.9578125 0.3140625 0.965625 0.31875 0.98125 0.31875 0.99375 0.315625 0.9984375 0.3015625 0.9984375 0.2984375 0.99375 0.2984375 0.965625 0.3 0.9609375 0.3046875 0.9578125
0 0.3859375 0.946875 0.3921875 0.953125 0.38125 0.9546875 0.3796875 0.95 0.384375 0.9484375
0 0.5390625 0.928125 0.54375 0.94375 0.54375 0.959375 0.5390625 0.9875 0.5359375 0.9921875 0.5328125 0.9921875 0.528125 0.984375 0.525 0.95625 0.53125 0.9359375 0.534375 0.9296875 0.5375 0.928125
0 0.459375 0.8859375 0.465625 0.8890625 0.4640625 0.9078125 0.45 0.9234375 0.4421875 0.9265625 0.434375 0.9234375 0.4328125 0.9171875 0.434375 0.9078125 0.440625 0.896875 0.4484375 0.8890625 0.4578125 0.8859375
0 0.34375 0.9390625 0.346875 0.94375 0.346875 0.9484375 0.340625 0.9609375 0.334375 0.9671875 0.334375 0.9578125 0.3359375 0.95 0.3421875 0.940625
0 0.396875 0.821875 0.4109375 0.8265625 0.415625 0.8328125 0.4171875 0.84375 0.4109375 0.853125 0.396875 0.853125 0.3875 0.8484375 0.3796875 0.8390625 0.38125 0.8265625 0.3859375 0.8234375 0.3953125 0.821875
0 0.403125 0.9328125 0.4078125 0.9375 0.4109375 0.95625 0.3984375 0.95625 0.39375 0.953125 0.396875 0.9375 0.4015625 0.9328125
0 0.4375 0.828125 0.4453125 0.840625 0.45 0.8609375 0.45 0.88125 0.4484375 0.8859375 0.4453125 0.8875 0.4390625 0.8859375 0.4359375 0.88125 0.428125 0.859375 0.4265625 0.8359375 0.43125 0.825 0.4359375 0.828125
0 0.4765625 0.9609375 0.4828125 0.9640625 0.4859375 0.9734375 0.484375 0.9984375 0.4796875 0.9984375 0.46875 0.9703125 0.471875 0.9625 0.475 0.9625