0 0.415625 0.39375 0.02578125 0.059375
0 0.4671875 0.4109375 0.02578125 0.06953125
0 0.528125 0.409375 0.02578125 0.0640625
0 0.49375 0.3875 0.04296875 0.0390625
0 0.28828125 0.32734375 0.04375 0.04609375
0 0.315625 0.45859375 0.04609375 0.05546875
0 0.4421875 0.409375 0.02734375 0.06640625
0 0.2640625 0.30234375 0.0390625 0.040625
0 0.30234375 0.5078125 0.04375 0.0484375
0 0.36796875 0.4140625 0.0296875 0.0609375
0 0.3078125 0.396875 0.03828125 0.04140625
0 0.5296875 0.23984375 0.025 0.05390625
0 0.378125 0.35 0.02265625 0.0609375
0 0.39375 0.41875 0.02109375 0.084375
0 0.35546875 0.353125 0.0296875 0.059375
0 0.41640625 0.109375 0.0359375 0.0515625
0 0.4078125 0.296875 0.02109375 0.07890625
0 0.4640625 0.253125 0.02421875 0.06796875
0 0.4515625 0.334375 0.02578125 0.05859375
0 0.4109375 0.51953125 0.02421875 0.071875
0 0.33125 0.36875 0.0359375 0.059375
0 0.4375 0.50703125 0.02890625 0.071875
0 0.23125 0.103125 0.02421875 0.05390625
0 0.41015625 0.5765625 0.0421875 0.04140625
0 0.3359375 0.65546875 0.02890625 0.053125
0 0.171875 0.640625 0.0328125 0.065625
0 0.4875 0.7 0.04765625 0.046875
0 0.334375 0.74453125 0.02734375 0.071875
0 0.3421875 0.29453125 0.05234375 0.0609375
0 0.34375 0.43046875 0.02578125 0.06640625
0 0.3515625 0.0578125 0.0203125 0.0515625
0 0.5328125 0.17890625 0.02265625 0.06953125
0 0.46875 0.009375 0.02578125 0.01796875