0 0.2625 0.8421875 0.06171875 0.0484375
0 0.4859375 0.91640625 0.0578125 0.04140625
0 0.33515625 0.878125 0.046875 0.06640625
0 0.44140625 0.8578125 0.0421875 0.065625
0 0.52578125 0.9390625 0.040625 0.06953125
0 0.2859375 0.92265625 0.053125 0.040625
0 0.5296875 0.73203125 0.0421875 0.0640625
0 0.39296875 0.809375 0.0375 0.09453125
0 0.3609375 0.87578125 0.03828125 0.07109375
0 0.403125 0.928125 0.04140625 0.05859375
0 0.1828125 0.53984375 0.03984375 0.07109375
0 0.3109375 0.8953125 0.0515625 0.065625
0 0.4578125 0.934375 0.04375 0.059375
0 0.321875 0.48515625 0.0390625 0.07109375
0 0.53359375 0.653125 0.040625 0.0890625
0 0.4609375 0.39609375 0.04609375 0.05
0 0.3984375 0.56484375 0.05546875 0.065625
0 0.5296875 0.17109375 0.03671875 0.0640625
0 0.43125 0.934375 0.04140625 0.05
0 0.45546875 0.759375 0.0375 0.0765625
0 0.2625 0.09296875 0.034375 0.04453125
0 0.2953125 0.97890625 0.05546875 0.0390625
0 0.378125 0.9296875 0.03671875 0.0484375
0 0.35078125 0.93828125 0.0421875 0.040625
0 0.23359375 0.80703125 0.053125 0.04453125
0 0.31953125 0.809375 0.071875 0.0734375
0 0.3265625 0.96015625 0.03828125 0.05703125