0 0.35 0.8953125 0.03046875 0.10703125
0 0.265625 0.928125 0.0546875 0.05
0 0.2140625 0.928125 0.03828125 0.0796875
0 0.284375 0.83515625 0.06796875 0.0625
0 0.265625 0.72421875 0.05546875 0.0546875
0 0.1765625 0.80390625 0.0640625 0.04765625
0 0.496875 0.6109375 0.040625 0.08359375
0 0.50546875 0.82109375 0.06875 0.053125
0 0.484375 0.84609375 0.07734375 0.06171875
0 0.48046875 0.909375 0.034375 0.1015625
0 0.36484375 0.4875 0.034375 0.10859375
0 0.27265625 0.39765625 0.06796875 0.1
0 0.2296875 0.42109375 0.05234375 0.075
0 0.32109375 0.63359375 0.075 0.05234375
0 0.3203125 0.97578125 0.02734375 0.03515625
0 0.60859375 0.85625 0.06328125 0.078125