0 0.4078125 0.6671875 0.03125 0.0609375
0 0.27109375 0.5859375 0.0515625 0.0515625
0 0.46171875 0.68125 0.0328125 0.08046875
0 0.43125 0.790625 0.03515625 0.0734375
0 0.3046875 0.734375 0.0546875 0.059375
0 0.2921875 0.665625 0.04453125 0.03984375
0 0.5296875 0.48046875 0.03203125 0.059375
0 0.34296875 0.6171875 0.0375 0.06640625
0 0.35703125 0.6890625 0.0359375 0.06484375
0 0.5296875 0.67890625 0.03203125 0.0703125
0 0.32734375 0.93984375 0.0328125 0.05
0 0.31875 0.6359375 0.04296875 0.06796875
0 0.490625 0.65703125 0.04921875 0.03984375
0 0.3671875 0.61484375 0.0296875 0.06640625
0 0.384375 0.69296875 0.02734375 0.08984375
0 0.4375 0.68203125 0.03359375 0.0703125
0 0.3984375 0.55390625 0.02890625 0.0875
0 0.4046875 0.859375 0.0484375 0.03984375
0 0.3328125 0.70625 0.03046875 0.071875
0 0.465625 0.184375 0.03671875 0.04296875
0 0.40625 0.32421875 0.04609375 0.0578125
0 0.4453125 0.5953125 0.03125 0.0640625
0 0.328125 0.54921875 0.0609375 0.06953125
0 0.4046875 0.80234375 0.02890625 0.075
0 0.16328125 0.909375 0.0359375 0.0578125
0 0.459375 0.50078125 0.02890625 0.071875
0 0.3359375 0.26015625 0.028125 0.0609375
0 0.534375 0.40625 0.0296875 0.07734375
0 0.5265625 0.01484375 0.02578125 0.02734375
0 0.2453125 0.55390625 0.04453125 0.03984375
0 0.2046875 0.3140625 0.03046875 0.0625
0 0.2921875 0.7875 0.04921875 0.0484375
0 0.4890625 0.98046875 0.04140625 0.0375