0 0.309375 0.1625 0.3109375 0.178125 0.303125 0.190625 0.29375 0.1984375 0.284375 0.1984375 0.28125 0.19375 0.28125 0.1859375 0.2859375 0.178125 0.303125 0.1625 0.3078125 0.1625
0 0.5 0.0703125 0.5078125 0.0765625 0.5140625 0.090625 0.5140625 0.1 0.5109375 0.1046875 0.5015625 0.103125 0.4921875 0.0921875 0.490625 0.075 0.4984375 0.0703125
0 0.45625 0 0.471875 0 0.4734375 0.0015625 0.4734375 0.015625 0.4703125 0.0234375 0.45625 0.034375 0.45 0.0328125 0.4484375 0.028125 0.45 0.015625 0.45625 0.0015625
0 0.45625 0.0546875 0.471875 0.0625 0.475 0.06875 0.4734375 0.084375 0.45625 0.090625 0.4484375 0.090625 0.440625 0.0859375 0.4375 0.0765625 0.440625 0.0625 0.4484375 0.05625 0.4546875 0.0546875
0 0.23125 0 0.2625 0 0.2640625 0.003125 0.2640625 0.0078125 0.2609375 0.0125 0.2328125 0.0125 0.23125 0.0015625
0 0.41875 0.35 0.4203125 0.3515625 0.41875 0.365625 0.4046875 0.3890625 0.3984375 0.4078125 0.3875 0.415625 0.384375 0.415625 0.378125 0.409375 0.3765625 0.4046875 0.378125 0.3890625 0.384375 0.378125 0.3875 0.3671875 0.40625 0.3515625 0.4171875 0.35
0 0.2234375 0.1953125 0.228125 0.2 0.2296875 0.20625 0.2296875 0.2296875 0.225 0.246875 0.2203125 0.25 0.2171875 0.2484375 0.2140625 0.2375 0.215625 0.2125 0.21875 0.2 0.221875 0.196875
0 0.303125 0.13125 0.30625 0.1359375 0.303125 0.1609375 0.2921875 0.1734375 0.2859375 0.1734375 0.284375 0.1703125 0.284375 0.1546875 0.2921875 0.134375 0.296875 0.13125 0.3015625 0.13125
0 0.2671875 0.1625 0.271875 0.1625 0.2765625 0.18125 0.2796875 0.1859375 0.2796875 0.1984375 0.2765625 0.203125 0.271875 0.203125 0.265625 0.196875 0.2625 0.18125 0.2671875 0.1640625
0 0.30625 0.215625 0.02265625 0.06640625
0 0.290625 0.2953125 0.3078125 0.3 0.31875 0.3140625 0.3234375 0.325 0.3234375 0.3375 0.3171875 0.3453125 0.30625 0.3421875 0.296875 0.334375 0.2859375 0.3109375 0.2859375 0.296875 0.2890625 0.2953125
0 0.4203125 0.3640625 0.428125 0.359375 0.4359375 0.359375 0.4390625 0.3625 0.4375 0.384375 0.4296875 0.4 0.428125 0.409375 0.41875 0.4203125 0.4140625 0.41875 0.4109375 0.4125 0.409375 0.3984375 0.4125 0.3765625 0.4203125 0.365625
0 0.2109375 0.15 0.2203125 0.15 0.225 0.1546875 0.2328125 0.1734375 0.2296875 0.1921875 0.2265625 0.1953125 0.221875 0.19375 0.2109375 0.1640625 0.2109375 0.1515625
0 0.1828125 0.328125 0.1875 0.328125 0.196875 0.3515625 0.1953125 0.378125 0.190625 0.3984375 0.1828125 0.40625 0.178125 0.4046875 0.1765625 0.3890625 0.184375 0.3734375 0.1859375 0.365625 0.18125 0.346875 0.18125 0.33125 0.1828125 0.3296875
0 0.3140625 0.0640625 0.321875 0.0796875 0.321875 0.0859375 0.3171875 0.0953125 0.3109375 0.0953125 0.30625 0.0921875 0.296875 0.0734375 0.296875 0.0671875 0.3 0.0625 0.3125 0.0640625
0 0.5015625 0.4046875 0.496875 0.403125 0.490625 0.396875 0.4859375 0.3859375 0.4828125 0.371875 0.484375 0.3484375 0.4890625 0.3453125 0.503125 0.3671875 0.5078125 0.3828125 0.5078125 0.396875 0.503125 0.403125
0 0.4828125 0 0.496875 0 0.49375 0.0109375 0.4875 0.0109375 0.4828125 0.0015625
0 0.584375 0.1640625 0.590625 0.1703125 0.590625 0.1828125 0.5625 0.228125 0.5578125 0.2234375 0.5609375 0.209375 0.571875 0.1859375 0.5734375 0.178125 0.578125 0.16875 0.5828125 0.165625