0 0.24375 0.934375 0.2640625 0.94375 0.2703125 0.95 0.2734375 0.9640625 0.2703125 0.9734375 0.265625 0.975 0.2546875 0.9734375 0.234375 0.9484375 0.234375 0.9375 0.2375 0.934375 0.2421875 0.934375
0 0.228125 0.6171875 0.234375 0.621875 0.2390625 0.63125 0.2375 0.66875 0.234375 0.68125 0.23125 0.684375 0.2265625 0.68125 0.2203125 0.6671875 0.2203125 0.6421875 0.228125 0.61875
0 0.55625 0.05 0.5734375 0.0625 0.58125 0.08125 0.58125 0.0875 0.578125 0.0921875 0.5703125 0.0859375 0.5609375 0.0734375 0.55625 0.0734375 0.55 0.06875 0.5484375 0.05625 0.5546875 0.05
0 0.478125 0.921875 0.4859375 0.9328125 0.490625 0.953125 0.4921875 0.984375 0.4859375 0.9984375 0.48125 0.9984375 0.4765625 0.9859375 0.4765625 0.9546875 0.471875 0.93125 0.471875 0.925 0.4765625 0.921875
0 0.678125 0.725 0.02109375 0.053125
0 0.6765625 0.5125 0.6828125 0.525 0.684375 0.5640625 0.6859375 0.565625 0.684375 0.58125 0.678125 0.5953125 0.671875 0.5921875 0.6671875 0.5828125 0.665625 0.54375 0.6640625 0.5421875 0.6640625 0.5296875 0.6671875 0.5171875 0.6703125 0.5125 0.675 0.5125
0 0.16640625 0.79453125 0.03125 0.04140625
0 0.671875 0.7375 0.675 0.746875 0.6765625 0.7703125 0.66875 0.79375 0.6625 0.8015625 0.6578125 0.7984375 0.659375 0.7625 0.665625 0.740625 0.6703125 0.7375
0 0.171875 0.7421875 0.1765625 0.75 0.175 0.765625 0.1734375 0.7703125 0.1609375 0.78125 0.15625 0.78125 0.153125 0.778125 0.153125 0.7625 0.1625 0.7453125 0.165625 0.7421875 0.1703125 0.7421875
0 0.6734375 0.4328125 0.6796875 0.4421875 0.68125 0.465625 0.6859375 0.475 0.6859375 0.4859375 0.678125 0.49375 0.665625 0.4859375 0.6625 0.4765625 0.6640625 0.440625 0.671875 0.4328125
0 0.6484375 0.54296875 0.0328125 0.028125