0 0.221875 0.67734375 0.02890625 0.0765625
0 0.27265625 0.671875 0.0421875 0.046875
0 0.1875 0.56328125 0.05234375 0.040625
0 0.48359375 0.64921875 0.0234375 0.1015625
0 0.29375 0.578125 0.05546875 0.05703125
0 0.46796875 0.86953125 0.0421875 0.1109375
0 0.48828125 0.9046875 0.0515625 0.04609375
0 0.43515625 0.740625 0.0421875 0.08203125
0 0.1578125 0.86640625 0.01953125 0.09140625
0 0.4 0.75703125 0.02421875 0.103125
0 0.2046875 0.93984375 0.05546875 0.04609375
0 0.27734375 0.46953125 0.0421875 0.046875
0 0.4875 0.584375 0.0625 0.05546875
0 0.3828125 0.903125 0.0640625 0.06796875
0 0.359375 0.80859375 0.05703125 0.0390625
0 0.4328125 0.81328125 0.03046875 0.09296875
0 0.27734375 0.971875 0.0546875 0.04609375
0 0.3640625 0.73203125 0.02421875 0.1140625
0 0.4984375 0.36796875 0.02734375 0.071875
0 0.3234375 0.771875 0.04765625 0.04296875
0 0.3328125 0.38984375 0.05859375 0.040625
0 0.35625 0.63359375 0.01875 0.1
0 0.2515625 0.20703125 0.04296875 0.05859375
0 0.50859375 0.56171875 0.0546875 0.0515625
0 0.36875 0.84921875 0.0578125 0.04296875
0 0.6078125 0.603125 0.05234375 0.0640625
0 0.3765625 0.26171875 0.02109375 0.090625
0 0.5453125 0.86015625 0.03203125 0.084375
0 0.29140625 0.18828125 0.05859375 0.0921875
0 0.3359375 0.74296875 0.03828125 0.06875
0 0.23203125 0.7734375 0.04453125 0.0625
0 0.2203125 0.80859375 0.0421875 0.06796875
0 0.1796875 0.81953125 0.0265625 0.12734375
0 0.50625 0.984375 0.0203125 0.03046875