0 0.265625 0.9421875 0.05 0.046875
0 0.2140625 0.940625 0.03359375 0.0734375
0 0.2640625 0.7390625 0.05078125 0.0484375
0 0.50625 0.83515625 0.06171875 0.05
0 0.321875 0.65078125 0.06796875 0.04140625
0 0.1765625 0.81796875 0.06015625 0.04296875
0 0.284375 0.8484375 0.06171875 0.059375
0 0.60859375 0.87109375 0.0625 0.06484375
0 0.35 0.9109375 0.02578125 0.10703125
0 0.3640625 0.49765625 0.03125 0.096875
0 0.271875 0.4125 0.065625 0.10234375
0 0.2234375 0.43046875 0.0578125 0.07265625
0 0.4984375 0.6296875 0.0359375 0.0796875
0 0.48125 0.9296875 0.034375 0.10625
0 0.4859375 0.8578125 0.0703125 0.0578125