0 0.4890625 0.77109375 0.04609375 0.04140625
0 0.4609375 0.7984375 0.03046875 0.08046875
0 0.2671875 0.69921875 0.04765625 0.0515625
0 0.4296875 0.903125 0.03203125 0.0734375
0 0.528125 0.79375 0.028125 0.07109375
0 0.40546875 0.78359375 0.0265625 0.0609375
0 0.3296875 0.35390625 0.02578125 0.06640625
0 0.40234375 0.91796875 0.025 0.075
0 0.2890625 0.90078125 0.04765625 0.0515625
0 0.3015625 0.846875 0.05 0.0609375
0 0.2890625 0.7796875 0.03984375 0.04296875
0 0.365625 0.73046875 0.02421875 0.06640625
0 0.3140625 0.75234375 0.03828125 0.06796875
0 0.3390625 0.734375 0.0328125 0.065625
0 0.3546875 0.803125 0.03203125 0.065625
0 0.3953125 0.66328125 0.02421875 0.09296875
0 0.38125 0.80859375 0.0234375 0.09140625
0 0.434375 0.79765625 0.02890625 0.07109375
0 0.53125 0.58984375 0.02890625 0.0625
0 0.3296875 0.821875 0.02734375 0.06953125
0 0.534375 0.509375 0.02734375 0.0859375
0 0.4578125 0.6140625 0.025 0.075
0 0.2390625 0.66484375 0.0421875 0.04296875
0 0.4640625 0.271875 0.0328125 0.046875
0 0.528125 0.0734375 0.02265625 0.05859375
0 0.44296875 0.71015625 0.028125 0.065625
0 0.403125 0.42734375 0.0421875 0.0625
0 0.19375 0.409375 0.0265625 0.06796875
0 0.325 0.66328125 0.05859375 0.0765625
0 0.275 0.0125 0.0203125 0.025
0 0.3953125 0.6859375 0.021875 0.05