0 0.34765625 0.5140625 0.025 0.06953125
0 0.415625 0.72421875 0.0375 0.04609375
0 0.2390625 0.721875 0.03828125 0.04140625
0 0.37109375 0.91484375 0.0390625 0.0734375
0 0.1859375 0.565625 0.04140625 0.05
0 0.4671875 0.86328125 0.02109375 0.08203125
0 0.4125 0.5234375 0.02109375 0.0640625
0 0.2546875 0.871875 0.04765625 0.04609375
0 0.27109375 0.6234375 0.0421875 0.04140625
0 0.3015625 0.5203125 0.03828125 0.04609375
0 0.2609375 0.91015625 0.03359375 0.04296875
0 0.225 0.9375 0.02265625 0.0640625
0 0.378125 0.759375 0.03125 0.0765625
0 0.3515625 0.8578125 0.03515625 0.065625
0 0.309375 0.67421875 0.03515625 0.034375
0 0.4359375 0.6703125 0.03984375 0.0484375
0 0.4703125 0.584375 0.03984375 0.04609375
0 0.175 0.6375 0.03515625 0.0390625
0 0.35 0.90859375 0.02421875 0.053125
0 0.24375 0.78671875 0.02421875 0.07109375
0 0.284375 0.96328125 0.028125 0.05390625
0 0.265625 0.9609375 0.03203125 0.06640625
0 0.33359375 0.790625 0.0234375 0.065625
0 0.5046875 0.3609375 0.02734375 0.08203125
0 0.2078125 0.284375 0.02265625 0.040625
0 0.18046875 0.51640625 0.028125 0.04765625
0 0.2 0.5 0.02421875 0.0484375
0 0.30078125 0.590625 0.034375 0.03984375
0 0.28671875 0.553125 0.034375 0.04140625
0 0.21640625 0.7828125 0.025 0.0421875
0 0.2765625 0.7671875 0.025 0.08125
0 0.303125 0.76953125 0.028125 0.06328125
0 0.3203125 0.84140625 0.025 0.0765625
0 0.296875 0.85859375 0.03359375 0.05
0 0.3140625 0.93984375 0.040625 0.0515625
0 0.3953125 0.8390625 0.0296875 0.046875
0 0.415625 0.78125 0.03203125 0.07109375
0 0.36796875 0.828125 0.0265625 0.0703125