0 0.35625 0.2 0.3609375 0.2046875 0.3609375 0.2109375 0.35625 0.2203125 0.3390625 0.2359375 0.31875 0.2359375 0.3125 0.2265625 0.3140625 0.2125 0.325 0.2 0.3546875 0.2
0 0.396875 0 0.4140625 0 0.4140625 0.0078125 0.4078125 0.0234375 0.4 0.0234375 0.396875 0.0140625 0.396875 0.0015625
0 0.4203125 0.0046875 0.428125 0.0125 0.4296875 0.01875 0.4359375 0.025 0.440625 0.034375 0.4421875 0.0515625 0.4390625 0.0578125 0.4328125 0.0578125 0.428125 0.0546875 0.4125 0.03125 0.4109375 0.0140625 0.4125 0.009375 0.41875 0.0046875
0 0.3046875 0 0.321875 0 0.3234375 0.003125 0.3234375 0.0109375 0.31875 0.0140625 0.3140625 0.021875 0.3078125 0.0234375 0.303125 0.0125 0.3046875 0.0015625
0 0.38984375 0.14140625 0.0328125 0.0609375
0 0.384375 0.0796875 0.3890625 0.08125 0.3953125 0.0875 0.3953125 0.0984375 0.3921875 0.103125 0.3859375 0.10625 0.371875 0.10625 0.365625 0.1 0.365625 0.0890625 0.3734375 0.08125 0.3828125 0.0796875
0 0.396875 0.11875 0.4015625 0.11875 0.409375 0.125 0.415625 0.1421875 0.415625 0.1578125 0.4125 0.1609375 0.40625 0.159375 0.403125 0.153125 0.3953125 0.146875 0.3921875 0.13125 0.39375 0.1234375 0.396875 0.1203125
0 0.3234375 0.034375 0.02734375 0.053125
0 0.3265625 0.17890625 0.01796875 0.04140625
0 0.509375 0.1125 0.5171875 0.1203125 0.5265625 0.146875 0.5265625 0.1609375 0.5234375 0.1625 0.51875 0.1609375 0.5125 0.1546875 0.5 0.1359375 0.4984375 0.1296875 0.5 0.115625 0.503125 0.1125 0.5078125 0.1125
0 0.328125 0.0984375 0.3453125 0.1046875 0.353125 0.1140625 0.353125 0.128125 0.3515625 0.13125 0.3453125 0.134375 0.334375 0.1234375 0.33125 0.1234375 0.3265625 0.115625 0.31875 0.109375 0.3171875 0.1 0.3203125 0.096875 0.3265625 0.0984375
0 0.3875 0.0546875 0.3921875 0.0609375 0.3921875 0.0734375 0.3875 0.078125 0.378125 0.0796875 0.36875 0.078125 0.3671875 0.0625 0.3765625 0.053125 0.3859375 0.0546875
0 0.3515625 0.05625 0.365625 0.0640625 0.365625 0.078125 0.35625 0.0859375 0.3453125 0.0859375 0.3375 0.078125 0.3375 0.06875 0.346875 0.0578125 0.35 0.0578125
0 0.346875 0.015625 0.3484375 0.01875 0.346875 0.0328125 0.3421875 0.0453125 0.334375 0.053125 0.325 0.053125 0.325 0.040625 0.3375 0.01875 0.340625 0.015625 0.3453125 0.015625
0 0.290625 0.028125 0.01875 0.04296875
0 0.5015625 0.2609375 0.509375 0.2625 0.5125 0.265625 0.5140625 0.284375 0.5078125 0.29375 0.4984375 0.2953125 0.4921875 0.2953125 0.4859375 0.290625 0.484375 0.275 0.490625 0.2640625 0.5 0.2609375
0 0.3953125 0.1 0.4015625 0.0984375 0.4125 0.1015625 0.4203125 0.109375 0.421875 0.115625 0.4203125 0.1296875 0.415625 0.13125 0.4078125 0.121875 0.396875 0.1171875 0.39375 0.1109375 0.3953125 0.1015625