0 0.41875 0.55 0.028125 0.0640625
0 0.23125 0.72109375 0.02421875 0.0640625
0 0.375 0.68515625 0.0375 0.07890625
0 0.4703125 0.63359375 0.0203125 0.075
0 0.31953125 0.4578125 0.034375 0.034375
0 0.2015625 0.3640625 0.03828125 0.04453125
0 0.3734375 0.59921875 0.0234375 0.0734375
0 0.41875 0.321875 0.01953125 0.05703125
0 0.471875 0.3734375 0.03828125 0.04140625
0 0.3578125 0.3125 0.02421875 0.0609375
0 0.2828125 0.41171875 0.03984375 0.0375
0 0.50859375 0.8953125 0.0375 0.065625
0 0.3578125 0.62890625 0.034375 0.0640625
0 0.340625 0.565625 0.02265625 0.065625
0 0.5046875 0.178125 0.02265625 0.059375
0 0.38359375 0.534375 0.0296875 0.0765625
0 0.2671875 0.6875 0.03203125 0.04140625
0 0.37890625 0.971875 0.034375 0.0390625
0 0.2890625 0.74140625 0.0296875 0.05546875
0 0.3046875 0.6359375 0.034375 0.05546875
0 0.3265625 0.61328125 0.01875 0.084375
0 0.253125 0.5640625 0.021875 0.071875
0 0.3546875 0.68125 0.025 0.05390625
0 0.309375 0.54765625 0.02578125 0.05703125
0 0.39765625 0.6140625 0.0265625 0.046875
0 0.2625 0.64765625 0.04453125 0.04609375
0 0.359375 0.90859375 0.040625 0.078125
0 0.2953125 0.8578125 0.046875 0.059375
0 0.2296875 0.1171875 0.01875 0.03125
0 0.21875 0.309375 0.0234375 0.04765625
0 0.20078125 0.32109375 0.028125 0.0359375
0 0.18828125 0.42890625 0.03125 0.040625
0 0.3140625 0.31953125 0.03671875 0.04375
0 0.29921875 0.34609375 0.0359375 0.03828125
0 0.31328125 0.38203125 0.0359375 0.03515625
0 0.25078125 0.503125 0.0390625 0.04765625
0 0.22578125 0.559375 0.02890625 0.040625
0 0.2859375 0.54296875 0.025 0.07578125
0 0.44140625 0.453125 0.03828125 0.03984375
0 0.42109375 0.5 0.0390625 0.04375
0 0.403125 0.7484375 0.03984375 0.0765625
0 0.321875 0.7140625 0.0390625 0.04453125
0 0.27265625 0.7421875 0.03125 0.06953125
0 0.31015625 0.8 0.03671875 0.04609375
0 0.34609375 0.8015625 0.03671875 0.0375
0 0.3484375 0.83828125 0.0390625 0.034375
0 0.38125 0.8671875 0.034375 0.04296875
0 0.3796875 0.90859375 0.03203125 0.05234375
0 0.2921875 0.95625 0.034375 0.04296875
0 0.3015625 0.9921875 0.0421875 0.015625