0 0.3609375 0.2 0.3640625 0.2015625 0.3640625 0.2140625 0.3609375 0.2203125 0.340625 0.2359375 0.315625 0.2359375 0.309375 0.23125 0.309375 0.2125 0.3234375 0.2 0.359375 0.2
0 0.39375 0 0.4171875 0 0.4171875 0.0109375 0.4109375 0.0234375 0.3984375 0.0234375 0.396875 0.015625 0.39375 0.0140625 0.39375 0.0015625
0 0.40625 0.0140625 0.409375 0.0125 0.4125 0.00625 0.4203125 0.0046875 0.4265625 0.0125 0.4296875 0.0125 0.43125 0.01875 0.440625 0.025 0.4453125 0.034375 0.4453125 0.0546875 0.4390625 0.0578125 0.4328125 0.0578125 0.4109375 0.034375 0.409375 0.028125 0.40625 0.0265625 0.40625 0.015625
0 0.3 0 0.3265625 0 0.3265625 0.0125 0.3203125 0.01875 0.3109375 0.0234375 0.3 0.0203125 0.3 0.0015625
0 0.390625 0.1421875 0.3953125 0.15 0.403125 0.1515625 0.4078125 0.1578125 0.4078125 0.16875 0.4015625 0.16875 0.396875 0.171875 0.3875 0.16875 0.38125 0.1625 0.378125 0.153125 0.3734375 0.15 0.371875 0.1390625 0.36875 0.1375 0.36875 0.1265625 0.371875 0.125 0.3734375 0.115625 0.3828125 0.1140625 0.3859375 0.11875 0.3859375 0.134375 0.3890625 0.1421875
0 0.3875 0.0796875 0.3984375 0.0859375 0.3984375 0.1 0.396875 0.103125 0.3859375 0.10625 0.371875 0.10625 0.3625 0.1 0.3625 0.0890625 0.3734375 0.08125 0.3859375 0.0796875
0 0.3953125 0.11875 0.403125 0.11875 0.4046875 0.121875 0.409375 0.1234375 0.415625 0.1296875 0.41875 0.1390625 0.41875 0.1578125 0.4125 0.1609375 0.40625 0.159375 0.403125 0.153125 0.39375 0.1484375 0.3921875 0.140625 0.3890625 0.1390625 0.3890625 0.1328125 0.3921875 0.13125 0.3921875 0.125 0.3953125 0.1203125
0 0.3171875 0.0140625 0.328125 0.009375 0.3359375 0.009375 0.3390625 0.0125 0.3390625 0.025 0.3328125 0.03125 0.33125 0.0359375 0.3265625 0.0390625 0.325 0.05625 0.3203125 0.0609375 0.3109375 0.05625 0.309375 0.0453125 0.30625 0.04375 0.30625 0.025 0.3171875 0.015625
0 0.3171875 0.1625 0.328125 0.1609375 0.3359375 0.165625 0.3375 0.171875 0.3375 0.196875 0.325 0.1984375 0.321875 0.196875 0.3203125 0.1890625 0.3140625 0.1828125 0.3140625 0.165625 0.3171875 0.1640625
0 0.5 0.1125 0.509375 0.1125 0.5203125 0.121875 0.5234375 0.1328125 0.5265625 0.134375 0.5296875 0.14375 0.5296875 0.1609375 0.521875 0.1625 0.5125 0.15625 0.5 0.14375 0.496875 0.1328125 0.49375 0.13125 0.49375 0.1234375 0.496875 0.121875 0.496875 0.1171875 0.5 0.1140625
0 0.31875 0.096875 0.325 0.096875 0.3296875 0.1015625 0.3359375 0.1015625 0.3484375 0.10625 0.35625 0.1140625 0.35625 0.1328125 0.3453125 0.134375 0.3359375 0.125 0.33125 0.125 0.3265625 0.1171875 0.3140625 0.1078125 0.3140625 0.1015625 0.31875 0.0984375
0 0.3828125 0.053125 0.3921875 0.0546875 0.3953125 0.0578125 0.3953125 0.075 0.3921875 0.078125 0.378125 0.0796875 0.3703125 0.0796875 0.3625 0.075 0.3625 0.0625 0.371875 0.0546875 0.38125 0.053125
0 0.3515625 0.05625 0.3546875 0.059375 0.359375 0.059375 0.36875 0.0640625 0.36875 0.08125 0.35625 0.0859375 0.3453125 0.0859375 0.3328125 0.0796875 0.3328125 0.0703125 0.3453125 0.059375 0.3515625 0.0578125
0 0.34375 0.015625 0.35 0.015625 0.35 0.0390625 0.346875 0.046875 0.334375 0.053125 0.3234375 0.0515625 0.3234375 0.0421875 0.3265625 0.0359375 0.34375 0.0171875
0 0.290625 0.0078125 0.296875 0.0078125 0.3015625 0.0125 0.3015625 0.0375 0.2953125 0.0453125 0.2890625 0.0484375 0.28125 0.046875 0.28125 0.04375 0.278125 0.0421875 0.278125 0.025 0.28125 0.0234375 0.2828125 0.015625 0.290625 0.009375
0 0.5 0.2609375 0.503125 0.2609375 0.5046875 0.2640625 0.5140625 0.2640625 0.5171875 0.2671875 0.515625 0.2921875 0.4921875 0.2953125 0.4859375 0.29375 0.484375 0.2890625 0.48125 0.2875 0.48125 0.2765625 0.484375 0.275 0.4875 0.2671875 0.5 0.2625
0 0.3921875 0.1 0.3984375 0.0984375 0.4109375 0.1 0.425 0.109375 0.425 0.1296875 0.415625 0.13125 0.4171875 0.1296875 0.409375 0.121875 0.39375 0.1171875 0.3921875 0.1125 0.3890625 0.1109375 0.3890625 0.103125 0.3921875 0.1015625